StPostal,Fips,Category_001,Category_002,Category_003,Category_004,Category_005,Category_006,Category_010,Category_011,Category_012,Category_013,Category_014,Category_021,Category_022,Category_023,Category_024,Category_025,Category_026,Category_027,Category_028,Category_029,Category_030,Category_031,Category_032,Category_033,Category_034,Category_035,Category_036,Category_037,Category_038,Category_039,Category_041,Category_042,Category_043,Category_044,Category_045,Category_046,Category_047,Category_048,Category_049,Category_050,Category_052,Category_053,Category_054,Category_055,Category_056,Category_057,Category_058,Category_059,Category_060,Category_061,Category_066,Category_067,Category_068,Category_069,Category_070,Category_071,Category_072,Category_074,Category_075,Category_076,Category_077,Category_092,Category_111,Category_112,Category_121,Category_122,Category_123,Category_124,Category_131,Category_141,Category_142,Category_143,Category_152,Category_176,Category_190,Category_195,Category_204,Category_205,Category_206,Category_207,Category_208,Category_209,Category_211,Category_212,Category_213,Category_214,Category_216,Category_217,Category_218,Category_219,Category_220,Category_221,Category_222,Category_223,Category_224,Category_225,Category_226,Category_227,Category_229,Category_230,Category_231,Category_232,Category_233,Category_234,Category_235,Category_236,Category_237,Category_238,Category_239,Category_240,Category_241,Category_242,Category_243,Category_244,Category_245,Category_246,Category_247,Category_248,Category_249,Category_250,Category_254,Corn_all,Cotton_all,Sorghum_all,Soybeans_all,Barley_all,Wheat_Durum_all,Wheat_Winter_all,Oats_all,Canteloupe_all,Lettuce_all
AL,01001,1729,5717,0,3,1181,0,221,0,0,0,0,0,0,0,557,0,1066,0,0,4,0,0,0,0,0,0,0,16195,0,0,0,0,0,152,0,0,0,45,0,0,0,33,15,0,0,53,0,31,0,678,0,23,0,0,0,0,0,310,0,0,0,0,5715,0,15375,4562,1288,312,589,89722,82368,32364,54134,51498,20132,336,0,0,0,0,0,0,0,0,0,0,0,0,0,0,0,0,19,0,0,0,0,0,3,0,0,0,0,0,0,0,0,111,0,8,0,0,0,0,0,0,0,0,0,0,0,1729,5828,3,2255,0,0,1734,8,0,0
AL,01003,9615,10330,0,571,9004,0,21447,0,198,0,0,0,0,0,2534,0,10992,162,277,534,0,0,0,0,0,0,0,3824,0,0,0,0,0,307,0,1170,0,2,0,0,0,0,0,0,0,0,0,11839,0,16228,0,0,0,0,0,0,0,4016,0,0,0,3,36476,0,50575,18698,5481,1440,4213,2734,414301,9121,68725,90140,225544,18775,0,0,0,0,0,0,0,0,0,0,0,0,0,0,0,18,0,0,0,32,209,0,0,0,0,0,0,0,0,48,0,7486,0,1028,0,0,0,0,0,0,0,0,0,0,0,9856,17816,619,21024,0,0,21092,1514,0,0
AL,01005,1904,5661,0,121,474,0,3284,0,0,0,0,0,0,0,98,0,34,7,18,79,0,0,0,0,0,0,3,20684,0,0,0,0,0,6,0,0,0,1,0,0,0,68,0,0,0,36,0,150,0,19926,0,0,0,0,0,0,0,18,0,0,0,0,14141,0,20059,3733,1002,322,81,139960,192005,27704,80402,32788,13474,99,0,0,0,0,0,0,0,0,0,0,0,0,0,0,0,0,0,0,0,322,3,0,0,0,0,0,0,0,0,19,0,215,0,1,0,0,0,0,0,0,0,0,0,0,0,2229,5876,140,509,0,0,688,22,0,0
AL,01007,89,42,0,0,212,0,0,0,0,0,0,0,0,0,8,0,252,1,1,1,0,0,0,0,0,0,0,2808,0,0,0,0,0,0,0,0,0,0,0,0,0,0,0,0,0,0,0,21,0,181,0,3,0,0,0,0,0,0,0,0,0,3,2598,0,14671,1431,379,80,526,131627,143296,35057,28608,30525,8292,27,0,0,0,0,0,0,0,0,0,0,0,0,0,0,0,0,0,0,0,0,0,0,0,0,0,0,0,0,0,0,0,0,0,0,0,0,0,0,0,0,0,0,0,0,0,89,42,0,464,0,0,260,1,0,0
AL,01009,1833,1387,0,8,3366,0,222,0,0,0,0,0,0,0,22,0,700,0,0,0,0,0,0,0,0,0,2,9482,0,0,0,0,3,2,0,9,0,3,0,0,0,0,9,0,0,0,0,48,0,230,0,0,0,0,0,0,0,0,0,0,0,0,4232,0,19212,4303,1013,228,756,166547,37203,10116,20588,134172,674,2,0,0,0,0,0,0,0,0,0,0,0,0,0,0,0,0,2,0,0,0,0,0,2,0,0,0,0,0,0,3,0,0,0,0,0,0,0,0,0,0,0,0,0,0,0,1833,1387,11,4066,0,0,725,0,0,0
AL,01011,1060,1496,0,14,717,0,810,0,0,0,0,0,0,0,266,0,10,5,77,13,0,0,0,0,0,0,22,7009,0,0,0,0,0,389,0,0,0,0,0,0,0,1753,0,0,0,48,0,776,0,4020,0,0,0,0,0,0,0,84,0,0,0,1,4254,0,13419,1460,235,59,259,84637,118027,36494,55915,47827,19104,264,0,0,0,0,0,0,0,0,0,0,0,0,0,0,0,0,0,0,0,1,0,0,0,0,0,0,0,0,0,4,0,152,0,0,0,0,0,0,0,0,0,0,0,0,0,1061,1648,18,727,0,0,433,77,0,0
AL,01013,1263,1173,0,4,425,0,867,0,0,0,0,0,0,0,101,0,284,8,4,28,0,0,0,0,0,0,0,9105,0,0,0,0,0,2,0,61,0,0,0,0,0,1,0,0,0,0,0,11,0,2902,0,0,0,0,0,0,0,45,0,0,0,0,1768,0,20065,2166,566,156,101,151471,200136,13342,37361,39766,14646,29,0,0,0,0,0,0,0,0,0,0,0,0,0,0,0,0,0,0,0,0,0,0,0,0,0,0,0,0,0,15,0,6,0,0,1,0,0,0,0,0,0,0,0,0,0,1264,1179,19,710,0,0,406,4,0,0
AL,01015,1873,2196,0,9,1871,0,0,0,1,0,0,0,0,0,20,0,2216,0,0,0,0,0,0,0,0,0,0,4730,0,0,0,0,0,5,0,0,0,0,0,0,0,0,0,0,0,0,0,10,0,183,0,0,0,0,0,0,0,0,0,0,0,0,3645,0,37427,13468,3746,1226,617,161643,69999,9107,6674,70867,354,0,0,0,0,0,0,0,0,0,0,0,0,0,0,0,0,0,2,0,0,0,0,0,0,0,0,0,0,0,0,0,0,0,0,0,0,0,0,0,0,0,0,0,0,0,0,1873,2196,9,4087,0,0,2236,0,0,0
AL,01017,210,381,0,0,26,0,4,0,0,0,0,0,0,0,189,0,10,1,2,1,0,0,0,0,0,0,0,3790,0,0,0,7,0,1,0,0,0,0,0,0,0,0,0,0,0,0,0,13,0,155,0,0,0,0,0,0,0,0,0,0,0,1,5095,0,16838,4820,677,243,167,127907,126482,139,18166,77381,3244,3,0,0,0,0,0,0,0,0,0,0,0,0,0,0,0,0,0,0,0,0,11,0,0,0,0,0,0,0,0,0,0,1,0,0,0,0,0,0,0,0,0,0,0,0,0,221,382,0,36,0,0,200,13,0,0
AL,01019,3699,15049,0,0,7670,0,2,0,1,0,0,0,0,0,11,0,9034,0,0,0,0,0,0,0,0,0,0,3562,0,0,0,0,1,40,0,0,0,1,0,0,0,4,0,0,0,0,0,100,0,1255,0,0,0,0,0,0,0,0,0,0,0,0,29529,0,15135,3776,683,188,226,108354,70357,27691,15561,69139,2832,9,0,0,0,0,0,0,0,0,0,0,0,0,0,0,0,0,1,0,0,0,0,0,0,0,0,0,0,0,0,0,0,33,87,0,0,0,0,0,0,0,0,0,0,0,0,3699,15169,0,16791,0,0,9078,0,0,0
AL,01021,691,746,0,1,625,0,16,0,1,0,0,0,0,0,32,0,261,0,0,1,0,0,0,0,0,0,0,4204,0,0,0,0,0,4,0,0,0,4,0,0,0,8,2,0,0,0,0,87,0,211,0,501,0,0,0,0,0,3,0,0,0,0,5600,0,19252,4344,1116,304,711,162460,108455,17888,43287,76587,1055,9,0,0,0,0,0,14,0,0,0,0,0,0,0,0,0,0,0,0,0,0,0,0,14,0,0,0,0,0,0,0,0,1,0,0,0,0,0,0,0,0,0,0,0,0,0,691,747,1,886,0,0,294,0,14,0
AL,01023,188,239,0,1,101,0,2,0,0,0,0,0,0,0,3,0,12,0,0,2,0,0,0,0,0,0,0,274,0,0,0,0,0,0,0,0,0,1,0,0,0,0,0,0,0,0,0,0,0,693,0,0,0,0,0,0,0,0,0,0,0,9,5551,0,17582,1001,332,88,46,110070,183351,94435,68274,40373,66601,119,0,0,0,0,0,0,0,0,0,0,0,0,0,0,0,0,0,0,0,0,0,0,0,0,0,0,0,0,0,0,0,0,0,0,0,0,0,0,0,0,0,0,0,0,0,188,239,1,113,0,0,15,0,0,0
AL,01025,99,424,0,1,44,0,38,0,0,0,0,0,0,0,2,0,20,1,0,40,0,0,0,0,0,0,0,1550,0,0,0,0,0,2,0,0,0,4,0,0,0,0,0,0,0,0,0,2,0,398,0,0,0,0,0,0,0,13,0,0,0,1,9524,0,21348,1790,782,302,239,93428,312789,118661,55471,55001,128842,411,0,0,0,0,0,0,0,0,0,0,0,0,0,0,0,0,0,0,0,0,0,0,0,0,0,0,0,0,0,0,0,363,0,0,0,0,0,0,0,0,0,0,0,0,0,99,787,1,64,0,0,385,0,0,0
AL,01027,123,13,0,0,336,0,0,0,3,0,0,0,0,0,2,0,22,0,0,0,0,0,0,0,0,0,0,3534,0,0,0,0,0,0,0,0,0,0,0,0,0,0,0,0,0,0,0,3,0,27,0,0,0,0,0,0,0,1,0,0,0,0,1142,0,12952,479,157,31,183,203244,110092,305,4846,50258,92,1,0,0,0,0,0,0,0,0,0,0,0,0,0,0,0,0,0,0,0,0,0,0,0,0,0,0,0,0,0,0,0,0,0,0,0,0,0,0,0,0,0,0,0,0,0,123,13,0,358,0,0,24,0,0,0
AL,01029,444,44,0,0,209,0,0,0,0,0,0,0,0,0,11,0,6,1,0,0,0,0,0,0,0,0,0,1490,0,0,0,0,1,0,0,0,0,0,0,0,0,0,0,0,0,0,0,3,0,73,0,1,0,0,0,0,0,4,0,0,0,0,1228,0,12807,1997,437,56,163,169221,104953,1774,9427,54473,211,4,0,0,0,0,0,0,0,0,0,0,0,0,0,0,0,0,0,0,0,2,0,0,0,0,0,0,0,0,0,0,0,0,0,4,0,0,0,0,0,0,0,0,0,0,0,446,44,0,219,0,0,19,4,0,0
AL,01031,5692,16053,0,260,1326,0,11366,0,0,0,0,0,0,0,497,0,1073,25,355,1002,0,0,0,0,0,0,0,20074,0,0,0,0,0,2,0,0,0,0,0,0,0,2,0,0,0,14,0,286,0,22180,0,0,0,0,0,0,0,63,0,0,0,0,3215,0,21041,3967,1090,421,71,49053,134122,44693,46948,34145,14696,80,0,0,0,0,0,0,0,0,0,0,0,0,0,0,0,0,0,0,0,2,1,0,0,0,0,0,0,0,0,381,0,1247,0,66,0,0,0,0,0,0,0,0,0,0,0,5695,17300,641,2465,0,0,3200,422,0,0
AL,01033,21118,2056,0,4,3909,0,2,0,0,0,0,0,0,0,45,0,21249,0,0,0,0,0,0,0,0,0,0,5017,0,0,0,0,0,0,0,0,0,0,0,0,0,0,0,0,0,0,0,15,0,213,0,0,0,0,0,0,0,0,0,0,0,0,19811,0,19459,9010,2788,978,467,164137,19282,5534,35393,63029,5531,66,0,0,0,0,0,0,0,0,0,0,0,0,0,0,0,0,0,0,0,0,0,0,0,0,0,0,0,0,0,1,0,0,0,0,0,0,0,0,0,0,0,0,0,0,0,21118,2056,5,25158,0,0,21295,0,0,0
AL,01035,1239,6318,0,16,473,0,1116,0,0,0,0,0,0,0,382,0,74,36,11,27,0,0,0,0,0,0,0,8608,0,0,0,0,0,2,0,5,0,1,0,0,0,0,0,0,0,1,0,28,0,3252,0,0,0,0,0,0,0,40,0,0,0,0,1677,0,15186,1474,287,71,227,101980,242082,39712,42866,58297,20148,103,0,0,0,0,0,1,0,0,0,0,0,0,0,0,0,0,0,0,0,0,12,0,0,0,0,0,0,0,0,29,0,101,8,0,0,0,0,0,0,0,0,0,0,0,0,1251,6427,45,555,0,0,586,23,1,0
AL,01037,55,131,0,0,175,0,1,0,0,0,0,0,0,0,0,0,3,0,0,0,0,0,0,0,0,0,0,579,0,0,0,0,0,0,0,0,0,0,0,0,0,0,0,0,0,0,0,1,0,85,0,1,0,0,0,0,0,2,0,0,0,0,9720,0,17611,825,104,8,182,197609,146759,1244,8908,42282,191,3,0,0,0,0,0,0,0,0,0,0,0,0,0,0,0,0,0,0,0,0,0,0,0,0,0,0,0,0,0,0,0,0,0,0,0,0,0,0,0,0,0,0,0,0,0,55,131,0,178,0,0,3,0,0,0
AL,01039,3236,16162,0,108,1059,0,6370,0,0,0,0,0,0,0,494,0,673,16,26,205,0,0,0,0,0,0,0,16723,0,0,0,0,0,11,0,10,0,3,0,0,0,0,2,0,0,1,0,680,0,15533,0,0,0,0,0,0,0,462,0,0,0,1,7421,0,31613,4411,947,356,196,66860,298776,52461,54298,65777,22585,149,0,0,0,0,0,0,0,0,0,0,0,0,0,0,0,0,0,0,0,0,2,0,0,0,0,0,0,0,0,3,0,427,0,2,16,0,0,0,0,0,0,0,0,0,0,3254,16589,111,1750,0,0,1597,30,0,0
AL,01041,2150,823,0,8,553,0,1559,0,0,0,0,0,0,0,389,0,170,4,8,59,0,0,0,0,0,0,0,15986,0,0,0,0,0,4,0,0,0,6,0,0,0,0,0,0,0,24,0,7,0,4089,0,0,0,0,0,0,0,64,0,0,0,0,1849,0,15696,1416,213,54,71,122689,122391,12369,32417,34830,20919,43,0,0,0,0,0,0,0,0,0,0,0,0,0,0,0,0,0,0,0,0,0,0,0,0,0,0,0,0,0,2,0,97,0,1,0,0,0,0,0,0,0,0,0,0,0,2150,920,10,724,0,0,658,9,0,0
AL,01043,3258,477,0,37,7170,0,8,0,0,0,0,0,0,0,181,0,2111,55,2,7,0,0,0,0,0,0,0,8211,0,0,0,0,3,2,0,335,0,23,0,0,0,0,1,0,0,0,0,70,0,80,0,1,0,0,0,0,0,2,0,0,0,0,10449,0,25085,10012,2883,1029,626,152841,32569,11936,28301,184581,682,15,0,0,0,0,0,0,0,0,0,0,0,0,0,10,0,0,1,0,0,0,0,0,1,0,0,0,0,0,0,16,0,2,0,0,0,0,0,0,0,0,0,0,0,0,0,3258,479,53,9281,0,0,2310,2,0,0
AL,01045,1375,13912,0,104,137,0,9599,0,0,0,0,0,0,0,349,0,19,36,119,170,0,0,0,0,0,0,0,14072,0,0,0,0,0,0,0,0,0,2,0,0,0,1,0,0,0,14,0,153,0,16893,0,0,0,0,0,0,0,106,0,0,0,0,2304,0,18105,5343,2049,849,45,67086,107131,13766,49716,19543,15678,33,0,0,0,0,0,0,0,0,0,0,0,0,0,0,0,0,0,0,0,4,185,0,0,0,0,0,0,0,0,265,0,986,0,1,0,1,0,0,0,0,0,0,0,0,0,1564,14898,369,157,0,0,1623,305,0,0
AL,01047,3978,9876,0,2,7905,0,878,0,0,0,0,0,0,0,562,0,2500,2,1,3,0,0,0,0,0,0,0,13262,0,0,0,0,0,12,0,0,0,51,0,0,0,1,3,0,0,89,0,10,0,642,0,0,0,0,0,0,0,489,0,0,0,15,15445,0,30156,4768,1565,626,327,116997,138040,22345,57024,94820,109084,3827,0,0,0,0,0,2,0,0,0,0,0,0,0,0,0,0,8,0,0,0,0,0,34,0,0,0,0,0,0,45,0,604,0,0,0,0,0,0,0,0,0,0,0,0,0,3978,10480,47,10405,0,0,3711,1,2,0
AL,01049,11908,144,0,0,10012,0,1,0,1,0,0,0,0,0,16,0,4374,0,0,0,0,1,0,0,0,0,0,12419,0,0,0,0,298,22,0,0,0,42,0,0,0,5,0,0,0,0,30,10,0,196,0,4,5,0,0,0,0,0,0,0,0,0,1818,0,24313,8428,2316,755,257,168867,24932,38060,15092,173562,365,2,0,0,0,0,0,0,0,0,0,0,0,0,0,0,0,0,4,0,0,0,0,0,18,0,0,0,0,0,0,0,0,0,0,0,0,0,0,0,0,0,0,0,0,0,94,11908,144,0,14480,94,0,4390,0,0,0
AL,01051,2926,8439,0,5,3375,0,205,0,0,0,0,0,0,0,302,0,491,0,9,8,0,0,0,0,0,0,0,8481,0,0,0,0,0,3,0,0,0,3,0,0,0,1,1,0,0,1,0,76,0,8216,0,2,0,0,0,0,0,12,0,0,0,0,24229,0,21009,4886,1460,270,869,137920,73680,21471,29523,58347,14235,106,0,0,0,0,0,0,0,0,0,0,0,0,0,0,0,0,1,0,0,0,0,0,0,0,0,0,0,0,0,0,0,5,1,0,0,0,0,0,0,0,0,0,0,0,0,2926,8445,5,3867,0,0,798,9,0,0
AL,01053,6457,22476,0,10,2142,0,11089,0,0,0,0,0,0,0,53,0,1530,19,3,561,0,0,0,0,0,0,0,6614,0,0,0,0,0,11,0,2,0,2,0,0,0,0,1,0,0,0,0,470,0,11135,0,0,0,0,0,0,0,120,0,0,0,0,3433,0,17612,5174,1087,331,1247,15286,313992,26600,57265,51297,48188,515,0,0,0,0,0,0,0,0,0,0,0,0,0,0,0,0,0,0,0,0,0,0,0,0,0,0,0,0,0,80,0,5181,0,0,0,0,0,0,0,0,0,0,0,0,0,6457,27657,90,3672,0,0,6844,3,0,0
AL,01055,2326,3487,0,0,3220,0,1,0,0,0,0,0,0,0,11,0,1114,0,0,0,0,0,0,0,0,0,0,4777,0,0,0,0,4,0,0,0,0,1,0,0,0,0,0,0,0,0,1,8,0,1744,0,0,0,0,0,0,0,0,0,0,0,0,8835,0,27883,15484,3372,1819,291,132424,30072,16717,11733,84414,1461,3,0,0,0,0,0,0,0,0,0,0,0,0,0,0,0,0,4,0,0,0,0,0,0,0,0,0,0,0,0,0,0,0,0,30,0,0,0,0,0,0,0,0,0,0,0,2326,3487,0,4364,0,0,1125,30,0,0
AL,01057,1480,1237,0,59,2436,0,127,0,0,0,0,0,0,0,3,0,36,0,0,0,0,0,0,0,0,0,0,6982,0,0,0,0,0,1,0,0,0,0,0,0,0,0,0,0,0,0,0,8,0,2339,0,0,0,0,0,0,0,4,0,0,0,1,1175,0,15158,1126,394,134,235,182516,85037,31782,40404,21301,8769,13,0,0,0,0,0,0,0,0,0,0,0,0,0,0,0,0,0,0,0,0,0,0,0,0,0,0,0,0,0,14,0,0,0,0,0,0,0,0,0,0,0,0,0,0,0,1480,1237,73,2472,0,0,53,0,0,0
AL,01059,1846,445,0,14,3353,0,4,0,0,0,0,0,0,0,449,0,2105,0,0,0,0,0,0,0,0,0,0,3371,0,0,0,0,0,3,0,0,0,0,0,0,0,0,0,0,0,0,0,8,0,97,0,0,0,0,0,0,0,0,0,0,0,0,7985,0,15085,4890,1320,296,362,183763,40334,8781,57064,80226,1916,49,0,0,0,0,0,0,0,0,0,0,0,0,0,0,0,0,0,0,0,0,0,0,0,0,0,0,0,0,0,1,0,0,0,0,0,0,0,0,0,0,0,0,0,0,0,1846,445,15,5458,0,0,2555,0,0,0
AL,01061,8186,24983,0,727,1670,0,22483,0,0,0,0,0,0,0,656,0,541,8,30,147,0,0,0,0,0,0,0,16126,0,0,0,0,0,2,0,0,0,0,0,0,0,4,0,0,0,1159,0,417,0,33546,0,0,0,0,0,0,0,38,0,0,0,0,3822,0,17780,1976,373,119,62,8767,104762,8877,48911,35753,26501,219,0,0,0,0,0,0,0,0,0,0,0,0,0,0,0,0,0,0,0,15,10,0,0,0,0,0,0,0,0,95,0,1668,0,62,0,0,0,0,0,0,0,0,0,0,0,8211,26651,822,2273,0,0,2975,102,0,0
AL,01063,923,55,0,2,913,0,1,0,0,0,0,0,0,0,228,0,598,0,0,0,0,0,0,0,0,0,0,1730,0,0,0,0,0,0,0,0,0,0,0,0,0,0,0,0,0,0,0,0,0,24248,0,0,0,0,0,0,0,0,0,0,0,617,14877,0,16104,1227,160,45,28,80721,61124,30652,31484,53942,102267,423,0,0,0,0,0,0,0,0,0,0,0,0,0,0,0,0,0,0,0,0,0,0,0,0,0,0,0,0,0,0,0,0,0,0,0,0,0,0,0,0,0,0,0,0,0,923,55,2,1511,0,0,826,0,0,0
AL,01065,893,228,0,12,3123,0,1,0,0,0,0,0,0,0,101,0,1080,0,0,0,0,0,0,0,0,0,0,8463,0,0,0,0,0,0,0,0,0,0,0,0,0,0,0,0,0,0,0,2,0,986,0,0,0,0,0,0,0,0,0,0,0,2066,15948,0,14126,1218,186,34,13,95720,56470,32510,28866,88024,69737,338,0,0,0,0,0,0,0,0,0,0,0,0,0,0,0,0,0,0,0,0,0,0,0,0,0,0,0,0,0,1,0,0,0,0,0,0,0,0,0,0,0,0,0,0,0,893,228,13,4203,0,0,1182,0,0,0
AL,01067,2452,24530,0,598,567,0,16724,0,0,0,0,0,0,0,476,0,406,135,113,289,0,0,0,0,0,0,0,20397,0,0,0,0,0,11,0,0,0,21,0,2,0,4,0,0,0,38,0,489,0,12907,0,0,0,0,0,0,0,55,0,0,0,0,5099,0,12901,2929,480,113,67,60303,96249,20411,52485,24125,6930,22,0,0,0,0,0,0,0,0,0,0,0,0,0,0,0,0,0,0,0,8,41,0,0,0,0,0,0,0,0,455,0,904,0,0,0,1,0,0,0,0,0,0,0,0,0,2501,25434,1053,973,0,0,2249,154,0,0
AL,01069,2129,31842,0,743,1044,0,37579,0,0,0,0,0,0,0,352,0,115,43,237,427,0,0,0,0,0,0,3,24624,0,0,0,0,0,0,0,0,0,26,0,13,0,0,0,0,0,89,0,50,0,23216,0,0,0,0,0,0,0,204,0,0,0,0,2035,0,23401,9448,3361,1642,84,17796,82885,2183,41450,37992,25483,67,0,0,0,0,0,0,0,0,0,0,0,0,0,0,0,0,0,0,0,60,81,0,0,0,0,0,0,0,0,268,0,1231,0,22,0,5,0,0,0,0,0,0,0,0,0,2270,33073,1011,1181,0,0,2026,340,0,0
AL,01071,26460,1431,0,7,18919,0,0,0,14,0,0,0,0,0,276,0,7606,0,0,0,0,0,0,0,0,0,3,10106,0,0,0,0,29,30,0,0,0,10,0,0,0,0,0,0,0,0,0,2,0,100,0,7,49,0,0,0,0,0,0,0,0,0,31661,0,19623,7343,1951,801,183,385817,20991,24995,28563,123248,10518,11,0,0,0,0,0,0,0,0,0,0,0,0,0,0,0,0,43,0,0,291,0,0,0,0,0,0,0,0,0,6,0,0,0,0,0,0,0,0,0,0,0,0,0,0,0,26751,1431,13,26525,0,0,8179,0,0,0
AL,01073,140,14,0,3,93,0,10,0,0,0,0,0,0,0,4,0,19,0,0,0,0,0,0,0,0,0,0,697,0,0,0,0,2,0,0,1,0,1,0,0,0,0,2,0,0,0,0,32,0,62,0,4,0,0,0,0,0,3,0,0,0,1,8683,0,101190,67819,21660,9584,3877,260075,130815,14311,30062,68865,1208,14,0,0,0,0,0,0,0,0,0,0,0,0,0,0,0,0,0,0,0,0,0,0,1,0,0,0,0,0,0,0,0,1,0,0,0,0,0,0,0,0,0,0,0,0,0,140,15,3,112,0,0,24,0,0,0
AL,01075,1601,681,0,111,891,0,43,0,0,0,0,0,0,0,68,0,345,0,0,4,0,0,0,0,0,0,0,4324,0,0,0,0,0,18,0,0,0,0,0,0,0,0,0,0,0,0,4,0,0,1442,0,0,0,0,0,0,0,0,0,0,0,0,1109,0,15615,1163,269,69,76,167610,52910,31975,49876,24405,32845,43,0,0,0,0,0,0,0,0,0,0,0,0,0,0,0,0,0,0,0,0,0,0,0,0,0,0,0,0,0,0,0,0,0,0,0,0,0,0,0,0,0,0,0,0,0,1601,681,111,1236,0,0,413,0,0,0
AL,01077,19511,11055,0,1,6099,42,35,0,0,0,0,0,0,0,236,0,20006,2,0,13,0,0,0,0,0,0,0,20024,0,0,0,0,0,0,0,0,0,0,0,0,0,0,0,0,0,0,0,95,0,661,0,0,0,0,0,0,0,0,0,0,0,0,31550,0,28638,8571,2103,689,67,149382,12199,4453,26299,113880,4098,169,0,0,0,0,0,0,0,0,0,0,0,0,0,0,0,0,0,0,0,0,0,0,0,0,0,0,0,0,0,55,0,0,0,0,0,0,0,0,0,0,0,0,0,0,0,19511,11055,56,26105,0,0,20297,0,0,0
AL,01079,27523,7214,0,26,12538,2,344,0,0,0,0,0,0,0,335,0,24856,1,0,0,0,6,0,0,0,0,0,7849,0,0,0,0,0,2,0,0,0,0,0,0,0,0,0,0,0,0,0,16,0,49,0,3,0,0,0,0,0,0,0,0,0,0,16610,0,16997,3498,1175,216,111,145637,31449,15276,21793,109641,16375,13,0,0,0,0,0,0,0,0,0,0,0,0,0,0,0,0,0,0,0,1,0,0,0,0,0,0,0,0,0,23,0,0,0,0,0,0,0,0,0,0,0,0,0,0,0,27524,7214,49,37394,0,0,25215,0,0,0
AL,01081,318,742,0,2,166,0,479,0,0,0,0,0,0,0,5,0,4,0,2,6,0,0,0,0,0,0,0,2844,0,0,0,1,0,29,0,0,0,13,0,0,0,3,0,0,0,496,0,409,0,1158,0,0,0,0,0,0,0,3,0,0,0,0,6902,0,26226,14782,3639,1295,398,136853,99129,4330,23642,68802,1515,14,0,0,0,0,0,0,0,0,0,0,0,0,0,0,0,0,0,0,0,2,0,0,0,0,0,0,0,0,0,0,0,8,0,0,0,0,0,0,0,0,0,0,0,0,0,320,750,2,170,0,0,19,2,0,0
AL,01083,23496,9950,0,19,24748,0,0,0,0,0,0,0,0,0,149,0,44499,355,0,0,0,13,0,0,0,0,0,9822,0,0,0,0,2,100,0,8,0,1,0,0,0,0,1,0,0,0,0,22,0,42,0,0,0,0,0,0,0,0,0,0,0,0,25442,0,18857,7149,1804,304,213,87787,7784,4790,8256,101874,11103,11,0,0,0,0,0,0,0,0,0,0,0,0,0,0,0,0,2,0,0,5,0,0,0,0,0,0,0,0,0,11,0,0,0,0,0,0,0,0,0,0,0,0,0,0,0,23501,9950,30,69247,0,0,44664,0,0,0
AL,01085,2518,1230,0,22,2505,0,145,0,0,0,0,0,0,0,322,0,1120,3,1,8,0,0,0,0,0,0,0,13523,0,0,0,0,0,1,0,0,0,0,0,0,0,1,2,0,0,3,0,375,0,3643,0,0,0,0,0,0,0,420,0,0,0,0,6565,0,18690,1708,283,71,165,109099,91498,6173,55290,88308,58483,1811,0,0,0,0,0,0,0,0,0,0,0,0,0,0,0,0,3,0,0,0,0,0,1,0,0,0,0,0,0,1,0,11,0,1,0,0,0,0,0,0,0,0,0,0,0,2518,1241,23,3626,0,0,1454,2,0,0
AL,01087,1377,5121,0,5,446,0,389,0,0,0,0,0,0,0,365,0,19,0,34,38,0,0,0,0,0,0,0,6411,0,0,0,0,0,35,0,0,0,2,0,0,0,753,0,0,0,25,0,2035,0,9583,0,0,0,0,0,0,0,96,0,0,0,0,3850,0,17343,3051,491,101,694,72522,91554,53799,41911,41780,38558,122,0,0,0,0,0,0,0,0,0,0,0,0,0,0,0,0,0,0,0,0,0,0,0,0,0,0,0,0,0,1,0,11,0,0,0,0,0,0,0,0,0,0,0,0,0,1377,5132,6,465,0,0,396,34,0,0
AL,01089,33704,14929,0,8,16439,0,4,0,0,12,0,0,0,0,194,0,29936,15,0,5,0,0,0,0,0,0,0,6111,0,0,0,0,18,2,0,86,0,1,0,0,0,0,0,0,0,0,0,22,0,113,0,0,0,0,0,0,0,0,0,0,0,0,5993,0,47205,39440,9771,3763,562,141379,11885,5331,16501,120117,16501,15,0,0,0,0,0,0,0,0,0,0,0,0,0,0,0,0,10,0,0,27,0,0,0,0,0,0,0,0,0,8,0,0,0,0,0,0,0,0,0,0,0,0,0,0,0,33731,14929,16,46375,0,0,30165,0,0,0
AL,01091,1405,1658,0,19,2583,0,5,0,0,0,0,0,0,0,80,0,983,2,0,33,0,0,0,0,0,0,0,3871,0,0,0,0,0,0,0,0,0,0,0,0,0,0,0,0,0,0,0,0,0,3479,0,0,0,0,0,0,0,3,0,0,0,157,7493,0,21946,2518,956,243,125,110034,148141,56655,55959,106726,103661,275,0,0,0,0,0,0,0,0,0,0,0,0,0,0,0,0,0,0,0,0,0,0,0,0,0,0,0,0,0,11,0,7,0,0,0,0,0,0,0,0,0,0,0,0,0,1405,1665,30,3566,0,0,1081,0,0,0
AL,01093,1569,625,0,113,3250,0,8,0,0,0,0,0,0,0,21,0,366,0,0,0,0,0,0,0,0,0,0,6719,0,0,0,0,0,25,0,3,0,0,0,0,0,0,0,0,0,0,31,1,0,481,0,0,0,0,0,0,0,2,0,0,0,0,2250,0,25410,5441,1899,557,330,203912,87145,18476,63899,51816,1480,25,0,0,0,0,0,0,0,0,0,0,0,0,0,0,0,0,0,0,0,0,0,0,0,0,0,0,0,0,0,15,0,0,0,0,13,0,0,0,0,0,0,0,0,0,0,1582,625,128,3629,0,0,402,0,0,0
AL,01095,4754,286,0,0,6042,0,0,0,1,0,0,0,0,0,22,0,2024,0,0,0,0,0,0,0,0,0,0,11568,0,0,0,0,2,1,0,6,0,1,0,0,0,0,0,0,0,0,1,1,0,681,0,0,0,0,0,0,0,0,0,0,0,0,35588,0,20161,11703,3162,1225,206,135041,14030,15760,11855,122967,1738,2,0,0,0,0,0,0,0,0,0,0,0,0,0,0,0,0,3,0,0,0,0,0,0,0,0,0,0,0,0,19,0,0,0,0,0,0,0,0,0,0,0,0,0,0,0,4754,286,19,8066,0,0,2065,0,0,0
AL,01097,2734,5952,0,47,682,0,6295,0,2,0,0,0,0,0,123,0,2524,0,0,91,0,1,0,0,0,0,0,4398,0,0,0,0,0,5,0,0,0,151,0,0,0,0,0,0,0,0,0,354,0,18033,0,0,0,0,0,0,0,765,0,0,0,11,18480,0,71801,29476,12346,4174,1808,543,262375,23229,96137,61801,157828,19670,0,0,0,0,0,7,0,35,0,0,0,0,0,0,0,0,0,0,0,2,0,0,0,0,0,0,0,0,0,0,0,959,0,0,0,6,0,0,0,0,0,0,0,0,0,2736,6911,47,3206,0,0,3608,0,7,0
AL,01099,2034,18992,0,24,1795,46,8088,0,0,0,0,0,0,0,62,0,1570,3,117,210,0,0,0,0,0,0,0,7379,0,0,0,0,0,5,0,1,0,1,0,0,0,0,1,0,0,0,0,44,0,2975,0,0,0,0,0,0,0,203,0,0,0,1,6062,0,15633,2405,534,186,536,148425,239226,25748,49998,54774,73125,863,0,0,0,0,0,0,0,0,0,0,0,0,0,0,0,0,0,0,0,0,0,0,0,0,0,0,0,0,0,8,0,796,0,0,0,0,0,0,0,0,0,0,0,0,0,2034,19788,32,3365,0,0,2436,117,0,0
AL,01101,2968,2735,0,105,1201,0,90,0,0,0,0,0,0,0,1224,0,481,1,3,7,0,0,0,0,0,0,0,19214,0,0,0,0,0,4,0,0,0,2,0,0,0,4,2,0,0,6,0,105,0,18995,0,0,0,0,0,0,0,48,0,0,0,0,11478,0,35239,23895,11772,3593,1163,82450,71028,10988,45492,102987,63826,839,0,0,0,0,0,0,0,0,0,0,0,0,0,0,0,0,0,0,0,0,0,0,0,0,0,0,0,0,0,0,0,5,0,0,0,0,0,0,0,0,0,0,0,0,0,2968,2740,105,1682,0,0,1710,3,0,0
AL,01103,5318,916,0,258,5917,0,1,0,0,0,0,0,0,0,161,0,4882,19,0,0,0,5,0,0,0,0,0,8909,0,0,0,0,1,1,0,18,0,2,0,0,0,0,0,0,0,0,0,8,0,382,0,0,0,0,0,0,0,1,0,0,0,0,11299,0,22234,13538,4702,1418,360,120067,12980,6646,22187,126657,14472,26,0,0,0,0,0,0,0,0,0,0,0,0,0,0,0,0,3,0,0,0,0,0,0,0,0,0,0,0,0,3,0,0,0,0,0,0,0,0,0,0,0,0,0,0,0,5318,916,261,10799,0,0,5046,0,0,0
AL,01105,4183,998,0,18,7862,0,136,0,0,0,0,0,0,0,923,0,873,0,3,0,0,0,0,0,0,0,0,12408,0,0,0,0,0,22,0,0,0,0,0,0,0,0,0,0,0,0,0,7,0,973,0,0,0,0,0,0,0,14,0,0,0,220,6386,0,16192,1021,226,33,139,99614,119065,53329,44914,62736,30083,955,0,0,0,0,0,0,0,0,0,0,0,0,0,0,0,0,0,0,0,0,0,0,4,0,0,0,0,0,0,3,0,68,0,0,0,0,0,0,0,0,0,0,0,0,0,4183,1066,21,8735,0,0,1867,3,0,0
AL,01107,2372,1296,0,10,4464,0,27,0,0,0,0,0,0,0,182,0,196,0,0,1,0,0,0,0,0,0,0,1252,0,0,0,0,0,0,0,0,0,0,0,0,0,0,0,0,0,34,3,0,0,4389,0,0,0,0,0,0,0,88,0,0,0,246,8718,0,22237,2026,440,80,46,202834,87851,46335,56225,62626,65216,422,0,0,0,0,0,0,0,0,0,0,0,0,0,0,0,0,0,0,0,0,0,0,0,0,0,0,0,0,0,1,0,0,0,0,0,0,0,0,0,0,0,0,0,0,0,2372,1296,11,4660,0,0,379,0,0,0
AL,01109,2734,4011,0,39,675,0,4719,0,0,0,0,0,0,0,781,0,489,230,326,165,0,0,0,0,0,0,4,22653,0,0,0,0,0,14,0,0,0,0,0,0,0,9,0,0,0,31,0,46,0,5780,0,0,0,0,0,0,0,59,0,0,0,0,3182,0,18494,2717,1005,481,50,106648,110694,33417,52041,36078,22307,29,0,0,0,0,0,0,0,0,0,0,0,0,0,0,0,0,0,0,0,3,1,0,0,0,0,0,0,0,0,25,0,204,0,3,0,0,0,0,0,0,0,0,0,0,0,2738,4215,64,1167,0,0,1502,330,0,0
AL,01111,385,34,0,0,74,0,2,0,0,0,0,0,0,0,113,0,44,7,0,0,0,0,0,0,0,0,0,3566,0,0,0,0,0,4,0,0,0,1,0,0,0,0,0,0,0,0,0,9,0,208,0,0,0,0,0,0,0,0,0,0,0,0,11371,0,14456,4270,632,171,212,153082,89863,128,9400,85588,193,4,0,0,0,0,0,0,0,0,0,0,0,0,0,0,0,0,0,0,0,26,0,0,0,0,0,0,0,0,0,0,0,0,0,0,0,0,0,0,0,0,0,0,0,0,0,411,34,0,118,0,0,183,0,0,0
AL,01113,1544,4395,0,20,603,0,1013,0,0,0,0,0,0,0,126,0,7,0,2,1,0,0,0,0,0,0,4,3923,0,0,0,0,0,2,0,0,0,9,0,0,0,62,0,0,0,412,0,423,0,3132,0,0,0,0,0,0,0,161,0,0,0,0,5678,0,23772,6839,2045,664,250,110216,107587,16847,69176,40864,14193,129,0,0,0,0,0,0,0,0,0,0,0,0,0,0,0,0,0,0,0,6,0,0,0,0,0,0,0,0,0,13,0,33,0,0,0,0,0,0,0,0,0,0,0,0,0,1550,4428,33,610,0,0,185,2,0,0
AL,01115,655,200,0,0,495,0,0,0,0,0,0,0,0,0,14,0,480,0,0,0,0,0,0,0,0,0,0,2534,0,0,0,0,16,0,0,0,0,11,0,0,0,1,8,0,0,0,0,422,0,212,0,0,0,2,0,0,0,0,0,0,0,0,13682,0,24677,5558,1392,355,1050,199671,57338,6293,14352,87143,1647,1,0,0,0,0,0,0,0,0,0,0,0,0,0,0,0,0,2,0,0,0,0,0,9,0,0,0,0,0,0,0,0,2,0,0,0,0,0,0,0,0,0,0,0,0,0,655,202,0,975,0,0,496,0,0,0
AL,01117,1104,3392,0,2,889,0,2,0,0,0,0,0,0,0,58,0,1351,0,0,2,0,0,0,0,0,0,0,4079,0,0,0,0,0,0,0,0,0,1,0,0,0,0,10,0,0,0,0,267,0,133,0,2,0,8,0,0,0,9,0,0,0,0,11702,0,40462,20748,6328,2086,2828,204045,107311,6083,16742,82946,5422,3,0,0,0,0,0,0,0,0,0,0,0,0,0,0,0,0,0,0,0,0,0,0,13,0,0,0,0,0,0,0,0,49,0,0,0,0,0,0,0,0,0,0,0,0,0,1104,3441,2,2240,0,0,1458,0,0,0
AL,01119,684,38,0,52,2656,0,2,0,0,0,0,0,0,0,38,0,279,0,0,0,0,0,0,0,0,0,0,2458,0,0,0,0,0,0,0,0,0,0,0,0,0,0,0,0,0,1,0,0,0,38181,0,0,0,0,0,0,0,0,0,0,0,50,9471,0,21110,2446,406,73,192,102712,124710,37404,50277,83456,107478,347,0,0,0,0,0,0,0,0,0,0,0,0,0,0,0,0,0,0,0,0,0,0,0,0,0,0,0,0,0,4,0,0,0,0,0,0,0,0,0,0,0,0,0,0,0,684,38,56,2935,0,0,321,0,0,0
AL,01121,6984,3297,0,4,5215,0,13,0,0,0,0,0,0,0,87,0,4119,0,0,2,0,0,0,0,0,0,0,9178,0,0,0,0,0,0,0,0,0,0,0,0,0,0,0,0,0,0,0,148,0,461,0,0,0,2,0,0,0,4,0,0,0,0,13112,0,36686,8214,2348,969,1646,181168,104351,4068,9001,93962,1545,1,0,0,0,0,0,0,0,0,0,0,0,0,0,0,0,0,0,0,0,0,0,0,0,0,0,0,0,0,0,0,0,39,0,0,0,0,0,0,0,0,0,0,0,0,0,6984,3336,4,9334,0,0,4245,0,0,0
AL,01123,303,741,0,1,89,0,8,0,0,0,0,0,0,0,19,0,141,0,12,1,0,0,0,0,0,0,0,1968,0,0,0,0,0,4,0,0,0,2,0,0,0,0,0,0,0,0,0,32,0,1107,0,0,0,0,0,0,0,1,0,0,0,0,31196,0,23704,3331,798,170,273,190413,150713,3024,16339,64907,1020,10,0,0,0,0,0,0,0,0,0,0,0,0,0,0,0,0,0,0,0,2,0,0,0,0,0,0,0,0,0,0,0,58,0,0,0,4,0,0,0,0,0,0,0,0,0,305,799,1,230,0,0,220,12,0,0
AL,01125,2654,980,0,238,2676,0,9,0,0,0,0,0,0,0,69,0,989,1,0,0,0,0,0,0,0,0,0,1543,0,0,0,0,0,0,0,0,0,0,0,0,0,0,0,0,0,93,1,110,0,1247,0,2,0,0,0,0,0,1,0,0,0,11,19331,0,42552,15249,5967,2283,2810,320743,178133,65088,73038,71177,57686,108,0,0,0,0,0,0,0,0,0,0,0,0,0,0,0,0,0,0,0,1,0,0,0,0,0,0,0,0,0,0,0,0,0,0,2,0,0,0,0,0,0,0,0,0,0,2657,980,238,3667,0,0,1059,0,0,0
AL,01127,795,19,0,3,729,0,5,0,0,0,0,0,0,0,6,0,121,1,0,0,0,0,0,0,0,0,0,1908,0,0,0,0,0,7,0,0,0,2,0,0,0,0,0,0,0,0,0,5,0,235,0,1,0,0,0,0,0,4,0,0,0,4,8458,0,24154,4109,1598,295,1872,171381,127057,34636,55246,79529,3207,23,0,0,0,0,0,0,0,0,0,0,0,0,0,0,0,0,0,0,0,0,0,0,0,0,0,0,0,0,0,0,0,0,0,0,0,0,0,0,0,0,0,0,0,0,0,795,19,3,850,0,0,127,0,0,0
AL,01129,629,512,0,0,50,0,864,0,0,0,0,0,0,0,1,0,500,0,0,0,0,0,0,0,0,0,0,1905,0,0,0,0,0,0,0,0,0,5,0,0,0,0,0,0,0,0,0,0,0,272,0,0,0,0,0,0,0,0,0,0,0,2,7253,0,25423,1716,415,262,198,20329,274176,153585,83696,39676,83814,355,0,0,0,0,0,0,0,0,0,0,0,0,0,0,0,0,0,0,0,22,0,0,0,0,0,0,0,0,0,0,0,1018,0,0,0,0,0,0,0,0,0,0,0,0,0,651,1530,0,550,0,0,1541,0,0,0
AL,01131,1394,1527,0,6,965,0,65,0,0,0,0,0,0,0,51,0,428,0,6,10,0,0,0,0,0,0,0,8058,0,0,0,0,0,0,0,3,0,0,0,0,0,0,0,0,0,0,0,4,0,740,0,0,0,0,0,0,0,18,0,0,0,8,14642,0,18021,715,131,24,284,127629,202231,16571,41901,48110,95202,2032,0,0,0,0,0,0,0,0,0,0,0,0,0,0,0,0,0,0,0,0,0,0,0,0,0,0,0,0,0,0,0,10,0,0,0,0,0,0,0,0,0,0,0,0,0,1394,1537,6,1393,0,0,489,6,0,0
AL,01133,236,12,0,2,614,0,6,0,0,0,0,0,0,0,10,0,24,0,0,0,0,0,0,0,0,0,0,1953,0,0,0,0,0,20,0,0,0,0,0,0,0,0,0,0,0,0,0,0,0,24,0,0,0,0,0,0,0,0,0,0,0,0,10700,0,17116,2557,850,298,292,131029,108878,37884,33839,57188,836,10,0,0,0,0,0,0,0,0,0,0,0,0,0,0,0,0,0,0,0,0,0,0,0,0,0,0,0,0,0,0,0,0,0,0,0,0,0,0,0,0,0,0,0,0,0,236,12,2,638,0,0,34,0,0,0
AZ,04001,14,2,0,0,0,0,0,0,0,0,0,0,0,0,0,0,0,0,0,0,0,0,0,0,0,0,16,1,0,0,0,0,0,0,0,0,0,0,0,0,0,0,0,0,0,0,0,0,0,0,0,0,4,0,0,0,0,72,0,0,0,0,4013,0,24551,12215,1135,214,138942,6463,2071291,0,4205159,709566,4694,1432,8,1,0,0,0,0,0,0,0,0,0,0,0,0,0,0,0,0,0,0,0,0,0,0,0,0,0,0,0,0,0,0,0,0,0,0,0,0,0,0,0,0,0,0,0,14,2,0,0,0,0,0,0,0,0
AZ,04003,21006,3502,0,1440,0,0,0,0,0,0,0,2364,508,0,4,0,0,0,1420,0,0,0,0,0,0,0,16060,566,0,0,0,191,0,5,0,0,0,0,0,0,0,0,0,0,0,0,0,0,0,173458,0,0,201,0,0,0,0,10054,0,0,0,0,231,0,55640,11723,1457,414,32284,1,347774,10721,3208044,66555,4969,227,1303,352,0,0,0,0,0,0,0,0,538,0,0,0,0,0,0,0,0,0,6369,0,0,0,0,0,0,0,1,0,685,11,0,0,0,0,0,0,0,0,0,0,0,0,0,28060,3513,1441,0,3050,508,15,7789,0,0
AZ,04005,1,0,0,0,0,0,0,0,0,0,0,0,0,0,0,0,0,0,0,0,0,0,0,0,0,0,27,38,0,0,0,0,0,0,0,0,0,0,0,0,0,0,0,0,0,0,0,0,0,12,0,0,0,0,0,0,0,0,0,0,0,0,14674,0,40774,17845,6141,1359,462059,3582,3147615,2,7436406,797340,13180,2080,0,0,0,0,0,0,0,0,0,0,0,0,0,0,0,0,0,0,0,0,0,0,0,0,0,0,0,0,0,0,0,0,0,0,0,0,0,0,0,0,0,0,0,0,0,1,0,0,0,0,0,0,0,0,0
AZ,04007,2,56,0,0,0,0,0,0,0,0,0,9,1,0,0,0,0,0,0,0,0,0,0,0,0,0,457,18,0,0,0,0,0,2,0,0,0,1,0,0,0,0,0,0,0,0,0,0,0,109,0,0,2,0,0,0,0,24,0,0,0,0,17674,0,15405,9439,1643,266,6632,0,1168866,3,1839943,4127,3872,206,0,0,0,0,0,0,0,0,0,0,0,0,0,0,0,0,0,0,0,0,0,0,0,0,0,0,0,0,0,0,0,0,0,0,0,0,0,0,0,0,0,0,0,0,0,2,56,0,0,9,1,0,0,0,0
AZ,04009,2326,20101,0,266,0,0,0,0,0,0,0,1985,848,0,755,0,0,0,418,0,0,0,0,0,0,0,4799,270,0,0,0,10,0,16,0,0,0,0,0,0,0,0,0,0,0,0,0,0,0,32314,0,0,448,0,0,0,0,422,0,0,0,0,1304,0,10305,7590,784,178,92,61,504683,5,2325247,35654,12944,154,212,35,0,0,0,0,0,0,0,0,95,0,0,0,0,0,0,0,0,0,5399,0,0,0,0,0,0,0,0,69,0,535,0,0,0,0,0,0,0,0,0,0,0,0,0,7725,20636,335,0,1985,848,1359,5817,0,0
AZ,04011,391,344,0,8,0,0,0,0,0,0,0,14,7,0,17,0,0,0,217,0,0,0,0,0,0,0,1192,539,0,0,0,3,0,3,0,0,0,0,0,0,0,0,0,0,0,0,0,0,0,2996,0,0,1,0,0,0,0,70,0,0,0,0,55,0,3600,4074,563,9,7250,365,533459,2,623584,2948,1187,35,2,66,0,0,0,0,0,0,0,0,0,0,0,0,0,0,0,0,0,0,1,0,0,0,0,0,0,0,0,0,0,0,0,0,0,0,0,0,0,0,0,0,0,0,0,392,344,8,0,14,7,17,218,0,0
AZ,04012,14,13519,0,10,0,0,0,0,0,0,0,2275,8194,1,2,7,0,0,216,0,0,0,0,0,0,0,62546,1690,0,0,0,18,1,1,0,0,208,692,839,0,0,0,0,0,0,0,0,0,0,36344,0,25,0,68,0,2997,87,2,1,0,0,0,8017,0,18365,10273,1547,139,34628,2227,419,70,2610728,55087,14715,1838,0,0,15,0,0,443,0,0,68,86,0,0,0,0,0,0,0,0,0,0,0,10,0,2,0,6,0,0,2,0,0,0,0,0,0,0,0,0,0,0,0,0,0,0,0,14,13525,12,0,2277,8196,2,216,443,18
AZ,04013,15211,23899,0,1800,0,0,0,0,0,0,0,27008,5202,0,1327,0,0,135,891,0,0,0,0,0,0,0,122824,6387,0,0,0,2117,1622,1470,0,0,218,3107,0,0,0,0,0,0,0,109,0,642,0,134683,0,0,0,0,0,0,4,332,0,0,0,0,15198,0,196154,236161,184806,32482,4793,22,27615,1,4665502,138270,39717,1392,0,0,1442,0,0,2303,151,22,671,251,0,0,0,151,0,0,0,0,0,140,182,67,0,0,0,0,0,1,5978,898,207,0,0,0,0,0,324,0,0,0,0,0,0,0,0,15740,23899,8677,0,33193,5203,2365,1073,2303,67
AZ,04015,21,4841,0,2,0,0,0,0,0,0,0,475,47,0,0,12,0,0,0,0,0,0,0,0,0,0,9065,318,0,0,0,0,34,8,0,0,5,11,0,0,0,0,0,0,0,0,0,0,0,2955,0,2,0,0,0,10,18,0,0,0,0,0,66297,0,58732,41592,10661,1132,122653,7922,773489,468,7221469,272930,21339,4140,0,0,1,0,0,0,0,0,0,0,0,0,0,0,0,0,0,0,0,0,10,0,0,0,0,1,0,0,0,0,0,0,0,0,0,0,1,0,0,0,0,0,0,0,0,31,4842,2,0,475,47,0,10,0,1
AZ,04017,0,0,0,0,0,0,0,0,0,0,0,0,0,0,0,0,0,0,0,0,0,0,0,0,0,0,2,32,0,0,0,0,0,0,0,0,0,0,0,0,0,0,0,0,0,0,0,0,0,0,0,0,34,0,0,0,0,1,0,0,0,0,1532,0,24299,10001,2353,230,83194,0,1267052,0,4470510,502498,11948,417,0,0,0,0,0,0,0,0,0,0,0,0,0,0,0,0,0,0,0,0,0,0,0,0,0,0,0,0,0,0,0,0,0,0,0,0,0,0,0,0,0,0,0,0,0,0,0,0,0,0,0,0,0,0,0
AZ,04019,427,12317,0,164,0,0,0,0,0,0,0,4451,2738,0,12,0,0,0,22,0,0,0,0,0,0,0,4486,291,0,0,0,0,0,21,0,0,0,0,0,0,0,0,0,0,0,0,0,33,0,7450,0,0,8,0,0,0,0,149,0,0,0,0,639,0,77010,92859,33805,4980,35122,0,123169,10,5398077,48279,33356,87,34,0,0,0,0,1,65,1,0,0,1,0,0,0,0,0,0,0,0,0,1,0,0,0,0,0,0,448,308,3,234,4,0,0,0,0,0,0,0,0,0,0,0,0,0,662,12321,923,0,4993,3186,19,23,1,0
AZ,04021,20805,79850,0,2761,0,0,0,0,0,0,0,37117,5404,0,1735,0,0,54,1207,0,0,0,0,0,0,0,92873,1903,0,0,0,202,281,2480,0,0,0,50,0,0,0,0,0,0,0,0,0,1000,0,143431,0,0,0,0,0,0,377,2173,0,0,0,0,1378,0,108140,27911,6689,1448,3850,0,28972,0,2829387,2315,26786,122,6,0,1,0,0,4047,478,358,5,2,0,0,0,43,0,0,0,0,0,40,0,0,0,0,0,0,0,10,2846,0,234,0,0,0,0,0,4,0,0,0,0,0,18,0,0,21079,79850,5617,0,40197,5414,1775,1207,4047,0
AZ,04023,15,95,0,1,0,0,0,0,0,0,0,0,0,0,0,0,0,0,0,0,0,0,0,0,0,0,671,13,0,0,0,0,0,0,0,0,0,0,0,0,0,0,0,0,0,0,0,4,0,244,0,0,3,0,0,0,0,96,0,0,0,0,182,0,15071,2440,707,182,91,0,93812,60,674763,3273,1020,65,8,0,0,0,0,0,52,0,0,0,1,0,0,0,0,0,0,0,0,0,0,0,0,0,0,0,0,0,0,0,0,0,0,0,0,0,0,0,0,0,0,0,0,0,0,15,95,1,0,0,0,0,0,0,0
AZ,04025,236,5,0,0,0,0,0,0,0,0,0,232,7,0,9,0,0,0,25,0,0,0,0,0,0,0,1252,180,0,0,0,10,0,10,0,0,0,0,0,0,0,0,0,0,0,0,0,3,0,395,0,0,0,0,0,0,0,1,0,0,0,0,4623,0,46631,25334,5375,740,4140,11,1026558,1,3958428,121329,5193,1178,0,0,15,0,0,0,0,2,2,0,0,0,0,0,0,0,0,0,0,0,4,0,0,0,0,0,0,0,0,2,0,0,0,0,0,0,0,0,0,0,0,0,0,0,0,240,5,2,0,232,7,11,29,0,0
AZ,04027,1164,6557,0,458,0,0,0,0,0,0,0,593,19357,412,37,484,0,13,73,0,0,0,0,0,0,0,59841,4108,0,0,158,401,0,528,0,0,11054,844,1231,0,0,104,0,0,0,683,0,1055,0,36110,0,0,0,0,0,157,12028,31,450,0,0,0,2973,0,29485,19783,8448,968,478924,132,46,6,2750637,13181,13641,1954,0,0,21,0,209,1005,32,0,71,1114,0,0,0,934,0,0,0,0,0,0,0,18460,0,25420,160,4553,204,0,11,0,0,0,0,0,0,0,935,443,104,411,0,0,0,0,0,1164,11110,469,0,808,44777,37,73,1165,48797
AR,05001,57669,171,69536,957,161856,2,1,0,6,0,0,0,0,0,4108,0,22823,0,195,0,0,0,0,0,0,0,36,0,0,0,0,0,0,0,0,0,0,0,0,0,0,0,0,0,0,0,0,0,0,35232,0,0,0,0,0,0,0,29,0,0,0,62,25239,0,26354,1941,629,322,311,5667,2675,18337,10,1067,224648,657,0,0,0,0,0,0,0,0,0,0,0,0,0,2,0,0,0,0,0,502,0,0,0,0,0,0,0,0,0,4,0,0,0,581,0,0,0,0,0,0,0,0,0,0,0,58171,171,961,185260,0,0,27437,776,0,0
AR,05003,45428,13048,2856,93,42374,0,1,0,0,48,0,0,0,0,1775,0,6544,0,2,0,0,0,0,0,0,0,0,0,0,0,0,0,0,0,0,451,0,1,0,0,0,0,5,0,0,29,0,0,0,13113,0,0,0,0,0,0,0,15,0,0,0,515,10998,0,9161,19924,1737,490,43,713,215411,6144,67233,25134,113828,3228,0,0,0,0,0,0,0,0,0,0,0,0,0,1,0,0,0,0,0,0,0,0,0,0,0,0,0,0,0,0,0,300,0,378,0,0,0,0,0,0,0,0,0,0,0,45428,13348,93,49296,0,0,8619,380,0,0
AR,05005,3,0,0,0,9,0,0,0,0,0,0,0,0,0,0,0,0,0,0,0,0,0,0,0,0,0,0,0,0,0,0,0,0,0,0,0,0,0,0,0,0,0,0,0,0,0,0,0,0,0,0,0,0,0,0,0,0,0,0,0,0,0,22555,0,17415,5910,1214,286,321,240411,16859,13059,19,57374,84,4,0,0,0,0,0,0,0,0,0,0,0,0,0,0,0,0,0,0,0,0,0,0,0,0,0,0,0,0,0,0,0,0,0,0,0,0,0,0,0,0,0,0,0,0,0,3,0,0,9,0,0,0,0,0,0
AR,05007,372,0,2,6,129,0,0,0,0,0,0,0,0,0,119,0,129,0,0,0,0,0,0,0,0,0,0,0,0,0,0,24,0,0,0,0,0,0,0,0,0,0,0,0,0,0,0,0,0,15,0,0,0,1,0,0,0,0,0,0,0,0,22265,0,44453,16530,5364,2244,358,230742,3574,342,9,236481,226,0,0,0,0,0,0,0,0,0,0,0,0,0,0,0,0,0,0,0,0,0,0,0,0,0,0,0,0,0,0,0,0,0,0,0,0,0,0,0,0,0,0,0,0,0,0,372,0,6,258,0,0,248,0,0,0
AR,05009,80,0,0,2,0,0,0,0,0,0,0,0,0,0,0,0,6,0,0,0,0,0,0,0,0,0,0,0,0,0,0,0,0,0,0,0,0,0,0,0,0,0,0,0,0,0,0,0,0,4,0,0,0,0,0,0,0,0,0,0,0,0,7198,0,14528,4601,1203,465,307,184014,15709,1040,83,155881,37,1,0,0,0,0,0,0,0,0,0,0,0,0,0,0,0,0,0,0,0,0,0,0,0,0,0,0,0,0,0,0,0,0,0,0,0,0,0,0,0,0,0,0,0,0,0,80,0,2,6,0,0,6,0,0,0
AR,05011,224,0,8,16,130,0,0,0,0,0,0,0,0,0,2,0,2,0,0,0,0,0,0,0,0,0,0,0,0,0,0,0,0,0,0,0,0,99,0,0,0,0,63,0,0,0,0,0,0,28,0,0,0,0,0,0,0,3,0,0,0,0,3470,0,4516,12523,733,184,22,1386,244417,1989,29099,14033,105493,361,0,0,0,0,0,0,0,0,0,0,0,0,0,0,0,0,0,0,0,0,0,0,0,0,0,0,0,0,0,0,0,0,0,0,0,0,0,0,0,0,0,0,0,0,0,224,0,16,132,0,0,4,0,0,0
AR,05013,1,0,0,9,1,0,0,0,0,0,0,0,0,0,0,0,1,0,0,0,0,0,0,0,0,0,0,0,0,0,0,0,0,0,0,0,0,1,0,0,0,0,1,0,0,0,0,0,0,23,0,0,0,0,0,0,0,0,0,0,0,0,3224,0,7199,13309,986,132,32,1640,249197,1578,31979,9138,86160,231,0,0,0,0,0,0,0,0,0,0,0,0,0,0,0,0,0,0,0,0,0,0,0,0,0,0,0,0,0,0,0,0,0,0,0,0,0,0,0,0,0,0,0,0,0,1,0,9,2,0,0,1,0,0,0
AR,05015,135,0,0,0,1,0,0,0,0,0,0,0,0,0,0,0,0,0,0,0,0,0,0,0,0,0,0,0,0,0,0,0,0,0,0,0,0,0,0,0,0,0,0,0,0,0,0,0,0,24,0,0,0,0,0,0,0,0,0,0,0,0,5708,0,16450,3811,619,184,223,208745,20373,1149,37,151363,25,0,0,0,0,0,0,0,0,0,0,0,0,0,0,0,0,0,0,0,0,0,0,0,0,0,0,0,0,0,0,0,0,0,0,0,0,0,0,0,0,0,0,0,0,0,0,135,0,0,1,0,0,0,0,0,0
AR,05017,61505,8783,21375,311,127850,0,14,0,0,4,0,0,0,0,10497,0,7378,0,306,0,0,0,0,0,0,0,0,0,0,0,0,0,0,0,0,13,0,0,0,0,0,0,0,0,0,0,0,0,0,61797,0,0,0,0,0,0,0,0,0,0,0,614,35948,0,15958,1944,473,124,599,65,2293,785,1041,1063,80760,346,0,0,0,0,0,0,0,0,0,0,0,0,0,0,0,0,0,0,0,0,0,0,0,0,0,0,0,0,0,21,0,119,0,185,0,0,0,0,0,0,0,0,0,0,0,61505,8902,332,135413,0,0,18015,491,0,0
AR,05019,334,0,1446,10,6142,0,0,0,0,0,0,0,0,0,972,0,1016,0,0,0,0,0,0,0,0,0,0,0,0,0,0,0,0,0,0,0,0,4,0,0,0,0,0,0,0,0,0,0,0,112,0,0,0,0,0,0,0,2,0,0,0,0,11518,0,17456,5343,954,256,91,43272,299129,35480,14327,58158,68755,81,0,0,0,0,0,0,0,0,0,0,0,0,0,0,0,0,0,0,0,0,0,0,0,0,0,0,0,0,0,0,0,0,0,0,0,0,0,0,0,0,0,0,0,0,0,334,0,10,7158,0,0,1988,0,0,0
AR,05021,36088,29821,62339,1664,117972,0,551,0,0,0,0,0,0,0,1589,0,9798,0,0,0,0,0,0,0,0,0,0,0,0,0,0,0,0,79,0,0,0,208,0,0,0,0,0,0,0,28,0,0,0,4617,0,0,0,0,0,0,0,74,0,0,0,193,2187,0,18881,1472,431,119,25,44749,101,200,4,30162,46982,52,0,0,0,0,0,86,0,0,0,0,0,0,0,0,0,0,0,0,0,0,0,0,0,0,0,0,0,0,0,37,0,0,1,0,0,0,0,0,0,0,0,0,0,0,0,36088,29822,1701,127771,0,0,11424,0,86,0
AR,05023,0,0,0,0,9,1,0,0,0,0,0,0,0,0,0,0,15,0,0,0,0,0,0,0,0,0,0,0,0,0,0,0,0,0,0,0,0,0,0,0,0,0,0,0,0,0,0,0,0,13,0,0,0,0,0,0,0,0,0,0,0,0,24171,0,11287,4138,462,293,173,159733,56386,38431,215,82999,487,3,0,0,0,0,0,0,0,0,0,0,0,0,0,0,0,0,0,0,0,0,0,0,0,0,0,0,0,0,0,0,0,0,0,0,0,0,0,0,0,0,0,0,0,0,0,0,0,0,24,0,0,15,0,0,0
AR,05025,2,0,2,23,29,0,0,0,0,0,0,0,0,0,5,0,2,0,0,0,0,0,0,0,0,0,0,0,0,0,0,0,0,0,0,0,0,0,0,0,0,0,2,0,0,0,0,0,0,54,0,0,0,0,0,0,0,13,0,0,0,0,1262,0,3586,10024,301,46,24,5299,220203,1156,28850,13341,98937,74,0,0,0,0,0,0,0,0,0,0,0,0,0,0,0,0,0,0,0,0,0,0,0,0,0,0,0,0,0,0,0,0,0,0,0,0,0,0,0,0,0,0,0,0,0,2,0,23,31,0,0,7,0,0,0
AR,05027,5,0,6,8,16,0,0,0,0,0,0,0,0,0,0,0,0,0,0,0,0,0,0,0,0,0,0,0,0,0,0,0,0,0,0,0,0,0,0,0,0,0,0,0,0,0,0,0,0,0,0,0,0,0,0,0,0,2,0,0,0,1,3700,0,10661,10356,1346,472,45,31173,326383,5861,40537,22376,37796,53,0,0,0,0,0,0,0,0,0,0,0,0,0,0,0,0,0,0,0,0,0,0,0,0,0,0,0,0,0,0,0,0,0,0,0,0,0,0,0,0,0,0,0,0,0,5,0,8,16,0,0,0,0,0,0
AR,05029,2449,0,1303,74,13890,0,0,0,0,0,0,0,0,0,2108,0,3990,0,0,0,0,0,0,0,0,0,0,0,0,0,0,0,0,0,0,0,0,0,0,0,0,0,0,0,0,0,0,0,0,129,0,0,0,0,0,0,0,10,0,0,0,0,7771,0,14799,3788,467,151,354,100132,81659,6765,712,106524,15447,164,0,0,0,0,0,0,0,0,0,0,0,0,0,0,0,0,0,0,0,0,0,0,0,0,0,0,0,0,0,0,0,0,0,0,0,0,0,0,0,0,0,0,0,0,0,2449,0,74,17880,0,0,6098,0,0,0
AR,05031,48091,53879,56964,2936,125600,0,11,0,0,0,0,0,0,0,3060,0,9509,0,38,0,0,0,0,0,0,0,0,1,0,0,0,0,0,0,0,0,0,31,0,0,0,0,0,0,0,713,0,0,0,18644,0,0,0,0,0,0,0,11,0,0,0,280,2366,0,27362,6973,3030,1133,216,33851,361,300,1,26944,33768,37,0,0,0,0,0,0,0,0,0,0,0,0,0,0,0,0,0,0,0,0,0,0,0,0,0,0,0,0,0,0,0,12,1,0,1,0,0,0,0,0,0,0,0,0,0,48092,53892,2936,135111,0,0,12581,38,0,0
AR,05033,2587,0,63,613,11993,0,0,0,0,0,0,0,0,0,551,0,1770,0,0,1,0,0,0,0,0,0,0,0,0,0,0,0,0,0,0,0,0,0,0,0,0,0,0,0,0,0,0,0,0,1298,0,0,0,0,0,0,0,0,0,0,0,0,7638,0,13573,8304,1555,494,387,202300,22788,3306,75,105237,2027,72,0,0,0,0,0,0,0,0,0,0,0,0,0,0,0,0,0,0,0,0,0,0,0,0,0,0,0,0,0,0,0,0,0,0,0,0,0,0,0,0,0,0,0,0,0,2587,0,613,13763,0,0,2321,0,0,0
AR,05035,11377,11569,16541,11255,186665,0,16,0,0,2063,0,0,0,0,8707,0,48060,0,5,0,0,0,0,0,0,0,3,0,0,0,0,0,0,0,0,0,0,1,0,0,0,0,0,0,0,1,0,0,0,13644,0,0,0,0,0,0,0,0,0,0,0,48,18590,0,17022,6258,2497,1133,316,290,13,28,182,3204,48566,135,0,0,0,0,0,1,0,0,0,0,0,0,0,0,0,0,0,0,0,0,0,0,0,0,0,0,0,0,0,0,0,0,1,0,1,0,0,0,0,0,0,0,0,0,0,11378,11570,11255,234727,0,0,56767,5,1,0
AR,05037,13186,4148,61922,6433,164340,0,170,0,0,0,0,0,0,0,2811,0,19358,0,0,0,0,0,0,0,0,0,1,0,0,0,0,0,0,0,0,1581,0,0,0,0,0,0,0,0,0,78,0,0,0,23336,0,0,0,0,0,0,0,1,0,0,0,89,4538,0,14193,2255,451,144,107,36578,73,2774,2,7044,32657,34,0,0,0,0,0,0,0,0,0,0,0,0,0,0,0,0,0,0,0,0,0,0,0,0,0,0,0,0,0,0,0,0,0,9,1,0,0,0,0,0,0,0,0,0,0,13187,4148,6433,183708,0,0,22169,9,0,0
AR,05039,2,0,4,2,13,0,0,0,0,0,0,0,0,0,1,0,1,0,0,0,0,0,0,0,0,0,0,0,0,0,0,0,0,0,0,0,0,1,0,0,0,0,1,0,0,0,0,0,0,3,0,0,0,0,0,0,0,0,0,0,0,0,863,0,6515,12363,655,105,7,7784,290949,1317,38983,10714,57279,53,0,0,0,0,0,0,0,0,0,0,0,0,0,0,0,0,0,0,0,0,0,0,0,0,0,0,0,0,0,0,0,0,0,0,0,0,0,0,0,0,0,0,0,0,0,2,0,2,14,0,0,2,0,0,0
AR,05041,71460,7946,10033,1201,162054,0,2,0,8,3,0,0,0,0,6209,0,4157,0,564,0,0,0,0,0,0,0,11,0,0,0,0,0,0,0,0,0,0,8,0,0,0,0,0,0,0,0,0,0,0,27912,0,0,0,0,0,0,0,191,0,0,0,559,39102,0,15459,1954,483,261,3788,16,57,900,1057,1022,167498,577,0,0,0,0,0,0,0,0,0,0,0,0,0,0,0,0,0,0,0,0,0,0,0,0,0,0,0,0,0,0,0,0,0,0,0,0,0,0,0,0,0,0,0,0,0,71460,7946,1201,166211,0,0,10366,564,0,0
AR,05043,20989,3392,6095,35,33210,1,155,0,0,0,0,0,0,0,1029,0,2345,0,101,0,0,0,0,0,0,0,0,0,0,0,0,0,0,0,0,0,0,0,0,0,0,0,9,0,0,0,18,0,0,9881,0,0,0,0,0,0,0,33,0,0,0,13,3849,0,6824,14549,871,280,68,4697,206139,11219,70670,31213,106596,312,0,0,0,0,0,0,0,0,0,0,0,0,0,99,0,0,0,0,0,0,0,0,0,0,0,0,0,0,0,0,0,1,0,139,0,0,0,0,0,0,0,0,0,0,0,20989,3393,35,35694,0,0,3375,240,0,0
AR,05045,804,0,1225,46,6753,0,0,0,0,0,0,0,0,0,1108,0,1553,0,0,0,0,0,0,0,0,0,0,0,0,0,0,0,0,0,0,0,0,0,0,0,0,0,0,0,0,0,0,0,0,129,0,0,0,0,0,0,0,18,0,0,0,5,10155,0,20140,11118,2414,1376,209,163294,19635,2375,328,173527,8544,298,0,0,0,0,0,0,0,0,0,0,0,0,0,0,0,0,0,0,0,0,0,0,0,0,0,0,0,0,0,0,0,0,0,0,0,0,0,0,0,0,0,0,0,0,0,804,0,46,8306,0,0,2661,0,0,0
AR,05047,416,0,0,0,1206,0,0,0,0,0,0,0,0,0,5,0,584,0,0,0,0,0,0,0,0,0,0,0,0,0,0,0,0,0,0,0,0,0,0,0,0,0,0,0,0,0,1,0,0,186,0,0,0,0,0,0,0,0,0,0,0,0,6862,0,14019,5245,465,70,129,149978,60359,9146,2298,144691,830,73,0,0,0,0,0,0,0,0,0,0,0,0,0,0,0,0,0,0,0,0,0,0,0,0,0,0,0,0,0,0,0,0,0,0,0,0,0,0,0,0,0,0,0,0,0,416,0,0,1790,0,0,589,0,0,0
AR,05049,0,0,0,0,0,0,0,0,0,0,0,0,0,0,2,0,1,0,0,0,0,0,0,0,0,0,0,2,0,0,0,0,0,0,0,0,0,0,0,0,0,0,0,0,0,0,0,0,0,0,0,0,0,0,0,0,0,0,0,0,0,0,1841,0,17108,1925,127,28,15,233571,3278,10467,9,128574,44,0,0,0,0,0,0,0,0,0,0,0,0,0,0,0,0,0,0,0,0,0,0,0,0,0,0,0,0,0,0,0,0,0,0,0,0,0,0,0,0,0,0,0,0,0,0,0,0,0,1,0,0,3,0,0,0
AR,05051,0,0,3,6,10,0,0,0,0,0,0,0,0,0,1,0,0,0,0,0,0,0,0,0,0,0,0,0,0,0,0,0,0,0,0,0,0,0,0,0,0,0,0,0,0,0,0,0,0,0,0,0,0,0,0,0,0,0,0,0,0,0,35945,0,26955,9907,3020,1307,418,191301,124340,37215,2967,36044,717,3,0,0,0,0,0,0,0,0,0,0,0,0,0,0,0,0,0,0,0,0,0,0,0,0,0,0,0,0,0,0,0,0,0,0,0,0,0,0,0,0,0,0,0,0,0,0,0,6,10,0,0,1,0,0,0
AR,05053,11,0,2,1,40,0,0,0,0,0,0,0,0,0,1,0,1,0,0,0,0,0,0,0,0,0,0,0,0,0,0,0,0,0,0,0,0,3,0,0,0,0,12,0,0,0,0,0,0,26,0,0,0,0,0,0,0,4,0,0,0,1,1041,0,8248,12249,711,255,79,11080,226221,217,34970,16342,93543,63,0,0,0,0,0,0,0,0,0,0,0,0,0,0,0,0,0,0,0,0,0,0,0,0,0,0,0,0,0,0,0,0,0,0,0,0,0,0,0,0,0,0,0,0,0,11,0,1,41,0,0,2,0,0,0
AR,05055,22803,9580,68560,1727,84225,0,30,0,0,0,0,0,0,0,3261,0,8099,0,38,0,0,0,0,0,0,0,0,0,0,0,0,0,0,7,0,0,0,29,0,0,0,0,0,0,0,213,0,0,0,10001,0,0,0,0,0,0,0,10,0,0,0,4228,2861,0,17895,2853,1032,384,190,75463,857,1025,9,34087,21306,44,0,0,0,0,0,3,0,0,0,0,0,0,0,0,0,0,2,0,0,0,0,0,0,0,0,0,0,0,0,94,0,0,26,0,0,0,0,0,0,0,0,0,0,0,0,22803,9606,1821,92350,0,0,11454,38,3,0
AR,05057,20,0,2,2,374,0,0,0,0,0,0,0,0,0,52,0,25,0,0,0,0,0,0,0,0,0,0,0,0,0,0,0,0,0,0,0,0,0,0,0,0,0,0,0,0,0,0,0,0,66,0,0,0,0,0,0,0,74,0,0,0,0,8274,0,18972,6911,879,313,346,124661,134357,4488,18660,126829,29032,161,0,0,0,0,0,0,0,0,0,0,0,0,0,0,0,0,0,0,0,0,0,0,0,0,0,0,0,0,0,0,0,0,0,0,0,0,0,0,0,0,0,0,0,0,0,20,0,2,399,0,0,77,0,0,0
AR,05059,35,0,381,4,1543,0,0,0,0,0,0,0,0,0,10,0,154,0,0,0,0,0,0,0,0,0,0,0,0,0,0,0,0,0,0,0,0,5,0,0,0,0,0,0,0,0,0,0,0,7,0,0,0,0,0,0,0,0,0,0,0,0,5186,0,15476,7003,1509,588,274,87664,175153,21151,20916,50235,10867,32,0,0,0,0,0,0,0,0,0,0,0,0,0,0,0,0,0,0,0,0,0,0,0,0,0,0,0,0,0,0,0,0,0,0,0,0,0,0,0,0,0,0,0,0,0,35,0,4,1697,0,0,164,0,0,0
AR,05061,1,0,0,8,4,0,0,0,0,0,0,0,0,0,1,0,0,0,0,0,0,0,0,0,0,0,0,0,0,0,0,0,0,0,0,0,0,0,0,0,0,0,0,0,0,0,0,0,0,1,0,0,0,0,0,0,0,0,0,0,0,0,5064,0,17299,3073,499,173,347,112389,106289,26959,9471,92028,7278,59,0,0,0,0,0,0,0,0,0,0,0,0,0,0,0,0,0,0,0,0,0,0,0,0,0,0,0,0,0,0,0,0,0,0,0,0,0,0,0,0,0,0,0,0,0,1,0,8,4,0,0,1,0,0,0
AR,05063,7140,0,8231,1648,37166,1,1,0,0,0,0,0,0,0,486,0,3575,0,0,0,0,0,0,0,0,0,0,0,0,0,0,0,0,0,0,0,0,0,0,0,0,0,0,0,0,61,0,0,0,7307,0,0,0,0,0,0,0,5,0,0,0,2,5843,0,17717,5758,1018,574,255,184423,17615,48686,8,132765,13266,256,0,0,0,0,0,0,0,0,0,0,0,0,0,0,0,0,0,0,0,0,0,0,0,0,0,0,0,0,0,0,0,0,0,0,1,0,0,0,0,0,0,0,0,0,0,7141,0,1648,40742,0,0,4061,0,0,0
AR,05065,8,0,0,2,42,0,0,0,0,0,0,0,0,0,8,0,14,0,0,0,0,0,0,0,0,0,0,0,0,0,0,0,0,0,0,0,0,0,0,0,0,0,0,0,0,0,0,0,0,9,0,0,0,0,0,0,0,0,0,0,0,0,2164,0,14530,2719,317,84,121,203795,17751,38955,39,93098,135,0,0,0,0,0,0,0,0,0,0,0,0,0,0,0,0,0,0,0,0,0,0,0,0,0,0,0,0,0,0,0,0,0,0,0,0,0,0,0,0,0,0,0,0,0,0,8,0,2,56,0,0,22,0,0,0
AR,05067,17177,119,69600,3150,153786,0,22,0,0,0,0,0,0,0,4736,0,18688,0,1,0,0,0,0,0,0,0,0,0,0,0,0,0,0,1,0,0,0,0,0,0,0,0,0,0,0,182,0,0,0,30579,0,0,0,0,0,0,0,51,0,0,0,384,4788,0,17292,2250,702,267,25,23161,667,4248,0,11174,47281,146,0,0,0,0,0,0,0,0,0,0,0,0,0,0,0,0,0,0,0,0,0,0,0,0,0,0,0,0,0,0,0,0,0,0,53,0,0,0,0,0,0,0,0,0,0,17230,119,3150,172527,0,0,23424,1,0,0
AR,05069,53871,2558,53165,271,104953,22,0,0,0,0,0,0,0,0,8264,0,14462,0,22,0,0,0,0,0,0,0,3,0,0,0,0,0,0,0,0,0,0,0,0,0,0,271,6,0,0,0,8,0,0,38066,0,0,0,0,0,0,0,296,0,0,0,6,21059,0,18310,18827,5443,2313,381,26691,98751,916,20254,5113,90290,113,0,0,0,0,0,0,0,0,0,0,0,0,0,1,0,0,0,0,0,0,0,0,0,0,0,0,0,0,0,4,0,0,0,2,43,0,0,0,0,0,0,0,0,0,0,53914,2558,275,119460,0,0,22730,24,0,0
AR,05071,908,0,0,1,1748,0,0,0,0,0,0,0,0,0,17,0,1155,0,0,0,0,0,0,0,0,0,0,0,0,0,0,0,0,0,0,0,0,0,0,0,0,0,0,0,0,0,1,0,0,14,0,0,0,0,0,0,0,0,0,0,0,0,11503,0,17665,4032,700,154,152,225657,76482,6396,290,87699,1792,611,0,0,0,0,0,0,0,0,0,0,0,0,0,0,0,0,0,0,0,0,0,0,0,0,0,0,0,0,0,0,0,0,0,0,0,0,0,0,0,0,0,0,0,0,0,908,0,1,2903,0,0,1172,0,0,0
AR,05073,16566,448,2112,212,6565,0,0,0,0,0,0,0,0,0,5028,0,4880,0,0,0,0,0,0,0,0,0,102,0,0,0,0,0,0,0,0,0,0,0,0,0,0,0,0,0,0,0,0,0,0,588,0,0,0,0,0,0,0,12,0,0,0,673,13541,0,10866,4981,605,63,778,43955,139223,3931,21970,53884,17432,276,0,0,0,0,0,0,0,0,0,0,0,0,0,0,0,0,0,0,0,279,0,0,0,0,0,0,0,0,0,0,0,0,0,0,0,0,0,0,0,0,0,0,0,0,0,16845,448,212,11445,0,0,10187,0,0,0
AR,05075,10386,3,72497,2045,87544,0,3223,0,0,0,0,0,0,0,3309,0,2871,0,1,0,0,0,0,0,0,0,0,0,0,0,0,0,0,2,0,0,0,0,0,0,0,0,0,0,0,8,0,0,0,9691,0,0,0,0,0,0,0,9,0,0,0,13,3362,0,15190,3119,849,201,196,73210,1817,16632,6,47987,24882,9,0,0,0,0,0,0,0,0,0,0,0,0,0,0,0,0,0,0,0,0,0,0,0,0,0,0,0,0,0,6,0,0,0,0,2,0,0,0,0,0,0,0,0,0,0,10388,3,2051,90417,0,0,6186,1,0,0
AR,05077,33267,22383,17741,11826,130243,0,718,0,0,0,0,0,0,0,9370,0,40803,0,0,0,0,0,0,0,0,0,59,0,0,0,0,0,0,0,0,0,0,0,0,0,0,0,0,0,0,0,0,0,0,14894,0,0,0,0,0,0,0,5,0,0,0,0,10968,0,14036,785,157,43,578,15569,184,638,8,2224,69858,52,0,0,0,0,0,0,0,0,0,0,0,0,0,0,0,0,0,0,0,0,0,0,0,0,0,0,0,0,0,35,0,0,0,1,13,0,0,0,0,0,0,0,0,0,0,33280,22383,11861,171060,0,0,50208,1,0,0
AR,05079,29094,7084,10936,127,81719,28,0,0,40,0,0,0,0,0,2644,0,4089,0,1,0,0,0,0,0,0,0,19,0,0,0,0,0,0,0,0,0,0,1,0,0,0,2,0,0,0,0,208,0,0,24116,0,0,0,0,0,0,0,48,0,0,0,33,6856,0,10575,4602,301,105,41,11368,77078,3754,18855,9120,62890,83,0,0,0,0,0,0,0,0,0,0,0,0,0,325,0,0,1,0,0,0,0,0,0,0,0,0,0,0,0,0,0,0,0,0,41,0,0,0,0,0,0,0,0,0,0,29135,7084,127,85849,0,0,6733,1,0,0
AR,05081,6497,0,210,0,7281,0,0,0,0,0,0,0,0,0,4178,0,2299,0,0,0,0,0,0,0,0,0,0,8,0,0,0,0,0,0,0,0,0,0,0,0,0,0,0,0,0,0,0,0,0,24,0,0,0,0,0,0,0,778,0,0,0,0,17093,0,12491,2284,463,160,1756,94604,87703,2402,2427,95578,23067,206,0,0,0,0,0,0,0,0,0,0,0,0,0,0,0,0,0,0,0,0,0,0,0,0,0,0,0,0,0,0,0,0,0,0,0,0,0,0,0,0,0,0,0,0,0,6497,0,0,9580,0,0,6477,0,0,0
AR,05083,2297,0,2,9,2854,0,0,0,0,0,0,0,0,0,68,0,2500,0,0,0,0,0,0,0,0,0,0,0,0,0,0,0,0,0,0,0,0,0,0,0,0,0,0,0,0,0,0,0,0,13,0,0,0,0,0,0,0,0,0,0,0,0,11923,0,13876,5867,617,153,215,135701,125502,27599,2249,134312,2009,403,0,0,0,0,0,0,0,0,0,0,0,0,0,0,0,0,0,0,0,0,0,0,0,0,0,0,0,0,0,0,0,0,0,0,0,0,0,0,0,0,0,0,0,0,0,2297,0,9,5354,0,0,2568,0,0,0
AR,05085,41843,2023,61722,59,118427,28,0,0,0,0,0,0,0,0,5676,0,11542,0,14,0,0,0,0,0,0,0,0,0,0,0,0,0,0,0,0,0,0,0,0,0,0,0,0,0,0,0,0,0,0,32822,0,0,0,0,0,0,0,747,0,0,0,5914,14095,0,22680,4992,898,442,34,50624,7413,2028,344,67779,60807,633,0,0,0,0,0,0,0,0,0,0,0,0,0,1,0,0,0,0,0,0,0,0,0,0,0,0,0,0,0,0,0,0,164,0,2,0,0,0,0,0,0,0,0,0,0,41845,2187,59,130135,0,0,17218,14,0,0
AR,05087,9,0,0,0,2,0,0,0,0,0,0,0,0,0,128,0,12,0,0,0,0,0,0,0,0,0,0,0,0,0,0,0,0,0,0,0,0,0,0,0,0,0,0,0,0,0,0,0,0,47,0,0,0,49,0,0,0,0,0,0,0,0,158,0,18603,2264,161,45,134,359568,5569,268,17,148595,64,0,0,0,0,0,0,0,0,0,0,0,0,0,0,0,0,0,0,0,0,0,0,0,0,0,0,0,0,0,0,0,0,0,0,0,0,0,0,0,0,0,0,0,0,0,0,9,0,0,14,0,0,140,0,0,0
AR,05089,3,0,0,0,1,0,0,0,0,0,0,0,0,0,0,0,0,0,0,0,0,0,0,0,0,0,0,0,0,0,0,0,0,0,0,0,0,0,0,0,0,0,0,0,0,0,0,0,0,0,0,0,0,0,0,0,0,0,0,0,0,0,26827,0,14510,2369,282,65,988,252545,25602,4503,51,82005,72,1,0,0,0,0,0,0,0,0,0,0,0,0,0,0,0,0,0,0,0,0,0,0,0,0,0,0,0,0,0,0,0,0,0,0,0,0,0,0,0,0,0,0,0,0,0,3,0,0,1,0,0,0,0,0,0
AR,05091,19062,2,249,1041,7379,0,0,0,0,0,0,0,0,0,6721,0,11973,0,0,0,0,0,0,0,0,0,11,0,0,0,0,0,0,0,0,0,0,0,0,0,0,0,0,0,0,0,0,0,0,755,0,0,0,0,0,0,0,158,0,0,0,4,13618,0,14367,12772,2900,773,1073,38963,64756,26649,28030,113789,41666,1114,0,0,0,0,0,0,0,0,0,0,0,0,0,0,0,0,0,0,0,8,0,0,0,0,0,0,0,0,0,0,0,0,0,0,0,0,0,0,0,0,0,0,0,0,0,19070,2,1041,19352,0,0,18702,0,0,0
AR,05093,38344,80009,22815,3381,264682,0,21,0,0,0,0,0,0,0,7946,0,62542,0,8,0,0,0,0,0,0,0,0,0,0,0,0,0,0,0,0,0,0,287,0,0,0,0,0,0,0,2,0,0,0,6121,0,0,0,0,0,0,0,0,0,0,0,87,16699,0,28165,5231,1780,827,131,148,4,6,280,2746,46135,102,0,0,0,0,0,1,0,0,0,0,0,0,0,0,0,0,25,0,0,0,0,0,0,0,0,0,0,0,0,0,0,0,229,0,22,0,0,0,0,0,0,0,0,0,0,38366,80238,3381,327475,0,0,70488,8,1,0
AR,05095,24875,1143,33176,3687,93679,0,1,0,0,0,0,0,0,0,1364,0,25661,0,0,0,0,0,0,0,0,0,36,0,0,0,0,0,0,0,0,0,0,0,0,0,0,0,0,0,0,29,0,0,0,30745,0,0,0,0,0,0,0,9,0,0,0,2,7621,0,14552,1605,287,85,31,3174,282,2585,1,360,152442,163,0,0,0,0,0,0,0,0,0,0,0,0,0,0,0,0,0,0,0,0,0,0,0,0,0,0,0,0,0,0,0,0,0,5,96,0,0,0,0,0,0,0,0,0,0,24971,1143,3687,119441,0,0,27025,5,0,0
AR,05097,0,0,0,0,0,0,0,0,0,0,0,0,0,0,2,0,0,0,0,0,0,0,0,0,0,0,0,0,0,0,0,0,0,0,0,0,0,0,0,0,0,0,0,0,0,0,0,0,0,0,0,0,0,0,0,0,0,0,0,0,0,0,11845,0,15638,2063,171,42,133,284739,95697,43312,1378,56705,427,6,0,0,0,0,0,0,0,0,0,0,0,0,0,0,0,0,0,0,0,0,0,0,0,0,0,0,0,0,0,0,0,0,0,0,0,0,0,0,0,0,0,0,0,0,0,0,0,0,0,0,0,2,0,0,0
AR,05099,11,0,1,1,56,0,0,0,0,0,0,0,0,0,4,0,3,0,0,0,0,0,0,0,0,0,0,0,0,0,0,0,0,0,0,0,0,0,0,0,0,0,2,0,0,0,0,0,0,30,0,0,0,0,0,0,0,1,0,0,0,2,1269,0,9467,7848,470,94,26,40685,220783,5554,29224,50238,31495,32,0,0,0,0,0,0,0,0,0,0,0,0,0,0,0,0,0,0,0,0,0,0,0,0,0,0,0,0,0,0,0,0,0,0,0,0,0,0,0,0,0,0,0,0,0,11,0,1,59,0,0,7,0,0,0
AR,05101,0,0,0,0,0,0,0,0,0,0,0,0,0,0,0,0,0,0,0,0,0,0,0,0,0,0,0,0,0,0,0,0,0,0,0,0,0,0,0,0,0,0,0,0,0,0,0,0,0,0,0,0,0,0,0,0,0,0,0,0,0,0,189,0,15621,890,81,14,14,439878,16254,782,30,53048,20,0,0,0,0,0,0,0,0,0,0,0,0,0,0,0,0,0,0,0,0,0,0,0,0,0,0,0,0,0,0,0,0,0,0,0,0,0,0,0,0,0,0,0,0,0,0,0,0,0,0,0,0,0,0,0,0
AR,05103,1,0,1,5,12,0,0,0,0,0,0,0,0,0,1,0,2,0,0,0,0,0,0,0,0,0,0,0,0,0,0,0,0,0,0,0,0,0,0,0,0,0,7,0,0,0,0,0,0,4,0,0,0,0,0,0,0,4,0,0,0,0,5640,0,13037,17041,1575,302,604,9874,259164,6701,34091,13320,111790,167,0,0,0,0,0,0,0,0,0,0,0,0,0,0,0,0,0,0,0,0,0,0,0,0,0,0,0,0,0,0,0,0,0,0,0,0,0,0,0,0,0,0,0,0,0,1,0,5,14,0,0,3,0,0,0
AR,05105,310,0,1085,31,4172,0,0,0,0,0,0,0,0,0,180,0,395,0,0,0,0,0,0,0,0,0,0,0,0,0,0,0,0,0,0,0,0,0,0,0,0,1,0,0,0,0,0,0,0,71,0,0,0,0,0,0,0,3,0,0,0,0,6296,0,14058,1706,144,19,87,113618,141129,22938,2678,44937,4616,273,0,0,0,0,0,0,0,0,0,0,0,0,0,0,0,0,0,0,0,0,0,0,0,0,0,0,0,0,0,0,0,0,0,0,0,0,0,0,0,0,0,0,0,0,0,310,0,31,4567,0,0,575,0,0,0
AR,05107,55537,5332,15799,20065,172150,0,2,0,0,1,0,0,0,0,4405,0,38069,0,0,0,0,0,0,0,0,0,515,0,0,0,0,0,0,0,0,0,0,0,0,0,0,0,0,0,0,1,0,0,0,14553,0,0,0,0,0,0,0,677,0,0,0,0,21503,0,18746,1970,477,157,1091,13463,452,988,1,2297,76398,179,0,0,0,0,0,0,0,0,0,0,0,0,0,0,0,0,0,0,0,2,0,0,0,0,0,0,0,0,0,638,0,0,0,0,0,0,0,0,0,0,0,0,0,0,0,55539,5332,20703,210219,0,0,43114,0,0,0
AR,05109,5,0,0,2,14,0,0,0,0,0,0,0,0,0,1,0,6,0,0,1,0,0,0,0,0,0,0,0,0,0,0,0,0,0,0,0,0,0,0,0,0,0,0,0,0,0,0,0,0,868,0,0,0,0,0,0,0,0,0,0,0,0,7215,0,17156,2856,294,71,112,105245,156043,32119,13369,52303,5184,13,0,0,0,0,0,0,0,0,0,0,0,0,0,0,0,0,0,0,0,0,0,0,0,0,0,0,0,0,0,0,0,0,0,0,0,0,0,0,0,0,0,0,0,0,0,5,0,2,20,0,0,7,0,0,0
AR,05111,28003,16585,80435,2311,198583,0,3,0,0,0,0,0,0,0,5128,0,24772,0,1,0,0,0,0,0,0,0,0,0,0,0,0,0,0,0,0,4,0,1,0,0,0,0,0,0,0,73,0,0,0,16959,0,0,0,0,0,0,0,1,0,0,0,319,6939,0,22002,2865,644,187,86,19704,58,147,14,8378,53960,214,0,0,0,0,0,0,0,0,0,0,0,0,0,0,0,0,0,0,0,0,0,0,0,0,0,0,0,0,0,0,0,0,238,0,25,0,0,0,0,0,0,0,0,0,0,28028,16823,2311,223618,0,0,29900,1,0,0
AR,05113,2,0,0,1,2,0,0,0,0,0,0,0,0,0,4,0,0,0,0,1,0,0,0,0,0,0,0,0,0,0,0,0,0,0,0,0,0,0,0,0,0,0,0,0,0,0,0,0,0,0,0,0,0,0,0,0,0,0,0,0,0,0,1365,0,21355,3722,574,212,213,279259,118802,27576,2110,96631,81,15,0,0,0,0,0,0,0,0,0,0,0,0,0,0,0,0,0,0,0,0,0,0,0,0,0,0,0,0,0,0,0,0,0,0,0,0,0,0,0,0,0,0,0,0,0,2,0,1,2,0,0,4,0,0,0
AR,05115,236,0,1256,0,6248,0,0,0,0,0,0,0,0,0,658,0,2925,0,0,1,0,0,0,0,0,0,0,0,0,0,0,0,0,0,0,0,0,0,0,0,0,0,0,0,0,0,0,0,0,182,0,0,0,0,0,0,0,69,0,0,0,0,11727,0,17377,7535,1635,651,461,234751,119904,8931,377,111690,5033,49,0,0,0,0,0,0,0,0,0,0,0,0,0,0,0,0,0,0,0,0,0,0,0,0,0,0,0,0,0,0,0,0,0,0,0,0,0,0,0,0,0,0,0,0,0,236,0,0,9173,0,0,3583,0,0,0
AR,05117,16366,292,54700,724,123742,0,1,0,1,0,0,0,0,0,2051,0,9291,0,56,0,0,0,0,0,0,0,0,0,0,0,0,0,0,1,0,0,0,0,0,0,0,0,0,0,0,4,0,0,0,30743,0,0,0,0,0,0,0,13,0,0,0,323,22550,0,18235,942,251,126,51,25493,7336,8128,43,18527,91964,455,0,0,0,0,0,0,0,0,0,0,0,0,0,3,0,0,0,0,0,5,0,0,0,0,0,0,0,0,0,0,0,0,0,15,2,0,0,0,0,0,0,0,0,0,0,16373,292,724,133050,0,0,11347,71,0,0
AR,05119,5665,15,2770,712,23886,2,0,0,0,0,0,0,0,0,3557,0,2974,0,1,0,0,0,0,0,0,0,0,0,0,0,0,0,0,0,0,0,0,0,0,0,0,3,1,0,0,0,1,0,0,13423,0,0,0,0,0,0,0,473,0,0,0,228,28621,0,38613,45264,16160,9129,1605,159486,51925,2402,11446,59425,38815,241,0,0,0,0,0,0,0,0,0,0,0,0,0,0,0,0,0,0,0,0,0,0,0,0,0,0,0,0,0,0,0,0,0,8,0,0,0,0,0,0,0,0,0,0,0,5665,15,712,26868,0,0,6531,9,0,0
AR,05121,8084,1,26544,1118,40750,0,1329,0,0,0,0,0,0,0,222,0,787,0,0,0,0,0,0,0,0,0,0,0,0,0,0,0,0,1,0,0,0,0,0,0,0,0,0,0,0,40,0,0,0,1627,0,0,0,0,0,0,0,8,0,0,0,20,3140,0,15009,1955,403,151,58,192861,1801,9796,47,90329,23656,10,0,0,0,0,0,0,0,0,0,0,0,0,0,0,0,0,0,0,0,0,0,0,0,0,0,0,0,0,0,112,0,0,0,0,0,0,0,0,0,0,0,0,0,0,0,8084,1,1230,41537,0,0,1121,0,0,0
AR,05123,19045,16964,30689,12824,152603,7,18,0,0,24,0,0,0,0,7561,0,17612,0,22,0,0,0,0,0,0,0,4,0,0,0,0,0,0,0,0,49,0,0,0,0,0,0,0,0,0,18,0,0,0,20635,0,0,0,0,0,0,0,5,0,0,0,33,6310,0,19330,3053,638,201,119,31955,61,2109,29,6255,62887,89,0,0,0,0,0,0,0,0,0,0,0,0,0,0,0,0,0,0,0,0,0,0,0,0,0,0,0,0,0,0,0,0,0,0,0,0,0,0,0,0,0,0,0,0,0,19045,16964,12824,170215,0,0,25173,22,0,0
AR,05125,5,0,3,3,28,0,0,0,0,0,0,0,0,0,1,0,0,0,0,0,0,0,0,0,0,0,0,0,0,0,0,0,0,0,0,0,0,0,0,0,0,0,3,0,0,0,2,0,0,20,0,0,0,0,0,0,0,3,0,0,0,0,5416,0,23893,13488,3140,922,391,164884,161541,16902,24504,35986,16323,63,0,0,0,0,0,0,0,0,0,0,0,0,0,0,0,0,0,0,0,0,0,0,0,0,0,0,0,0,0,0,0,0,0,0,0,0,0,0,0,0,0,0,0,0,0,5,0,3,28,0,0,1,0,0,0
AR,05127,1,0,0,0,1,0,0,0,0,0,0,0,0,0,3,0,0,0,0,0,0,0,0,0,0,0,0,0,0,0,0,0,0,0,0,0,0,0,0,0,0,0,0,0,0,0,0,0,0,3,0,0,0,0,0,0,0,0,0,0,0,0,1981,0,18863,2686,235,58,54,213667,219534,42008,835,74771,124,5,0,0,0,0,0,0,0,0,0,0,0,0,0,0,0,0,0,0,0,0,0,0,0,0,0,0,0,0,0,0,0,0,0,0,0,0,0,0,0,0,0,0,0,0,0,1,0,0,1,0,0,3,0,0,0
AR,05129,1,0,0,1,0,0,0,0,0,0,0,0,0,0,0,0,0,0,0,0,0,0,0,0,0,0,0,0,0,0,0,0,0,0,0,0,0,0,0,0,0,0,0,0,0,0,0,0,0,0,0,0,0,0,0,0,0,0,0,0,0,0,575,0,13315,1565,141,34,60,303017,8498,1459,147,98973,68,1,0,0,0,0,0,0,0,0,0,0,0,0,0,0,0,0,0,0,0,0,0,0,0,0,0,0,0,0,0,0,0,0,0,0,0,0,0,0,0,0,0,0,0,0,0,1,0,1,0,0,0,0,0,0,0
AR,05131,618,0,3,74,2119,0,0,0,0,0,0,0,0,0,167,0,735,0,0,1,0,0,0,0,0,0,0,0,0,0,0,0,0,0,0,0,0,0,0,0,0,0,0,0,0,0,0,0,0,656,0,0,0,0,0,0,0,0,0,0,0,0,6781,0,19680,16487,4673,2113,435,127196,30586,11583,2630,120890,2086,71,0,0,0,0,0,0,0,0,0,0,0,0,0,0,0,0,0,0,0,0,0,0,0,0,0,0,0,0,0,0,0,0,0,0,0,0,0,0,0,0,0,0,0,0,0,618,0,74,2854,0,0,902,0,0,0
AR,05133,3,0,0,10,24,0,0,0,0,0,0,0,0,0,224,0,24,0,0,0,0,0,0,0,0,0,0,0,0,0,0,0,0,0,0,0,0,0,0,0,0,0,0,0,0,0,0,0,0,2,0,0,0,0,0,0,0,3,0,0,0,0,10642,0,15062,3762,402,113,299,110410,90767,23416,4799,86629,25417,63,0,0,0,0,0,0,0,0,0,0,0,0,0,0,0,0,0,0,0,0,0,0,0,0,0,0,0,0,0,0,0,0,0,0,0,0,0,0,0,0,0,0,0,0,0,3,0,10,48,0,0,248,0,0,0
AR,05135,0,0,0,0,8,0,0,0,0,0,0,0,0,0,0,0,7,0,0,0,0,0,0,0,0,0,0,0,0,0,0,0,0,0,0,0,0,0,0,0,0,0,0,0,0,0,0,0,0,6,0,0,0,0,0,0,0,0,0,0,0,0,1409,0,17128,2560,312,102,98,237363,8109,35084,114,85628,142,0,0,0,0,0,0,0,0,0,0,0,0,0,0,0,0,0,0,0,0,0,0,0,0,0,0,0,0,0,0,0,0,0,0,0,0,0,0,0,0,0,0,0,0,0,0,0,0,0,15,0,0,7,0,0,0
AR,05137,5,0,0,0,319,0,0,0,0,0,0,0,0,0,0,0,209,0,0,0,0,0,0,0,0,0,0,0,0,0,0,0,0,0,0,0,0,0,0,0,0,0,0,0,0,0,0,0,0,25,0,0,0,0,0,0,0,0,0,0,0,0,2004,0,11770,2255,182,71,108,268963,26595,18519,236,58561,199,0,0,0,0,0,0,0,0,0,0,0,0,0,0,0,0,0,0,0,0,0,0,0,0,0,0,0,0,0,0,0,0,0,0,0,0,10,0,0,0,0,0,0,0,0,0,5,0,0,528,0,0,209,0,0,0
AR,05139,0,0,1,16,5,0,0,0,0,0,0,0,0,0,0,0,0,0,0,0,0,0,0,0,0,0,0,0,0,0,0,0,0,0,0,0,0,0,0,0,0,0,8,0,0,0,0,0,0,2,0,0,0,0,0,0,0,10,0,0,0,0,9203,0,12187,27898,3485,936,110,3375,405199,11237,54386,10387,133424,3532,0,0,0,0,0,0,0,0,0,0,0,0,0,0,0,0,0,0,0,0,0,0,0,0,0,0,0,0,0,0,0,0,0,0,0,0,0,0,0,0,0,0,0,0,0,0,0,16,5,0,0,0,0,0,0
AR,05141,0,0,0,0,0,0,0,0,0,0,0,0,0,0,2,0,0,0,0,0,0,0,0,0,0,0,0,0,0,0,0,0,0,0,0,0,0,0,0,0,0,0,0,0,0,0,0,0,0,1,0,0,0,0,0,0,0,0,0,0,0,0,7759,0,17141,2899,246,66,137,281835,63607,14031,894,74575,335,5,0,0,0,0,0,0,0,0,0,0,0,0,0,0,0,0,0,0,0,0,0,0,0,0,0,0,0,0,0,0,0,0,0,0,0,0,0,0,0,0,0,0,0,0,0,0,0,0,0,0,0,2,0,0,0
AR,05143,155,0,0,77,0,0,0,0,0,0,0,0,0,0,79,0,4,0,0,0,0,0,0,0,0,0,0,0,0,0,0,14,0,0,0,0,0,0,0,0,0,0,0,0,0,0,0,0,0,0,0,0,0,0,0,0,0,0,0,0,0,0,4018,0,32867,15504,5029,2025,434,304297,3032,188,4,243967,162,0,0,0,0,0,0,0,0,0,0,0,0,0,0,0,0,0,0,0,0,0,0,0,0,0,0,0,0,0,0,0,0,0,0,0,0,0,0,0,0,0,0,0,0,0,0,155,0,77,4,0,0,83,0,0,0
AR,05145,8335,0,12484,635,47561,1,250,0,0,0,0,0,0,0,3298,0,3177,0,1,0,0,0,0,0,0,0,0,0,0,0,0,0,0,58,0,0,0,0,0,0,0,0,0,0,0,1,0,0,0,42072,0,0,0,0,0,0,0,8,0,0,0,101,10212,0,24020,8731,2084,1021,225,165162,37937,28287,425,205198,64096,1495,0,0,0,0,0,0,0,0,0,0,0,0,0,0,0,0,0,0,0,0,0,0,0,0,0,0,0,0,0,0,0,0,0,0,168,0,0,0,0,0,0,0,0,0,0,8503,0,635,50906,0,0,6475,1,0,0
AR,05147,20011,1036,48174,4600,138260,0,270,0,0,0,0,0,0,0,2731,0,15211,0,28,0,0,0,0,0,0,0,0,0,0,0,0,0,0,2,0,0,0,0,0,0,0,0,0,0,0,98,0,0,0,43605,0,0,0,0,0,0,0,26,0,0,0,533,4550,0,14291,1004,205,53,33,944,756,147,0,612,82534,472,0,0,0,0,0,0,0,0,0,0,0,0,0,0,0,0,0,0,0,0,0,0,0,0,0,0,0,0,0,0,0,0,0,0,12,0,0,0,0,0,0,0,0,0,0,20023,1036,4600,153483,0,0,17942,28,0,0
AR,05149,948,0,383,1,7034,0,0,0,0,0,0,0,0,0,794,0,1738,0,0,56,0,0,0,0,0,0,0,0,0,0,0,0,0,0,0,0,0,0,0,0,0,0,0,0,0,0,0,0,0,104,0,0,0,0,0,0,0,0,0,0,0,0,11045,0,19785,4471,399,101,266,180775,198745,39296,2947,119793,18502,87,0,0,0,0,0,0,0,0,0,0,0,0,0,0,0,0,0,0,0,0,0,0,0,0,0,0,0,0,0,0,0,0,0,0,0,0,0,0,0,0,0,0,0,0,0,948,0,1,8772,0,0,2532,0,0,0
CA,06001,8,0,1,0,0,0,0,0,0,0,0,16,0,1,778,0,0,0,431,0,0,0,0,48,0,0,620,559,0,0,0,0,0,1,0,0,0,0,0,3,0,165,6,0,0,0,4,0,0,1624,2,0,0,3874,0,9,0,0,5,6,0,0,19534,0,36631,35519,73085,24003,201,6,8397,76204,31258,157965,342,4212,0,36,0,0,0,0,1,0,0,0,0,0,0,0,0,0,0,0,2,1,504,0,1,0,0,0,0,0,0,0,0,0,0,0,0,0,0,0,0,0,0,0,0,0,0,513,0,0,0,16,0,779,935,0,0
CA,06003,0,0,0,0,0,0,0,0,0,0,0,0,0,0,0,0,0,0,0,0,0,0,0,0,0,0,8,180,0,0,0,0,0,0,0,0,0,0,0,0,0,0,0,0,0,0,0,0,0,0,0,0,0,0,0,0,0,0,0,0,0,0,3438,0,2012,1420,129,4,15526,196,196511,1,249457,5703,2,1305,0,0,0,0,0,0,0,0,0,0,0,0,0,0,0,0,0,0,0,0,0,0,0,0,0,0,0,0,0,0,0,0,0,0,0,0,0,0,0,0,0,0,0,0,0,0,0,0,0,0,0,0,0,0,0
CA,06005,242,0,1,0,0,0,0,0,0,0,0,2,0,0,484,0,0,0,40,0,0,0,0,1,0,0,354,980,0,0,0,0,0,0,0,0,0,0,0,0,0,0,0,0,0,0,15,2,0,172,11,0,0,2743,0,0,0,0,30,125,0,0,6272,0,10234,3994,1088,250,1894,18931,148720,2026,62785,125379,74,54,1,79,0,0,0,0,1,1,0,0,0,0,0,0,0,0,0,0,0,0,0,0,0,0,0,0,0,0,0,0,0,0,0,0,0,0,0,0,0,0,0,0,0,0,0,242,0,0,0,2,0,484,40,0,0
CA,06007,2186,9,106060,125,0,2177,0,0,0,0,0,152,0,3,4361,0,0,89,235,0,0,1,0,47,0,0,2721,1164,0,0,0,140,0,102,0,0,0,23,0,105,0,18,95,0,0,0,157,15,0,58400,319,502,0,285,0,580,0,205,48644,42865,7,0,22199,0,31233,16443,10326,2296,2250,35170,423730,179,57483,177672,3255,8787,42,85,2,0,0,0,1743,126,1,0,4,2,0,0,8683,20,0,1,40,5,21,0,0,0,0,0,0,0,0,0,11,0,0,0,0,2,0,0,0,0,0,0,0,0,0,2223,9,125,0,163,0,4366,256,0,0
CA,06009,1,0,0,0,0,0,0,0,0,0,0,0,0,0,12,0,0,0,2,0,0,0,0,0,0,0,24,8,0,0,0,0,0,1,0,0,0,0,0,0,0,0,0,0,0,0,1,0,0,36,11,0,0,537,0,0,0,0,36,424,0,0,13442,0,14603,4903,881,153,227,35966,263130,3483,108452,216664,72,184,1,0,0,0,0,0,1,0,0,0,0,0,0,0,0,0,0,0,0,0,0,0,0,0,0,0,0,0,0,0,0,0,0,0,0,0,0,0,0,0,0,0,0,0,0,1,0,0,0,0,0,12,2,0,0
CA,06011,6610,394,152622,36,0,10734,0,0,0,0,0,142,0,2,11555,0,0,935,1033,34,0,6,0,1196,0,0,12415,2367,0,0,0,3032,0,16,0,0,0,259,27,82,1,155,16003,0,0,107,127,107,0,44412,6,1,0,3131,0,9,0,274,47716,18553,1,0,3621,0,18554,4561,2022,328,1479,737,30492,5640,170333,146785,2346,16205,46,378,77,0,0,0,874,1,322,0,122,4,0,0,1012,4,2,0,6,10,12,0,15,0,0,0,0,3,0,46,1,0,0,0,0,0,0,0,0,0,0,0,0,0,0,6633,394,85,0,143,3,11611,1045,0,0
CA,06013,11174,0,33,40,0,57,0,0,0,0,0,200,0,16,1961,0,0,5,224,0,0,7,0,1050,0,0,8513,2245,0,0,1,56,0,42,0,0,0,2,2,5,0,66,821,0,0,0,3905,18,0,9125,40,0,0,4277,0,1,0,0,79,399,18,0,26058,0,60332,46298,50426,10905,207,176,6414,66414,11177,150412,1027,10409,0,599,0,2,0,0,48,0,7,0,7,0,0,0,1,0,0,0,4,198,24,0,0,0,0,0,0,0,0,0,0,0,0,0,0,0,0,0,0,0,0,0,0,0,0,11396,0,40,0,200,0,2159,248,0,0
CA,06015,0,0,0,0,0,0,0,0,0,0,0,0,0,0,0,0,0,0,0,0,0,0,0,0,0,0,0,0,0,0,0,0,0,0,0,0,0,0,0,0,0,0,0,0,0,0,0,0,0,0,0,0,0,0,0,0,0,0,0,0,0,0,3958,0,26574,2638,1569,325,945,8298,458680,47762,71319,20190,3539,2853,0,0,0,0,0,0,0,0,0,0,0,0,0,0,0,0,0,0,0,0,0,0,0,0,0,0,0,0,0,0,0,0,0,0,0,0,0,0,0,0,0,0,0,0,0,0,0,0,0,0,0,0,0,0,0
CA,06017,0,0,0,0,0,0,0,0,0,0,0,2,0,0,10,0,0,0,0,0,0,0,0,0,0,0,0,5,0,0,0,0,0,0,0,0,0,0,0,0,0,0,0,0,0,0,0,0,0,10,0,0,0,1196,0,0,0,0,0,0,0,0,48630,0,27401,16176,3359,854,11366,21042,700279,7062,205344,101100,2,575,0,0,0,0,0,0,0,0,0,0,0,2,0,0,0,0,0,0,0,0,0,0,0,0,0,0,0,0,0,0,0,0,0,0,0,0,0,0,0,0,0,0,0,0,0,0,0,0,0,2,0,10,0,0,0
CA,06019,7376,67884,2565,1992,0,1,0,0,1880,0,0,19284,10387,28,124208,0,0,39,6966,0,0,0,0,866,0,0,89519,4066,0,0,2,9595,16,57,0,25,1,1476,15310,0,0,144,119096,0,0,250,44,8,0,153598,3118,42239,4,191232,0,507,1775,2,224932,17805,117,0,32113,512,97670,46467,50325,13264,249025,1179,840444,21964,560019,647972,4152,4163,55472,4072,400,322,11949,3678,951,52498,972,137,118,6600,144,0,1125,2,48,162,155,12048,3576,6525,0,0,0,0,0,0,199,821,905,3,0,0,0,115,800,0,0,0,0,0,0,0,0,23905,67887,3012,0,20388,10387,137080,10542,3678,6525
CA,06021,12170,1518,88905,154,0,5499,0,0,4,0,0,340,0,0,11479,0,0,417,1309,3,0,0,0,157,0,0,14454,5502,0,0,0,511,0,197,0,0,0,30,16,232,2,218,101,0,0,45,3,8,0,40014,9,0,0,1168,0,50,0,164,50172,31223,0,0,4948,0,26314,4469,2816,703,5356,7730,95365,12357,157638,239898,2663,6623,1913,841,10,0,0,0,8637,162,2,0,9,0,0,0,1287,434,3,0,4,1931,815,0,0,0,0,0,0,0,0,0,135,0,0,0,0,106,0,0,0,0,0,0,0,0,0,15051,1518,154,0,475,0,13410,2124,0,0
CA,06023,0,0,0,0,0,0,0,0,0,0,0,0,0,0,0,0,0,0,0,0,0,0,0,0,0,0,1,15343,0,0,0,0,0,0,0,0,0,0,0,0,0,0,0,0,0,0,0,0,0,4,0,0,0,19,0,0,0,0,0,1,0,0,13230,0,58779,9258,7147,704,11324,63914,1588591,107424,224285,183141,6481,3895,0,0,0,0,0,0,0,0,0,0,0,0,0,0,0,0,0,0,0,0,0,0,0,0,0,0,0,0,0,0,0,0,0,0,0,0,0,0,0,0,0,0,0,0,0,0,0,0,0,0,0,0,0,0,0
CA,06025,146,5412,0,0,0,127,0,0,2558,0,0,67,54213,0,0,323,0,214,5951,0,0,353,0,0,0,0,151874,66920,0,0,23382,127,2403,757,0,0,13262,1606,6597,0,0,128,0,0,0,83,0,186,0,65958,0,1,0,89,0,310,42259,193,618,0,0,116,198774,0,20167,46177,11899,1004,736172,180,187,103,1354644,568,17884,2952,0,0,8391,14,0,2131,10,0,64,3076,0,0,0,4226,0,0,0,0,0,0,0,9714,0,2551,1,1,0,0,0,0,0,0,0,0,0,0,847,388,0,0,0,0,0,0,0,146,5413,0,0,67,56764,0,5951,2132,12267
CA,06027,2,0,0,0,0,0,0,0,0,0,0,0,0,0,4,0,0,0,0,0,0,0,0,0,0,0,1371,434,0,0,0,0,0,0,0,0,0,0,0,0,0,0,0,0,0,0,0,0,0,369,0,0,0,0,0,0,0,0,0,0,0,0,6269,842,20844,12831,1082,99,385614,438,324608,145,5739085,24538,5574,21198,1,0,0,0,0,0,1,3,0,0,0,0,0,0,0,0,0,0,0,0,0,0,0,0,0,0,0,0,0,0,0,0,0,0,0,0,0,0,0,0,0,0,0,0,0,2,0,0,0,0,0,4,0,0,0
CA,06029,13205,52037,4,555,0,0,0,0,0,0,0,2666,87,0,43052,0,0,1,6057,0,0,0,0,104,0,0,94275,899,0,0,0,2,9073,485,0,304,111,1130,4988,0,0,2367,11026,0,0,0,3,12,0,303390,4149,55,2576,82684,0,1591,2061,296,234872,2418,8,0,12643,0,182938,59404,52981,11140,232429,21503,284017,4977,2040934,1274661,2968,5452,71937,1487,7165,687,1121,0,81,32729,218,138,1610,4735,187,53,209,12,307,0,0,30389,178,80,0,0,0,0,0,1,63,6671,48,138,0,0,0,397,0,0,0,0,0,0,0,0,0,43820,52175,7290,0,2777,88,80250,6235,0,80
CA,06031,13675,102180,2,1067,0,0,0,0,0,0,0,9637,3054,8,65054,0,0,40,3618,0,0,0,0,10122,0,0,69233,1479,4,0,0,971,41,35,0,0,0,10,2430,0,0,279,19166,0,0,303,0,0,0,216805,137,1410,1,8965,0,205,7,0,36528,19570,0,0,10117,0,24949,9512,13292,2931,5457,0,15,1925,18261,140172,193,254,27521,2782,213,94,1815,627,19,282,145,34,39,2093,161,0,1276,0,3,55,12,33098,423,130,0,0,0,0,0,23,866,5649,6,45,0,0,0,4,0,0,0,0,0,0,0,0,0,47202,102225,7605,0,10509,3077,103846,4041,627,130
CA,06033,1,0,0,0,0,0,0,0,0,0,0,0,0,0,12,0,0,37,35,0,0,0,0,0,0,0,1,578,0,0,0,0,0,0,0,0,0,0,0,0,0,0,0,0,0,0,0,0,0,9,0,0,0,11267,0,0,0,0,8,26,0,0,43452,0,36897,5656,437,105,1341,11214,208623,49745,413377,66905,500,627,0,0,0,0,0,0,0,0,0,0,0,0,0,0,0,0,0,0,0,0,0,0,0,0,0,0,0,0,0,0,0,0,0,0,0,0,0,0,0,0,0,0,0,0,0,1,0,0,0,0,0,12,35,0,0
CA,06035,0,0,0,0,0,0,0,0,0,0,77,660,0,396,4931,0,0,937,216,0,0,19,0,0,0,0,19851,22999,48,0,0,0,0,379,0,0,0,0,1,0,0,0,2,0,0,0,0,0,0,6895,0,0,0,10,0,0,0,0,0,3,0,0,91313,0,19840,8206,1499,337,14710,14,923139,378,1758878,129802,1976,12180,0,1234,8,0,87,0,0,0,0,0,0,0,0,0,0,0,0,0,0,0,0,0,0,0,0,0,0,0,0,0,0,0,0,0,0,0,0,0,0,0,0,0,0,0,0,0,0,0,0,660,0,4931,216,0,0
CA,06037,1,29,0,3,0,0,0,0,0,0,0,349,0,0,149,0,0,0,4,0,0,0,0,0,0,0,1755,448,0,0,0,105,0,0,0,0,2,1,13,0,0,0,3,0,0,0,0,0,0,5884,1,0,0,7,0,0,0,0,25,0,0,0,9545,0,226314,204715,336870,115545,106323,59,113139,34728,1214016,243253,1761,530,224,0,0,0,0,0,0,0,0,0,0,0,0,0,0,0,0,0,0,26,0,0,0,0,0,0,0,0,0,1,0,16,0,0,0,0,0,0,0,0,0,0,0,0,0,27,45,4,0,349,0,192,4,0,0
CA,06039,2048,2284,10,94,0,0,0,0,30,0,0,111,13,95,15770,0,0,0,6153,0,0,0,0,3,0,0,29811,2683,0,0,0,34,0,57,0,70,0,2,100,0,0,6,4536,0,0,0,7,1,0,22217,288,165,0,115016,0,12,3,0,121117,757,0,0,8713,670,35470,9036,4545,1065,54057,13454,434853,76,144944,319806,808,280,14117,37,624,2,7,88,349,121,14,1,2,494,5,0,270,0,0,1,0,9426,1061,12,0,0,0,0,0,0,0,15,0,0,0,0,0,6,6,0,0,0,0,0,0,0,0,12535,2284,109,0,111,13,25211,7214,88,12
CA,06041,0,0,0,0,0,0,0,0,0,0,0,0,0,0,0,0,0,0,2843,0,0,0,0,0,0,0,2,4,0,0,0,0,0,0,0,0,0,0,0,0,0,0,0,0,0,0,0,0,0,69,0,0,0,1652,0,0,0,0,0,0,0,0,4304,0,25090,13091,10821,1666,383,5725,72911,24700,43431,122877,1466,4803,0,0,0,0,0,0,0,0,0,0,0,0,0,0,0,0,0,0,0,0,0,0,0,0,0,0,0,0,0,0,0,0,0,0,0,0,0,0,0,0,0,0,0,0,0,0,0,0,0,0,0,0,2843,0,0
CA,06043,0,0,0,0,0,0,0,0,0,0,0,0,0,0,4,0,0,0,5,0,0,0,0,0,0,0,1,4,0,0,0,0,0,0,0,0,0,0,0,0,0,0,0,0,0,0,0,0,0,14,0,0,0,30,0,3,0,0,65,0,0,0,6388,15,10508,1280,231,44,19824,25910,389645,702,225128,255157,206,178,4,0,0,0,0,0,0,0,0,0,0,0,0,0,0,0,0,0,0,0,0,0,0,0,0,0,0,0,0,0,0,0,0,0,0,4,0,0,0,0,0,0,0,0,0,0,0,0,0,0,0,4,5,0,0
CA,06045,0,0,0,0,0,5,0,0,0,0,0,0,0,0,6,0,0,0,170,0,0,0,0,0,0,0,101,5945,0,0,0,0,0,0,0,0,0,0,0,0,0,0,0,0,0,0,0,0,0,8,0,0,0,17773,0,0,0,0,4,11,0,0,4301,0,103925,6616,2621,390,1796,40065,1249047,108309,503957,200622,1750,74,0,0,0,0,0,0,1,0,0,0,0,0,0,0,0,0,0,0,0,0,0,0,0,0,0,0,0,0,0,0,0,0,0,0,0,0,0,0,0,0,0,0,0,0,0,0,0,0,0,0,0,6,170,0,0
CA,06047,33217,38963,2614,99,0,0,0,0,133,0,0,2190,333,22,49164,0,0,5,21473,0,0,0,0,38,0,0,102863,16017,0,0,0,38,0,147,0,7608,0,156,291,1,0,61,24709,0,0,2,951,27,0,32211,399,541,0,16072,0,116,0,0,135587,4022,0,0,18585,0,47950,17602,11203,1484,7450,214,346,18492,39134,469512,5939,83788,4236,520,0,163,5,473,191,15,500,0,79,1224,0,0,349,1,1,43,0,17463,23902,17,0,0,0,0,0,0,0,2,2,165,0,0,0,4,0,0,0,0,0,0,0,0,0,74584,39128,101,0,2192,333,66794,45375,473,17
CA,06049,0,0,0,0,0,307,0,0,0,0,337,6202,0,8935,4691,0,0,976,584,0,0,0,0,0,0,0,32426,54831,0,0,0,0,4811,1729,0,0,0,0,576,0,0,0,0,0,0,1436,0,0,0,8230,0,0,0,0,0,0,0,0,0,0,0,0,111200,0,22166,2351,371,41,121861,1,736887,37,991122,543040,556,33519,0,609,0,0,332,0,0,0,0,0,0,0,0,0,0,5,0,0,0,0,0,0,0,0,0,0,0,0,0,0,0,0,0,0,0,0,0,0,0,0,0,0,0,0,0,0,0,0,0,6202,0,4691,584,0,0
CA,06051,0,0,0,0,0,0,0,0,0,0,0,0,0,0,1,0,0,0,0,0,0,0,0,0,0,0,3017,1062,0,0,0,0,0,0,0,0,0,0,0,0,0,0,0,0,0,0,0,0,0,39,0,0,0,0,0,1,0,0,0,0,0,0,56326,651,7163,5019,1083,208,95512,1063,459526,377,1282323,85424,2536,2554,0,0,2,0,0,0,0,0,0,0,0,0,0,0,0,0,0,0,0,0,0,0,0,0,0,0,0,0,0,0,0,0,0,0,0,0,0,0,0,0,0,0,0,0,0,0,0,0,0,0,0,1,0,0,0
CA,06053,879,1003,1523,243,0,0,0,0,840,0,0,7015,48,56,3102,0,2,77,3929,0,0,0,0,184,0,0,4916,5396,0,0,2,1111,2,7001,0,80,105,42,292,0,0,160,3708,0,0,38,72,22,0,24110,30,1,2,67791,0,3619,213,0,1209,709,0,0,7142,0,118184,26754,19414,3501,17737,42,286097,181000,619801,669566,16213,12756,101,129,375,56,15,71,77,22,14,0,16,120,0,0,2,1204,13,1,1,198,610,4,2,0,0,0,0,0,0,67,0,248,0,0,0,2,0,0,0,0,0,0,0,0,0,1687,1251,310,2,7015,48,3617,4539,71,4
CA,06055,1,0,2,0,0,1,0,0,0,0,0,1,0,0,26,0,0,3,112,0,0,0,0,0,0,0,5,42,0,0,0,0,0,7,0,0,0,0,0,0,0,0,1,0,0,0,12,1,0,49,1,0,0,36306,0,0,0,0,12,27,2,0,27639,0,13713,9592,7938,1110,84,5486,66806,65548,177908,85696,712,5885,0,4,0,0,0,0,0,0,0,0,0,1,0,0,13,0,0,0,0,0,0,0,0,0,0,0,0,0,0,0,0,0,0,0,0,0,0,0,0,0,0,0,0,0,0,1,0,0,0,1,0,26,112,0,0
CA,06057,0,0,0,0,0,0,0,0,0,0,0,1,0,0,4,0,0,0,0,0,0,0,0,0,0,0,0,2,0,0,0,0,0,0,0,0,0,0,0,0,0,0,0,0,0,0,0,0,0,6,0,0,0,313,0,0,0,0,0,0,0,0,8964,0,18195,8079,2183,655,1296,25847,396683,3953,113551,43890,1,112,0,0,0,0,0,0,0,0,0,0,0,0,0,0,0,0,0,0,0,0,0,0,0,0,0,0,0,0,0,0,0,0,0,0,0,0,0,0,0,0,0,0,0,0,0,0,0,0,0,1,0,4,0,0,0
CA,06059,0,3,0,0,0,0,0,0,0,0,0,0,0,0,10,0,0,0,0,0,0,0,0,0,0,0,0,4,0,0,0,0,0,0,0,0,0,0,0,0,0,0,0,0,0,0,0,0,0,1,0,0,0,0,0,0,0,0,0,0,0,0,2577,0,60621,79730,139269,37708,1382,0,3214,1676,156086,27107,1716,572,0,0,0,0,0,0,0,0,0,0,0,0,0,0,0,55,0,0,0,0,0,0,0,0,0,0,0,0,0,0,0,0,0,0,0,0,0,0,0,0,0,0,0,0,0,0,3,0,0,0,0,10,0,0,0
CA,06061,330,8,14989,6,0,39,0,0,0,0,0,6,0,0,858,0,0,68,196,0,0,0,0,14,0,0,1053,3394,0,0,0,164,0,5,0,0,0,0,0,0,0,85,195,0,0,0,582,3,0,26871,18,11,0,552,0,13,0,0,147,1127,8,0,58876,0,36745,19826,16306,3643,2888,21979,509842,8146,119604,110741,677,747,1,12,0,0,0,0,121,2,0,0,6,1,0,0,257,0,0,0,34,0,0,0,0,0,0,0,0,0,0,0,0,0,0,0,0,0,0,0,0,0,0,0,0,0,0,330,8,6,0,6,0,858,196,0,0
CA,06063,0,0,0,0,0,0,0,0,0,0,0,0,0,0,1,0,0,332,176,0,0,0,0,0,0,0,6281,2257,0,0,0,0,0,0,0,0,0,0,0,0,0,0,0,0,0,0,0,0,0,17,0,0,0,6,0,0,0,0,0,0,0,0,36743,0,12018,4145,850,354,390,451,1194766,84,350706,56072,18,6902,0,4,0,0,0,0,0,0,0,0,0,0,0,0,0,0,0,0,0,0,0,0,0,0,0,0,0,0,0,0,0,0,0,0,0,0,0,0,0,0,0,0,0,0,0,0,0,0,0,0,0,1,176,0,0
CA,06065,605,14889,0,0,0,0,0,0,13,0,0,1820,6890,0,40694,0,0,0,1963,0,0,0,0,0,0,0,56351,6191,0,0,138,0,50,7,0,0,12837,291,28,0,0,0,4,0,0,455,0,0,0,27518,0,28,0,8256,0,1795,13161,0,58,0,0,720,61242,0,188291,136475,114958,8871,299856,464,92654,7035,3230857,323295,9943,1291,0,0,112,0,0,1088,0,1,1398,865,178,0,0,19,0,0,42,0,0,0,0,16,0,0,150,94,0,0,0,0,0,0,0,0,0,0,50,34,0,0,0,10,0,0,0,605,14983,0,0,1820,6890,40694,1963,1238,260
CA,06067,34261,2,7146,50,0,676,0,0,1,0,0,56,0,2,7819,0,0,68,2589,0,0,1,0,2225,0,0,21250,26716,0,0,0,131,12,151,0,0,0,0,35,12,0,42,2792,0,0,0,8297,2461,0,32547,2228,2,113,24368,0,5,0,1,349,1764,5430,0,17995,0,68277,53708,67182,16702,2451,2227,296,2,217,201680,3994,14563,1,2951,0,267,0,0,259,0,0,0,2,1,0,0,35,0,99,0,201,3,342,0,69,0,0,0,0,0,0,4,0,0,0,0,0,0,0,0,0,0,0,0,0,0,0,34606,2,54,0,56,0,7826,2931,0,0
CA,06069,159,68,47,75,0,3,0,0,67,0,0,473,1,7,3775,0,0,12,2385,0,0,0,0,48,0,0,1053,1416,0,0,0,89,0,144,0,3,264,8,124,0,0,26,4424,0,0,2,10,0,0,13079,87,0,0,3353,0,1060,0,0,254,204,0,0,953,0,31332,5071,3356,420,5895,17,30826,71124,317446,389118,1208,182,4,30,34,7,0,0,4,0,1,0,7,117,0,0,1,29,0,11,0,11,17,0,2,0,0,0,0,0,0,0,0,2,0,0,0,0,0,0,0,0,0,0,0,0,0,187,70,75,0,473,1,3788,2402,0,0
CA,06071,1,19,0,0,0,0,0,0,0,0,0,0,106,0,508,28,0,0,1,0,0,0,0,0,0,0,2590,159,0,0,0,0,0,0,0,0,6,1,0,0,0,0,0,0,0,0,0,0,0,451,0,0,0,0,0,29,12,0,6,1,0,0,18024,0,199696,158908,91778,7317,1384518,96,230693,11268,10638670,116294,4952,697,3,0,0,0,0,0,0,46,0,0,0,0,0,0,0,0,0,0,0,0,363,0,0,0,0,0,0,0,0,420,0,0,0,0,0,0,0,0,0,0,0,0,0,0,0,364,19,420,0,0,106,928,364,0,0
CA,06073,0,1,0,0,0,0,0,0,0,0,0,0,0,0,615,0,0,0,0,0,0,0,0,0,0,0,45,17,0,0,0,0,0,0,0,0,1,0,0,0,0,0,0,0,0,0,0,0,0,57,0,0,0,0,0,0,0,0,0,0,0,0,9298,0,191334,119691,155789,40170,296464,11,67267,28676,1477098,311738,12470,2026,0,0,0,0,0,0,0,0,0,0,0,0,0,0,0,0,0,0,0,0,0,0,0,0,0,0,0,0,0,0,0,0,0,0,0,0,0,0,0,0,0,0,0,0,0,0,1,0,0,0,0,615,0,0,0
CA,06075,0,0,0,0,0,0,0,0,0,0,0,0,0,0,0,0,0,0,0,0,0,0,0,0,0,0,0,0,0,0,0,0,0,0,0,0,0,0,0,0,0,0,0,0,0,0,0,0,0,1,0,0,0,29,0,0,0,0,0,0,0,0,393,0,3252,3424,10824,10647,51,26,875,258,92,164,12,37,0,0,0,0,0,0,0,0,0,0,0,0,0,0,0,0,0,0,0,0,0,0,0,0,0,0,0,0,0,0,0,0,0,0,0,0,0,0,0,0,0,0,0,0,0,0,0,0,0,0,0,0,0,0,0
CA,06077,72574,52,4335,39,0,238,0,0,1105,0,0,176,1,620,26437,0,0,26,16282,0,0,1,0,4116,0,0,71959,13352,0,0,188,1953,382,399,0,3,0,1874,777,361,0,613,33929,0,0,10,4950,1412,0,37838,15171,862,661,85735,0,51,0,0,53839,70402,118,0,20849,0,35444,30850,41881,12965,2403,101,66,6180,17042,175525,3187,8462,75,9423,316,1899,0,1,3315,2,1,0,307,128,0,0,53,0,256,174,14,2518,14779,0,1065,0,0,0,0,0,0,0,142,11,0,0,0,21,0,0,0,0,0,0,0,0,0,90013,63,39,0,318,1,28966,31061,1,0
CA,06079,66,419,2,43,0,0,0,0,0,0,0,16493,40,0,1682,0,0,1,3494,0,0,0,0,309,0,0,2536,4047,0,0,0,935,11,2,0,17,124,4,47,0,0,329,318,120,0,57,0,0,0,31717,5,1,2,40897,0,12050,0,0,372,106,0,0,7093,0,100084,19409,10698,529,66363,4,88368,200559,561617,941982,4185,1970,220,56,700,8,4,9,0,14,17,283,8,17,0,1,0,3898,18,1,31,99,5,36,0,0,0,0,0,0,0,46,0,0,0,0,0,41,0,0,0,0,0,0,0,0,0,170,419,89,0,16493,40,1827,3499,9,36
CA,06081,1,0,286,0,0,0,0,0,0,0,0,0,0,0,2,0,0,0,0,0,0,0,0,0,0,0,1,33,0,0,0,3,0,0,0,0,0,0,0,0,0,0,0,0,0,0,0,0,0,12,0,0,0,324,0,0,0,0,0,0,0,0,6798,0,35488,22358,26555,9456,312,45,73057,62208,13636,36665,483,3424,0,0,0,0,0,0,0,0,0,0,0,0,0,0,0,0,0,0,0,0,0,0,0,0,0,0,0,0,0,0,0,0,0,0,0,0,0,0,0,0,0,0,0,0,0,1,0,0,0,0,0,2,0,0,0
CA,06083,138,449,7,106,0,0,0,0,2,0,0,895,100,6,774,0,0,20,1048,0,0,0,0,619,0,0,1061,215,0,0,0,270,30,5,0,18,193,8,198,0,0,392,900,26,0,1385,0,0,0,6866,18,1,8,24138,0,24734,4,0,412,16,0,0,5115,0,75344,26102,16097,445,17764,1,189432,177286,794699,374254,3928,2012,424,61,1061,4,12,88,0,10,68,62,111,29,0,0,0,9752,61,8,36,142,15,119,0,0,0,0,0,0,2,213,0,0,0,0,0,1,0,0,0,0,0,0,0,0,0,295,449,321,0,897,100,1129,1063,88,119
CA,06085,250,15,27,11,0,1,0,0,102,0,0,15,0,4,720,0,0,6,922,0,0,0,0,42,0,0,1000,489,0,0,0,66,0,64,0,0,26,6,23,0,0,30,2806,0,0,0,21,3,0,4891,26,0,1,2316,0,546,0,0,137,112,0,0,11366,0,62947,55484,85179,21109,167,5,55821,217611,147944,155867,1079,1928,1,11,19,27,0,10,1,0,2,0,0,13,0,0,0,5,3,2,0,7,26,0,10,0,0,0,0,0,0,0,0,0,0,0,0,1,0,0,0,0,0,0,0,0,0,283,15,11,0,15,0,727,948,10,0
CA,06087,18,3,71,32,0,0,0,0,6,0,0,0,0,0,26,0,0,2,72,0,0,0,0,3,0,0,252,134,0,0,7,14,0,1903,0,1,2,0,2,0,0,2,98,0,0,0,1,5,0,461,4,0,0,509,0,20,0,0,25,46,0,0,743,0,34185,10680,9230,1948,251,18,143954,40912,9789,27963,997,1247,6,8,2,0,0,1,4,0,0,0,0,0,0,0,0,186,0,0,0,0,13,0,0,0,0,0,0,0,0,0,0,0,0,0,0,0,0,0,0,0,0,0,0,0,0,31,3,32,0,0,0,26,85,1,0
CA,06089,35,0,87,0,0,1,0,0,0,0,1266,133,0,28,2050,0,0,14,423,0,0,0,0,0,0,0,3334,15992,0,0,0,0,24,2269,0,0,0,0,0,0,0,0,0,0,0,0,0,0,0,5236,0,0,0,32,0,0,0,0,10,310,0,5,39717,0,57840,13909,7607,1624,23639,48910,1363188,38218,551686,278298,5073,1177,2,63,0,0,76,0,128,0,0,0,0,0,0,0,82,0,0,0,0,16,0,0,0,0,0,0,0,0,0,0,0,0,0,0,0,12,0,0,0,0,0,0,0,0,0,51,0,0,0,133,0,2066,423,0,0
CA,06091,0,0,0,0,0,0,0,0,0,0,0,0,0,0,0,0,0,4,6,0,0,0,0,0,0,0,1782,970,0,0,0,0,0,0,0,0,0,0,0,0,0,0,0,0,0,0,0,0,0,3,0,0,0,5,0,0,0,0,0,0,0,0,4384,0,5111,1599,251,34,299,899,389563,711,181232,28148,1,727,0,0,0,0,0,0,0,0,0,0,0,0,0,0,0,0,0,0,0,0,0,0,0,0,0,0,0,0,0,0,0,0,0,0,0,0,0,0,0,0,0,0,0,0,0,0,0,0,0,0,0,0,6,0,0
CA,06093,0,0,0,0,0,165,0,0,0,0,356,21079,0,11954,4805,0,0,4709,44,0,0,0,0,0,0,0,94942,17371,0,0,0,0,3151,65,0,0,0,0,697,0,0,0,0,0,0,1192,0,0,0,23922,0,0,0,0,0,0,0,0,0,0,0,0,34152,2872,77094,15862,2460,463,65938,8974,2549033,13284,790497,303205,268,11841,0,664,0,0,2,0,0,0,0,0,0,0,0,0,0,1315,0,0,0,0,0,0,0,0,0,0,0,0,0,0,0,0,0,0,0,0,0,0,0,0,0,0,0,0,0,0,0,0,0,21079,0,4805,44,0,0
CA,06095,11481,18,444,280,0,9090,0,0,242,0,0,616,0,2,20373,0,0,32,3228,68,0,3,0,4283,0,0,30852,14065,0,0,0,218,0,59,0,0,0,1,7,6,0,52,10369,0,0,1,24289,367,0,25644,137,0,76,5348,0,4,0,3,4995,7802,361,0,45260,0,25249,16843,26874,7023,640,475,2191,15717,14960,164464,1078,65930,10,6478,0,2,0,0,628,1,29,0,333,18,0,0,259,0,0,0,21,3,48,0,94,0,0,0,0,0,0,53,0,0,0,0,0,0,0,0,0,0,0,0,0,0,0,11532,18,333,0,616,0,20429,3276,0,0
CA,06097,0,0,0,0,0,0,0,0,0,0,0,0,0,0,0,0,0,0,9918,0,0,0,0,0,0,0,0,9,0,0,0,0,0,0,0,0,0,0,0,0,0,0,0,0,0,0,0,0,0,219,1,0,0,58675,0,0,0,0,0,2,1,0,7166,0,57298,27870,21881,2981,956,14893,307422,81796,163827,253131,2167,7420,0,0,0,0,0,0,0,0,0,0,0,0,0,0,1,0,0,0,0,0,0,0,0,0,0,0,0,0,0,0,0,0,0,0,0,0,0,0,0,0,0,0,0,0,0,0,0,0,0,0,0,0,9918,0,0
CA,06099,7309,2042,816,441,0,1,0,0,436,0,0,250,56,379,11728,0,11,1196,11290,0,0,0,0,552,0,0,43336,25768,0,0,0,2521,0,142,0,425,0,73,18,0,0,293,15635,0,0,50,9323,72,0,11155,1842,1096,0,8391,0,10,0,1,151177,26176,2,0,11260,0,35041,22348,27186,6874,4664,332,379,48086,100290,329029,4877,11765,632,892,37,66,0,119,737,6,45,0,1,275,0,0,62,1,9,435,0,6051,22991,1,20,0,0,0,0,0,0,0,8,10,0,0,0,20,0,0,0,0,0,0,0,0,0,36359,2052,441,11,258,56,17800,34281,119,1
CA,06101,11290,779,118912,766,0,12354,0,0,0,75,0,4,0,21,10057,0,0,326,589,211,0,3,0,1652,0,0,8111,3355,0,0,0,2630,0,864,0,0,0,4,2,0,0,686,11061,0,0,149,679,49,0,60549,58,1543,0,1692,0,147,0,2,6635,29451,128,0,3082,0,16058,7605,5403,1085,404,1210,579,10,2315,33199,3243,12629,1,275,0,0,0,0,687,7,60,0,64,4,0,0,15944,0,0,0,586,16,12,0,48,0,0,0,0,2,0,64,0,0,0,0,0,0,0,0,0,0,0,0,0,0,0,11318,779,832,0,4,2,10137,601,0,0
CA,06103,1002,1,305,4,0,106,0,0,0,0,1,1098,0,0,717,0,0,4,1855,0,0,0,0,1,0,0,4097,9247,0,0,0,8,1,17,0,0,0,0,0,0,0,8,11,0,0,0,0,1,0,5078,14,0,0,224,0,3,0,0,7556,22438,0,95,5174,0,47629,6425,3301,784,4991,20404,439107,17412,458844,798512,14267,1055,1576,696,1,0,0,0,12055,31,0,0,0,0,0,0,9035,10,0,0,0,52,174,0,0,0,0,0,0,0,0,0,2,0,0,0,0,51,0,0,0,0,0,0,0,0,0,1230,1,4,0,1100,0,769,2029,0,0
CA,06105,0,0,0,0,0,0,0,0,0,0,0,0,0,12,10,0,0,1,0,0,0,0,0,0,0,0,10,23,0,0,0,0,0,0,0,0,0,0,0,0,0,0,0,0,0,0,0,0,0,13,0,0,0,17,0,0,0,0,0,0,0,0,17124,2856,54176,1917,184,41,6969,25762,1428081,21071,441078,53437,65,8,0,0,0,0,0,0,0,0,0,0,0,0,0,0,0,0,0,0,0,0,0,0,0,0,0,0,0,0,0,0,0,0,0,0,0,0,0,0,0,0,0,0,0,0,0,0,0,0,0,0,0,10,0,0,0
CA,06107,28069,19022,2,1583,0,0,0,0,0,0,0,7107,21,39,34834,0,0,2,13397,0,0,0,0,34,0,0,80298,2222,1029,0,0,1,149,259,0,1,182,30,186,0,0,1134,697,0,0,0,0,0,0,101336,1816,15808,6,59927,0,1693,4020,1607,69707,46013,349,0,7517,135,51741,19049,24038,3831,157893,25408,895913,383,630815,521746,2931,604,36595,922,263,2,13,0,6194,98011,195,99,85,3156,292,95,5761,0,28,58,0,88664,508,7,0,0,0,0,0,1,1069,19393,316,278,0,0,0,135,0,0,0,0,0,0,0,0,0,117557,19300,22046,0,8492,22,143169,13905,0,7
CA,06109,0,0,0,0,0,0,0,0,0,0,0,0,0,0,2,0,0,0,4,0,0,0,0,0,0,0,1,6,0,0,0,0,0,0,0,0,0,0,0,0,0,0,1,0,0,0,0,0,0,18,0,1,0,191,0,0,0,0,2,4,0,0,27857,487,14095,4644,898,340,123591,18738,691754,301,417194,156946,29,1233,1,0,0,0,0,0,1,0,0,0,0,0,0,0,0,0,0,0,0,0,0,0,0,0,0,0,0,0,0,0,0,0,0,0,0,0,0,0,0,0,0,0,0,0,0,0,0,0,0,0,0,2,4,0,0
CA,06111,4,21,0,0,0,0,0,0,0,0,0,32,2,0,187,0,0,0,4,0,0,0,0,8,0,0,262,10,0,0,0,0,20,0,0,100,1107,0,13,0,0,0,235,0,0,0,0,0,0,214,89,0,0,280,0,545,134,0,181,3,0,0,6194,0,73186,43720,40870,2141,18507,109,139538,66621,583922,198335,4293,5357,51,4,431,0,10,0,0,154,0,5,272,0,0,0,0,1306,16,0,0,144,0,0,0,0,0,0,0,0,0,0,0,0,0,0,0,0,0,0,0,0,0,0,0,0,0,148,21,0,0,32,2,331,4,0,0
CA,06113,18457,43,37054,243,0,25141,0,0,2,4,0,3513,0,175,34128,0,0,175,3471,84,0,167,0,6873,0,0,44068,10995,0,0,0,1304,0,2148,0,0,0,44,49,9,32,205,37539,0,0,1,6591,391,0,77132,155,2,9,18479,0,56,0,7,17683,13870,456,0,5839,0,19185,9403,11655,3624,1030,81,5341,14647,79310,125085,603,7679,265,3218,0,5,0,0,4507,0,787,0,337,1,0,0,778,2,1,0,501,7,7,0,68,0,0,0,0,155,0,7,0,0,0,0,0,1,0,0,0,0,0,0,0,0,0,18471,43,405,0,3513,155,34142,3478,0,0
CA,06115,1111,7,38774,9,0,188,0,0,0,1,0,2,0,0,704,0,0,1130,286,1,0,1,0,31,0,0,2130,2842,0,0,0,100,0,187,0,0,0,0,0,0,0,30,480,0,0,0,1427,6,0,36007,242,1093,0,435,0,361,0,5,2115,14448,982,0,8430,0,18287,3676,2894,695,3977,23838,130594,817,8364,93649,1413,1879,1,56,0,0,0,0,202,2,0,0,5,4,0,0,7812,0,0,0,62,0,2,0,6,0,0,0,0,0,0,0,1,0,0,0,0,0,0,0,0,0,0,0,0,0,0,1114,7,9,0,3,0,704,288,0,0
CO,08001,20717,0,0,1738,0,4032,0,0,0,0,0,112,0,1,167411,0,0,12,164,21593,0,0,0,0,0,0,8600,3948,0,0,71,35,3,1,0,0,0,0,5,0,0,52,0,0,0,0,0,5,0,191656,0,0,0,0,0,0,0,0,0,0,0,0,4790,0,33461,32910,20019,6188,134,226,73,3,280,227715,7595,3275,0,151,0,0,0,0,0,0,0,0,0,0,0,0,0,0,2,0,0,227,0,0,1,0,0,0,0,0,0,9,0,0,0,0,0,0,0,0,0,0,0,0,0,0,0,20944,0,1747,0,112,0,167647,164,0,0
CO,08003,0,0,0,911,0,0,0,0,0,0,0,9828,0,41,249,0,0,161,2577,0,0,0,0,0,0,0,25513,4462,0,0,0,0,18201,392,0,0,0,0,0,0,0,0,0,0,0,0,0,0,0,9185,0,0,0,0,0,0,0,0,0,0,0,0,1297,0,4523,6676,1365,174,10299,1987,25495,577,285484,22439,16224,14946,0,63,0,0,0,0,0,0,0,0,0,0,0,0,0,0,0,0,0,0,0,0,0,0,0,0,0,0,0,0,0,0,0,0,0,0,0,0,0,0,0,0,0,0,0,0,0,911,0,9828,0,249,2577,0,0
CO,08005,3720,0,0,1361,0,136,0,0,0,0,0,1,0,0,67863,0,0,0,552,2684,0,0,0,0,0,0,1608,718,0,0,1,0,0,0,0,0,0,0,0,0,0,8,0,0,0,0,0,99,0,90786,0,0,0,0,0,0,0,0,0,0,0,0,2385,0,33537,37777,19214,5259,147,193,506,0,783,236677,8848,521,0,374,0,0,0,0,0,0,0,0,0,0,0,0,0,0,0,0,0,1,0,0,0,0,0,0,0,0,0,3,0,0,0,0,0,0,0,0,0,0,0,0,0,0,0,3721,0,1364,0,1,0,67867,552,0,0
CO,08007,0,0,0,0,0,0,0,0,0,0,0,1,0,0,4,0,0,0,5,0,0,0,0,0,0,0,1758,350,0,0,0,0,0,0,0,0,0,0,0,0,0,0,0,0,0,0,0,0,0,42,0,0,0,0,0,0,0,0,0,0,0,0,2957,0,6316,2238,257,22,6544,122305,394620,35521,221501,60980,11104,379,0,0,0,0,0,0,0,0,0,0,0,0,0,0,0,0,0,0,0,0,0,0,0,0,0,0,0,0,0,0,0,0,0,0,0,0,0,0,0,0,0,0,0,0,0,0,0,0,0,1,0,4,5,0,0
CO,08009,55561,0,0,100462,0,3115,0,0,0,0,0,8,0,0,201147,0,0,0,761,393,0,506,0,0,0,0,4555,15277,0,0,0,0,5,0,0,0,0,0,0,0,0,0,0,0,0,0,0,0,0,142797,0,0,0,0,0,0,0,0,0,0,0,0,89,0,47345,1196,234,16,52,166,4796,0,143221,901070,1321,1091,0,437,0,0,0,0,0,0,0,0,0,0,0,0,0,0,0,0,0,0,471,0,0,0,0,0,0,0,0,10451,0,0,0,0,0,0,0,0,0,0,0,0,0,0,0,56032,0,110913,0,8,0,211598,1232,0,0
CO,08011,69,0,0,2513,0,8,0,0,0,0,0,0,0,0,15316,0,0,0,14,6,0,0,0,0,0,0,35316,26192,0,0,0,0,0,0,0,0,0,0,0,0,0,0,0,0,0,0,0,0,0,14027,0,0,0,0,0,0,0,0,0,0,0,0,7862,0,14374,996,100,13,1170,5,18,0,88763,765666,4898,8764,0,16,0,0,0,0,0,0,0,0,0,0,0,0,0,0,0,0,0,0,0,0,0,0,0,0,0,0,0,222,0,0,0,0,0,0,0,0,0,0,0,0,0,0,0,69,0,2735,0,0,0,15538,14,0,0
CO,08013,4507,0,0,200,2,1,0,0,0,0,0,1292,0,13,4862,0,0,0,121,12,0,0,0,0,0,0,7203,23815,0,0,501,1,0,0,0,0,0,0,2,0,0,0,0,0,0,0,0,50,0,3675,0,0,0,0,0,0,0,0,0,0,0,0,7537,16963,16284,23528,9417,2241,13206,2957,205340,37,41854,67831,14575,5794,0,35,0,0,0,0,0,0,0,0,0,0,0,0,0,0,70,0,0,6,0,0,1,0,0,0,0,0,0,0,0,0,0,0,0,0,0,0,0,0,0,0,0,0,0,4513,0,200,2,1292,0,4868,121,0,0
CO,08014,442,0,0,42,0,0,0,0,0,0,0,214,0,0,2119,0,0,0,1,3,0,0,0,0,0,0,226,252,0,0,0,0,0,0,0,0,0,0,0,0,0,0,0,0,0,0,0,5,0,1127,0,0,0,0,0,0,0,0,0,0,0,0,236,0,3068,4948,2585,510,7,6,12,0,168,4893,392,129,0,5,0,0,0,0,0,0,0,0,0,0,0,0,0,0,0,0,0,6,0,0,0,0,0,0,0,0,0,0,0,0,0,0,0,0,0,0,0,0,0,0,0,0,0,448,0,42,0,214,0,2125,1,0,0
CO,08015,0,0,0,0,0,0,0,0,0,0,0,6,0,6,8,0,0,0,361,0,0,0,0,0,0,0,3046,6854,0,0,0,0,0,0,0,0,0,0,0,0,0,0,0,0,0,0,0,0,0,44,0,0,0,0,0,0,0,0,0,0,0,0,612,780,4004,4487,1089,102,72338,24221,279324,1058,46086,195121,9296,728,0,1,0,0,0,0,0,0,0,0,0,0,0,0,0,0,0,0,0,0,0,0,0,0,0,0,0,0,0,0,0,0,0,0,0,0,0,0,0,0,0,0,0,0,0,0,0,0,0,6,0,8,361,0,0
CO,08017,56546,0,0,36372,1,2335,0,0,0,0,0,1,0,0,111901,0,0,1,78,10748,0,0,0,13,0,0,297,2186,0,0,0,60,20,0,0,0,0,0,0,0,0,0,0,0,0,0,0,0,0,151997,0,0,0,0,0,0,0,0,0,0,0,0,27,0,32523,724,134,25,21,63,2,0,64935,652438,229,363,0,7,0,0,0,0,0,0,0,0,0,0,0,0,0,0,0,0,0,711,0,0,0,0,0,0,0,0,0,15305,0,0,0,0,0,0,0,0,0,0,0,0,0,0,0,57257,0,51677,1,1,0,127917,78,0,0
CO,08019,0,0,0,0,0,0,0,0,0,0,0,0,0,0,0,0,0,0,0,0,0,0,0,0,0,0,1,2,0,0,0,0,0,0,0,0,0,0,0,0,0,0,0,0,0,0,0,0,0,0,0,0,0,0,0,0,0,0,0,0,0,0,194,14047,2884,1742,204,34,15880,4134,152652,93,8084,50433,3356,3,0,0,0,0,0,0,0,0,0,0,0,0,0,0,0,0,0,0,0,0,0,0,0,0,0,0,0,0,0,0,0,0,0,0,0,0,0,0,0,0,0,0,0,0,0,0,0,0,0,0,0,0,0,0,0
CO,08021,0,0,0,19,0,0,0,0,0,0,0,2673,0,34,72,0,0,0,6630,0,0,0,0,0,0,0,59177,26303,0,0,0,0,1128,0,0,0,0,0,0,0,0,0,0,0,0,0,0,0,0,3594,0,0,0,0,0,0,0,0,0,0,0,0,1078,12,8420,4333,457,15,3927,53148,185607,5844,256442,172099,22035,12959,0,150,0,0,0,0,0,0,0,0,0,0,0,0,0,0,0,0,0,0,0,0,0,0,0,0,0,0,0,0,0,0,0,0,0,0,0,0,0,0,0,0,0,0,0,0,0,19,0,2673,0,72,6630,0,0
CO,08023,1,0,0,105,0,0,0,0,0,0,0,3883,0,0,207,0,0,0,1314,20,0,0,0,0,0,0,19686,1292,0,0,0,0,1666,0,0,0,0,0,0,0,0,1,0,0,0,0,0,0,0,10116,0,0,0,0,0,0,0,0,0,0,0,0,861,48,4245,1763,46,4,15012,39398,208975,6657,365758,99123,5383,1664,0,161,0,0,0,0,0,0,0,0,0,0,0,0,0,0,0,0,0,0,0,0,0,0,0,0,0,0,0,0,0,0,0,0,0,0,0,0,0,0,0,0,0,0,0,1,0,105,0,3883,0,207,1314,0,0
CO,08025,121,0,0,2284,0,0,0,0,0,0,0,0,0,0,1365,0,0,0,5,4,0,0,0,0,0,0,3832,753,0,0,0,0,0,0,0,0,0,0,0,0,0,0,0,0,0,0,0,0,0,1712,0,0,0,0,0,0,0,0,0,0,0,0,5431,0,16386,619,38,2,125,1,14,0,35272,442180,616,1440,0,0,0,0,0,0,0,0,0,0,0,0,0,0,0,0,0,0,0,0,0,0,0,0,0,0,0,0,0,3,0,0,0,0,0,0,0,0,0,0,0,0,0,0,0,121,0,2287,0,0,0,1368,5,0,0
CO,08027,0,0,0,0,0,0,0,0,0,0,0,1,0,0,0,0,0,0,8,0,0,0,0,0,0,0,912,21486,0,0,0,0,0,0,0,0,0,0,0,0,0,0,0,0,0,0,0,0,0,2,0,0,0,0,0,0,0,0,0,0,0,0,281,0,2692,408,28,1,8406,24588,181165,1840,34006,194402,2892,409,0,0,0,0,0,0,0,0,0,0,0,0,0,0,0,0,0,0,0,0,0,0,0,0,0,0,0,0,0,0,0,0,0,0,0,0,0,0,0,0,0,0,0,0,0,0,0,0,0,1,0,0,8,0,0
CO,08029,8163,0,0,143,0,0,0,0,561,0,0,2,0,0,412,0,0,0,945,0,1,0,0,0,0,0,37491,10574,0,0,0,1312,0,119,0,0,0,0,15,0,0,0,0,0,0,0,0,8,0,1675,558,780,486,127,0,0,0,0,0,0,80,0,3350,0,6764,8740,1817,217,6764,155454,168536,5549,284678,18841,10664,1,0,152,0,0,0,0,0,0,0,0,0,0,0,0,0,0,0,2,0,0,0,0,0,0,0,0,0,0,0,0,0,0,0,0,0,0,0,0,0,0,0,0,0,0,0,8163,0,143,0,2,0,412,945,0,0
CO,08031,1760,0,0,22,0,530,0,0,0,0,0,0,0,0,2745,0,0,0,0,1450,0,0,0,0,0,0,40,10,0,0,4,0,0,0,0,0,0,0,0,0,0,0,0,0,0,0,0,33,0,6102,0,0,0,0,0,0,0,0,0,0,0,0,1130,0,14633,32514,17946,11265,11,14,53,0,52,7777,974,102,0,0,0,0,0,0,0,0,0,0,0,0,0,0,0,0,0,0,0,0,0,0,0,0,0,0,0,0,0,0,0,0,0,0,0,0,0,0,0,0,0,0,0,0,0,1760,0,22,0,0,0,2745,0,0,0
CO,08033,136,0,0,477,0,1431,0,0,0,0,0,118,0,19,18024,0,0,0,11,0,0,0,95,1546,0,0,6985,551,0,0,0,7736,0,3,0,0,0,0,0,0,0,0,0,0,0,0,0,49,0,13511,0,0,0,0,0,0,0,0,0,0,0,0,448,0,5477,452,29,1,9238,174391,266424,6343,133211,36061,584,0,0,202,0,0,0,0,0,0,0,0,0,0,0,0,0,0,0,0,0,0,0,0,0,0,0,0,0,0,0,0,0,0,0,0,0,0,0,0,0,0,0,0,0,0,0,136,0,477,0,118,0,18024,11,0,0
CO,08035,2,0,0,2,0,2,0,0,0,0,0,0,0,0,339,0,0,0,123,1,0,0,0,0,0,0,601,220,0,0,0,0,0,0,0,0,0,0,0,0,0,0,0,0,0,0,0,12,0,1211,0,0,0,0,0,0,0,0,0,0,0,0,1573,0,30137,18460,10582,1467,39,13230,155116,68,104685,195289,5039,1170,0,2,0,0,0,0,0,0,0,0,0,0,0,0,0,0,0,0,0,0,0,0,0,0,0,0,0,0,0,0,0,0,0,0,0,0,0,0,0,0,0,0,0,0,0,2,0,2,0,0,0,339,123,0,0
CO,08037,0,0,0,0,0,0,0,0,0,0,0,0,0,0,2,0,0,0,23,0,0,0,0,0,0,0,9018,590,0,0,0,0,0,0,0,0,0,0,0,0,0,0,0,0,0,0,0,0,0,4,0,0,0,0,0,0,0,0,0,0,0,0,1674,6110,7439,7241,2109,186,34975,212666,414905,10394,266067,100049,9110,109,0,0,0,0,0,0,0,0,0,0,0,0,0,0,0,0,0,0,0,0,0,0,0,0,0,0,0,0,0,0,0,0,0,0,0,0,0,0,0,0,0,0,0,0,0,0,0,0,0,0,0,2,23,0,0
CO,08039,6314,0,0,4851,0,874,0,0,0,0,0,7,0,0,34423,0,0,1,458,7936,0,0,0,4,0,0,10231,1481,0,0,0,0,0,0,0,0,0,0,0,0,0,12,0,0,0,0,0,2,0,38765,0,0,0,0,0,0,0,0,0,0,0,0,47,0,38093,1198,126,19,114,227,32443,7,5864,990956,3917,5238,0,489,0,0,0,0,0,0,0,0,0,0,0,0,0,0,0,0,0,0,0,0,0,0,0,0,0,0,0,445,0,0,0,0,0,0,0,0,0,0,0,0,0,0,0,6314,0,5296,0,7,0,34868,458,0,0
CO,08041,84,0,0,2222,0,64,0,0,0,0,0,1,0,0,219,0,0,0,8,223,0,0,0,0,0,0,4653,301,0,0,0,0,0,0,0,0,0,0,0,0,0,0,0,0,0,3,0,15,0,1817,0,0,0,0,0,0,0,0,0,0,0,0,1245,0,50947,40408,21483,4628,3109,4722,193160,10,66856,959265,3566,3927,0,0,0,0,0,0,0,0,0,0,0,0,0,0,0,0,0,0,0,0,0,0,0,0,0,0,0,0,0,1,0,0,0,0,0,0,0,0,0,0,0,0,0,0,0,84,0,2223,0,1,0,220,8,0,0
CO,08043,118,0,0,18,0,0,0,0,0,0,0,0,0,0,0,0,0,0,0,0,0,0,0,0,0,0,2348,2737,0,0,0,0,0,0,0,0,0,0,0,0,0,0,0,0,0,0,0,0,0,15,0,0,38,0,0,0,0,0,0,0,0,0,469,0,14175,7775,1885,418,4364,19808,489621,1288,191726,239675,4543,704,0,0,0,0,0,0,0,0,0,0,0,0,0,0,0,0,0,0,0,0,0,0,6,0,0,0,0,0,0,0,0,0,0,0,0,0,0,0,0,0,0,0,0,0,0,118,0,18,0,0,0,0,0,0,0
CO,08045,46,0,0,3,0,0,0,0,3,0,0,0,0,2,82,0,0,35,34,0,0,0,0,1,0,0,44278,1539,0,0,0,8,0,0,0,0,0,0,0,0,0,0,0,0,0,0,0,2,0,225,0,0,3,0,0,0,0,0,0,0,1,0,4211,0,9559,9132,2502,315,45887,478794,613765,16653,480984,169785,13599,273,0,1,0,0,0,0,0,0,0,0,0,0,0,0,0,0,0,0,0,0,0,0,0,0,0,0,0,0,0,0,0,0,0,0,0,0,0,0,0,0,0,0,0,0,0,46,0,3,0,0,0,82,34,0,0
CO,08047,0,0,0,0,0,0,0,0,0,0,0,0,0,0,0,0,0,0,0,0,0,0,0,0,0,0,0,0,0,0,0,0,0,0,0,0,0,0,0,0,0,0,0,0,0,0,0,0,0,0,0,0,0,0,0,0,0,0,0,0,0,0,112,3190,926,332,10,14,1034,2042,73410,9,3987,10581,512,4,0,0,0,0,0,0,0,0,0,0,0,0,0,0,0,0,0,0,0,0,0,0,0,0,0,0,0,0,0,0,0,0,0,0,0,0,0,0,0,0,0,0,0,0,0,0,0,0,0,0,0,0,0,0,0
CO,08049,0,0,0,0,0,0,0,0,0,0,0,8,0,0,0,0,0,0,16,0,0,0,0,0,0,0,108,19089,0,0,0,0,0,0,0,0,0,0,0,0,0,0,0,0,0,0,0,0,0,0,0,0,0,0,0,0,0,0,0,0,0,0,12319,50473,7773,3427,404,23,31154,44416,632462,1096,279992,85774,23949,4775,0,0,0,0,0,0,0,0,0,0,0,0,0,0,0,0,0,0,0,0,0,0,0,0,0,0,0,0,0,0,0,0,0,0,0,0,0,0,0,0,0,0,0,0,0,0,0,0,0,8,0,0,16,0,0
CO,08051,0,0,0,0,0,0,0,0,0,0,0,0,0,0,26,0,0,0,17,0,0,0,0,0,0,0,297,25423,0,0,0,0,0,0,0,0,0,0,0,0,0,0,0,0,0,0,0,0,0,2,0,0,0,0,0,0,0,0,0,0,0,0,10513,135,7212,3720,921,52,82744,481347,723237,21940,460436,248913,18849,570,0,0,0,0,0,0,0,0,0,0,0,0,0,0,0,0,0,0,0,0,0,0,0,0,0,0,0,0,0,0,0,0,0,0,0,0,0,0,0,0,0,0,0,0,0,0,0,0,0,0,0,26,17,0,0
CO,08053,0,0,0,0,0,0,0,0,0,0,0,0,0,0,0,0,0,0,0,0,0,0,0,0,0,0,8,124,0,0,0,0,0,0,0,0,0,0,0,0,0,0,0,0,0,0,0,0,0,0,0,0,0,0,0,0,0,0,0,0,0,0,2509,0,1098,388,39,0,61795,66722,343348,6443,7423,213926,14971,19,0,0,0,0,0,0,0,0,0,0,0,0,0,0,0,0,0,0,0,0,0,0,0,0,0,0,0,0,0,0,0,0,0,0,0,0,0,0,0,0,0,0,0,0,0,0,0,0,0,0,0,0,0,0,0
CO,08055,0,0,0,1,0,0,0,0,0,0,0,65,0,0,0,0,0,0,7,0,0,0,0,0,0,0,4635,1374,0,0,0,0,4,0,0,0,0,0,0,0,0,0,0,0,0,0,0,0,0,62,0,0,0,0,0,0,0,0,0,0,0,0,645,0,4470,2220,432,52,7955,49186,247371,7867,177852,512460,2662,429,0,0,0,0,0,0,0,0,0,0,0,0,0,0,0,0,0,0,0,0,0,0,4,0,0,0,0,0,0,0,0,0,0,0,0,0,0,0,0,0,0,0,0,0,0,0,0,1,0,65,0,0,7,0,0
CO,08057,0,0,0,0,0,0,0,0,0,0,0,0,0,0,6,0,0,0,6,0,0,0,0,0,0,0,30,59236,0,0,0,0,0,0,0,0,0,0,0,0,0,0,0,0,0,0,0,0,0,3,0,0,0,0,0,0,0,0,0,0,0,0,4934,8213,3049,558,20,3,10838,46438,370501,1382,367446,111666,36909,15447,0,0,0,0,0,0,0,0,0,0,0,0,0,0,0,0,0,0,0,0,0,0,0,0,0,0,0,0,0,0,0,0,0,0,0,0,0,0,0,0,0,0,0,0,0,0,0,0,0,0,0,6,6,0,0
CO,08059,0,0,0,0,0,0,0,0,0,0,0,0,0,0,23,0,0,0,0,0,0,0,0,0,0,0,9,12,0,0,2,0,0,0,0,0,0,0,0,0,0,0,0,0,0,0,0,0,0,5,0,0,1,0,0,0,0,0,0,0,0,0,4890,0,25435,45387,15832,4181,100,10035,223433,146,111764,48246,5768,199,0,0,0,0,0,0,0,0,0,0,0,0,0,0,0,0,0,0,0,0,0,0,0,0,0,0,0,0,0,0,0,0,0,0,0,0,0,0,0,0,0,0,0,0,0,0,0,0,0,0,0,23,0,0,0
CO,08061,14987,0,0,83538,1,5029,0,0,0,0,0,1,0,0,164256,0,0,0,0,13756,0,0,0,0,0,0,182,112,0,0,0,0,0,0,0,0,0,0,0,0,0,0,0,0,0,0,0,0,0,111858,0,0,0,0,0,0,0,0,0,0,0,0,2767,0,32337,600,79,4,137,6,0,0,38758,660330,280,5000,0,1,0,0,0,0,0,0,0,0,0,0,0,0,0,0,0,0,0,0,0,0,0,0,0,0,0,0,0,8863,0,0,0,0,0,0,0,0,0,0,0,0,0,0,0,14987,0,92401,1,1,0,173119,0,0,0
CO,08063,190993,0,0,29130,356,3526,0,0,0,0,0,161,0,0,248222,0,0,12,2642,17931,0,92,0,76,0,0,5696,3382,0,0,414,468,5,0,0,0,0,0,0,0,0,0,0,0,0,0,0,0,0,186901,0,0,0,0,0,0,0,0,0,0,0,0,126,0,45615,1742,489,55,3,449,12,0,42,631010,1006,283,0,185,0,0,0,0,0,0,0,0,0,0,0,0,0,0,0,0,0,880,0,0,0,0,0,0,0,0,0,11504,0,0,0,0,0,0,0,0,0,0,0,0,0,0,0,191873,0,40634,356,161,0,260606,2642,0,0
CO,08065,0,0,0,0,0,0,0,0,0,0,0,0,0,0,0,0,0,0,0,0,0,0,0,0,0,0,0,0,0,0,0,0,0,0,0,0,0,0,0,0,0,0,0,0,0,0,0,0,0,0,0,0,0,0,0,0,0,0,0,0,0,0,4343,2590,1777,1077,350,1,28278,8501,104010,81,168,86720,6316,1492,0,0,0,0,0,0,0,0,0,0,0,0,0,0,0,0,0,0,0,0,0,0,0,0,0,0,0,0,0,0,0,0,0,0,0,0,0,0,0,0,0,0,0,0,0,0,0,0,0,0,0,0,0,0,0
CO,08067,65,0,0,45,0,1,0,0,0,0,0,0,0,1,1827,0,0,0,427,0,0,0,5,0,0,0,22683,5573,0,0,0,20,0,0,0,0,0,0,0,0,0,0,0,0,0,0,0,1,0,1493,0,0,0,0,0,0,0,0,0,0,0,0,4693,0,8410,6471,945,47,15287,208024,424354,16858,303776,58141,8782,0,0,17,0,0,0,0,0,0,0,0,0,0,0,0,0,0,0,0,0,0,0,0,0,0,0,0,0,0,0,0,0,0,0,0,0,0,0,0,0,0,0,0,0,0,0,65,0,45,0,0,0,1827,427,0,0
CO,08069,14779,0,0,1146,0,1,0,0,0,0,0,1497,0,1,8150,0,0,0,438,465,0,0,0,0,0,0,13817,20544,0,0,2332,561,2,228,0,0,0,0,5,0,0,0,0,0,0,1,0,486,0,8124,0,0,0,0,0,0,0,0,0,0,0,0,17967,32500,30601,30821,10982,2109,22972,7814,786364,58,233459,397577,26309,13305,0,106,0,0,0,0,0,0,0,0,0,0,0,0,0,0,125,0,0,10,0,0,3,0,0,0,0,0,0,1,0,0,0,0,0,0,0,0,0,0,0,0,0,0,0,14789,0,1147,0,1497,0,8161,438,0,0
CO,08071,44,0,0,224,0,5,0,0,0,0,0,0,0,0,2125,0,0,0,13,30,0,0,0,0,0,0,10140,341,0,0,0,2,0,0,0,0,0,0,0,0,0,0,0,0,0,1,0,1,0,9774,0,0,0,0,0,0,0,0,0,0,0,0,755,7,11993,2770,280,24,3580,43555,542616,5675,513634,1902247,3955,2405,0,67,0,0,0,0,0,0,0,0,0,0,0,0,0,0,0,0,0,0,0,0,0,0,0,0,0,0,0,18,0,0,0,0,0,0,0,0,0,0,0,0,0,0,0,44,0,242,0,0,0,2143,13,0,0
CO,08073,35211,0,0,32906,1,619,0,0,0,0,0,266,0,0,105485,0,0,0,53,25939,0,2,0,1,0,0,2488,5911,0,0,0,0,0,0,0,0,0,0,0,0,0,3,0,0,0,0,0,0,0,136912,0,0,0,0,0,0,0,0,0,0,0,0,128,0,55351,1329,263,44,128,906,65,1,61796,1180422,697,3438,0,8,0,0,0,0,0,0,0,0,0,0,0,0,0,0,0,0,0,0,0,0,0,0,0,0,0,0,0,4932,0,0,0,0,0,0,0,0,0,0,0,0,0,0,0,35211,0,37838,1,266,0,110417,53,0,0
CO,08075,87762,0,0,5162,146,4626,0,0,0,0,0,1,0,0,109611,0,0,141,429,31938,0,0,0,10,0,0,33572,6431,0,0,2706,403,38,0,0,0,0,0,0,0,0,0,0,0,0,0,0,0,0,93289,0,0,0,0,0,0,0,0,0,0,0,0,4294,0,42609,4054,1011,265,603,1178,17,26,30,733123,12953,3599,0,685,0,0,0,0,0,0,0,0,0,0,0,0,0,0,0,0,0,3,0,0,0,0,0,0,0,0,0,11,0,0,0,0,0,0,0,0,0,0,0,0,0,0,0,87765,0,5173,146,1,0,109625,429,0,0
CO,08077,6154,0,0,405,0,0,0,0,5,0,0,0,0,2,2955,0,0,0,424,0,0,0,0,0,0,0,50650,2609,0,0,0,1152,0,15,0,0,1,0,0,0,0,0,0,0,0,0,0,37,0,113,35,2153,13,777,0,0,0,0,0,0,159,0,7036,0,13528,23948,8729,2180,18476,402909,709067,13132,776636,66674,27993,190,0,42,0,0,0,0,0,0,0,0,0,0,0,0,0,0,0,16,0,0,0,0,0,0,0,0,0,0,0,0,0,0,0,0,0,0,0,0,0,0,0,0,0,0,0,6154,0,405,0,0,0,2955,424,0,0
CO,08079,0,0,0,0,0,0,0,0,0,0,0,0,0,0,0,0,0,0,0,0,0,0,0,0,0,0,1,0,0,0,0,0,0,0,0,0,0,0,0,0,0,0,0,0,0,0,0,0,0,0,0,0,0,0,0,0,0,0,0,0,0,0,953,0,930,613,90,11,21700,50148,311251,10305,3635,149951,10865,1321,0,0,0,0,0,0,0,0,0,0,0,0,0,0,0,0,0,0,0,0,0,0,0,0,0,0,0,0,0,0,0,0,0,0,0,0,0,0,0,0,0,0,0,0,0,0,0,0,0,0,0,0,0,0,0
CO,08081,15,0,0,0,0,0,0,0,0,0,0,120,0,115,8851,0,0,30,43,0,0,0,0,10,0,0,30537,13272,0,0,0,1,0,2,0,0,0,0,0,0,0,0,0,0,0,0,0,564,0,8650,0,0,0,0,0,0,0,0,0,0,0,0,6346,0,8219,4038,922,109,11346,152979,407111,4572,2375324,3181,3972,256,0,0,0,0,0,0,0,0,0,0,0,0,0,0,0,0,0,0,0,0,0,0,0,0,0,0,0,0,0,0,0,0,0,0,0,0,0,0,0,0,0,0,0,0,0,15,0,0,0,120,0,8851,43,0,0
CO,08083,899,0,0,1266,0,98,0,0,0,0,0,71,0,222,12808,0,0,0,218,0,0,0,213,638,0,0,42639,5272,0,0,0,7071,0,3,0,0,0,0,0,0,0,0,0,0,0,0,0,45,0,4081,0,0,0,0,0,0,0,0,0,0,0,0,4184,0,14759,4499,633,14,6322,137373,400823,7815,610879,35869,6448,9,0,423,0,0,0,0,0,0,0,0,0,0,0,0,0,0,0,0,0,0,0,0,0,0,0,0,0,0,0,0,0,0,0,0,0,0,0,0,0,0,0,0,0,0,0,899,0,1266,0,71,0,12808,218,0,0
CO,08085,16109,0,0,519,0,0,0,0,2689,0,0,96,0,1,256,0,0,0,1351,10,92,0,0,0,0,0,45796,16535,0,0,0,4478,0,328,0,0,0,0,135,0,0,0,0,0,0,0,0,26,0,1707,3,10,15,0,0,0,0,0,0,0,2,0,1088,0,9318,9820,2517,363,11248,256272,560125,2661,464429,19825,7390,7,0,157,0,0,0,0,0,0,0,0,0,0,0,0,0,0,0,0,0,0,0,0,0,0,0,0,0,0,0,0,0,0,0,0,0,0,0,0,0,0,0,0,0,0,0,16109,0,519,0,96,0,256,1351,0,0
CO,08087,60887,0,0,5440,817,745,0,0,0,0,0,1,0,2,60784,0,0,2,177,14824,0,0,0,14,0,0,27178,1997,0,0,924,51,459,0,0,0,0,0,0,0,0,2,0,0,0,0,0,0,0,55497,0,0,0,0,0,0,0,0,0,0,0,0,5351,0,32070,4428,1417,359,139,769,25,11,326,537270,11451,4015,0,620,0,0,0,0,0,0,0,0,0,0,0,0,0,0,0,0,0,16,0,0,0,0,0,0,0,0,0,8,0,0,0,0,0,0,0,0,0,0,0,0,0,0,0,60903,0,5448,817,1,0,60808,177,0,0
CO,08089,674,0,0,6204,1,1,0,0,0,0,0,0,0,0,6726,0,0,0,58,9,0,0,0,0,0,0,37176,415,0,0,5,15,0,0,0,0,0,0,0,0,0,0,0,0,0,0,0,1,0,6203,0,0,0,0,0,0,0,0,0,0,0,0,1998,0,14396,3816,860,216,521,10,257,0,33956,685414,4515,8034,0,5,0,0,0,531,0,0,0,0,0,0,0,0,0,0,0,0,0,0,0,0,277,0,0,0,0,0,0,356,0,0,0,0,0,0,0,0,0,0,0,0,0,0,0,674,0,6560,1,0,0,7082,58,531,0
CO,08091,5,0,0,0,0,0,0,0,0,0,0,0,0,0,3,0,0,0,1,0,0,0,0,0,0,0,1380,8954,0,0,0,0,0,0,0,0,0,0,0,0,0,0,0,0,0,0,0,0,0,0,0,0,3,0,0,0,0,0,0,0,0,0,1059,0,1945,1155,162,4,24106,98385,146253,3597,22501,36635,978,1,0,0,0,0,0,0,0,0,0,0,0,0,0,0,0,0,0,0,0,0,0,0,0,0,0,0,0,0,0,0,0,0,0,0,0,0,0,0,0,0,0,0,0,0,0,5,0,0,0,0,0,3,1,0,0
CO,08093,0,0,0,0,0,0,0,0,0,0,0,0,0,0,0,0,0,0,0,0,0,0,0,0,0,0,0,155,0,0,0,0,0,0,0,0,0,0,0,0,0,0,0,0,0,0,0,0,0,0,0,0,0,0,0,0,0,0,0,0,0,0,7139,4628,12974,1272,53,6,26533,48478,529609,1319,33052,724718,15061,9843,0,0,0,0,0,0,0,0,0,0,0,0,0,0,0,0,0,0,0,0,0,0,0,0,0,0,0,0,0,0,0,0,0,0,0,0,0,0,0,0,0,0,0,0,0,0,0,0,0,0,0,0,0,0,0
CO,08095,112611,0,0,595,129,50,0,0,0,110,0,0,0,0,98579,0,0,69,97,34693,0,0,0,0,0,0,1221,241,0,0,812,292,297,0,0,0,0,0,0,0,0,0,0,0,0,0,0,0,7,74371,0,0,0,0,0,0,0,0,0,0,0,0,69,0,16191,771,164,55,5,274,1,0,0,97918,29,2,0,37,0,0,0,0,0,0,0,0,0,0,0,0,0,0,0,0,0,457,0,0,0,0,0,0,0,0,0,1,0,0,0,0,0,0,0,0,0,0,0,0,0,0,0,113068,0,596,129,0,0,99037,97,0,0
CO,08097,0,0,0,0,0,0,0,0,0,0,0,0,0,0,0,0,0,0,6,0,0,0,0,0,0,0,2191,69,0,0,0,0,0,0,0,0,0,0,0,0,0,0,0,0,0,0,0,0,0,7,0,0,0,0,0,0,0,0,0,0,0,0,948,1582,4417,2422,608,11,66841,156597,231681,7144,45994,93135,9095,57,0,0,0,0,0,0,0,0,0,0,0,0,0,0,0,0,0,0,0,0,0,0,0,0,0,0,0,0,0,0,0,0,0,0,0,0,0,0,0,0,0,0,0,0,0,0,0,0,0,0,0,0,6,0,0
CO,08099,5271,0,0,29916,210,266,0,0,0,0,0,0,0,0,148183,0,0,1,53,3167,0,29,0,0,0,0,65801,6689,0,0,1,0,1,0,0,0,0,0,0,0,0,0,0,0,0,0,0,0,0,103335,0,0,0,0,0,0,0,0,0,0,0,0,769,0,27021,2967,496,63,257,302,17,0,81000,564421,6224,2332,0,1324,0,0,0,0,0,0,0,0,0,0,0,0,0,0,0,0,0,0,2,0,0,0,0,0,0,0,0,2267,0,0,0,0,0,0,0,0,0,0,0,0,0,0,0,5273,0,32183,210,0,0,150450,55,0,0
CO,08101,3037,0,0,6026,0,49,0,0,22,0,0,0,0,0,3563,0,0,9,22,88,0,0,0,0,0,0,7232,671,0,0,2,111,0,0,0,0,0,0,4,0,0,16,0,0,0,2,22,165,0,5629,0,0,2,0,0,0,0,0,0,0,0,0,6080,0,33477,21127,10846,2951,1466,8344,73444,317,163791,1170117,8421,7290,0,59,0,0,0,7,0,0,0,0,0,0,0,0,0,0,0,0,0,6,0,0,33,0,0,0,0,0,0,17,0,0,0,0,0,0,0,0,0,0,0,0,0,0,0,3043,0,6043,0,0,0,3586,22,7,0
CO,08103,10,0,0,1,0,0,0,0,0,0,0,0,0,11,748,0,0,0,25,0,0,0,0,1,0,0,10432,20754,0,0,0,0,0,0,0,0,0,0,0,0,0,0,0,0,0,0,0,0,0,12,0,0,0,0,0,0,0,0,0,0,0,0,1608,0,6422,3042,276,49,21938,365075,759035,26922,798932,40831,6408,77,0,0,0,0,0,0,0,0,0,0,0,0,0,0,0,0,0,0,0,0,0,0,0,0,0,0,0,0,0,0,0,0,0,0,0,0,0,0,0,0,0,0,0,0,0,10,0,1,0,0,0,748,25,0,0
CO,08105,0,0,0,0,0,0,0,0,0,0,0,18810,0,23,136,0,0,1,663,0,0,0,0,0,0,0,36343,13705,0,0,0,0,16252,3,0,0,0,0,0,0,0,0,0,0,0,0,0,0,0,3137,0,0,0,0,0,0,0,0,0,0,0,0,441,0,7138,6612,1250,42,3852,39738,174591,4138,109331,121475,16804,9808,0,75,0,0,0,0,0,0,0,0,0,0,0,0,0,0,0,0,0,0,0,0,0,0,0,0,0,0,0,0,0,0,0,0,0,0,0,0,0,0,0,0,0,0,0,0,0,0,0,18810,0,136,663,0,0
CO,08107,16,0,0,0,0,1,0,0,0,0,0,0,0,1114,3259,0,0,0,450,0,0,0,0,204,0,0,12962,33475,0,0,0,2,0,0,0,0,0,0,0,0,0,0,0,0,0,0,0,0,0,2626,0,0,0,0,0,0,0,0,0,0,0,0,4106,57,7108,3495,717,197,4709,505459,366553,33048,444348,78422,12698,529,0,0,0,0,0,0,0,0,0,0,0,0,0,0,0,0,0,0,0,0,0,0,0,0,0,0,0,0,0,0,0,0,0,0,0,0,0,0,0,0,0,0,0,0,0,16,0,0,0,0,0,3259,450,0,0
CO,08109,0,0,0,284,0,0,0,0,0,0,0,12440,0,504,348,0,0,34,2240,0,0,0,0,0,0,0,26571,11349,0,0,0,0,10989,3,0,0,0,0,0,0,0,0,0,0,0,0,0,0,0,11359,0,0,0,0,0,0,0,0,0,0,0,0,642,3,8543,8505,631,12,48174,119677,663297,7798,548509,503444,23502,20044,0,39,0,0,0,0,0,0,0,0,0,0,0,0,0,0,0,0,0,0,0,0,0,0,0,0,0,0,0,0,0,0,0,0,0,0,0,0,0,0,0,0,0,0,0,0,0,284,0,12440,0,348,2240,0,0
CO,08111,0,0,0,0,0,0,0,0,0,0,0,0,0,0,0,0,0,0,0,0,0,0,0,0,0,0,0,0,0,0,0,0,0,0,0,0,0,0,0,0,0,0,0,0,0,0,0,0,0,0,0,0,0,0,0,0,0,0,0,0,0,0,279,0,968,236,20,0,50000,14816,89352,1037,149,87679,3928,1,0,0,0,0,0,0,0,0,0,0,0,0,0,0,0,0,0,0,0,0,0,0,0,0,0,0,0,0,0,0,0,0,0,0,0,0,0,0,0,0,0,0,0,0,0,0,0,0,0,0,0,0,0,0,0
CO,08113,7,0,0,0,0,120,0,0,0,0,0,0,0,0,927,0,0,0,1,0,0,0,8,29,0,0,8361,1169,0,0,0,54,0,0,0,0,0,0,0,0,0,0,0,0,0,0,0,0,0,1479,0,0,0,0,0,0,0,0,0,0,0,0,847,0,3044,1269,240,7,25241,148226,321120,8741,239085,63261,1359,2,0,0,0,0,0,0,0,0,0,0,0,0,0,0,0,0,0,0,0,0,0,0,0,0,0,0,0,0,0,0,0,0,0,0,0,0,0,0,0,0,0,0,0,0,0,7,0,0,0,0,0,927,1,0,0
CO,08115,58515,0,0,1565,518,964,0,0,0,0,0,0,0,0,68777,0,0,188,257,9550,0,0,0,0,0,0,3511,464,0,0,552,77,4,0,0,0,0,0,0,0,0,0,0,0,0,0,0,0,0,54728,0,0,0,0,0,0,0,0,0,0,0,0,1298,0,12361,918,185,3,28,144,4,0,13,132572,3976,193,0,245,0,0,0,0,0,0,0,0,0,0,0,0,0,0,0,0,0,158,0,0,0,0,0,0,0,0,0,2,0,0,0,0,0,0,0,0,0,0,0,0,0,0,0,58673,0,1567,518,0,0,68937,257,0,0
CO,08117,0,0,0,0,0,0,0,0,0,0,0,0,0,0,0,0,0,0,0,0,0,0,0,0,0,0,0,1351,0,0,0,0,0,0,0,0,0,0,0,0,0,0,0,0,0,0,0,0,0,0,0,0,0,0,0,0,0,0,0,0,0,0,5390,15240,5023,4461,909,174,35997,14501,198792,434,28930,77607,7357,160,0,0,0,0,0,0,0,0,0,0,0,0,0,0,0,0,0,0,0,0,0,0,0,0,0,0,0,0,0,0,0,0,0,0,0,0,0,0,0,0,0,0,0,0,0,0,0,0,0,0,0,0,0,0,0
CO,08119,0,0,0,0,0,0,0,0,0,0,0,0,0,0,0,0,0,0,0,0,0,0,0,0,0,0,1,42,0,0,0,0,0,0,0,0,0,0,0,0,0,0,0,0,0,0,0,0,0,0,0,0,0,0,0,0,0,0,0,0,0,0,481,1,2522,1137,10,10,2762,4177,214095,57,40019,91427,929,59,0,0,0,0,0,0,0,0,0,0,0,0,0,0,0,0,0,0,0,0,0,0,0,0,0,0,0,0,0,0,0,0,0,0,0,0,0,0,0,0,0,0,0,0,0,0,0,0,0,0,0,0,0,0,0
CO,08121,75865,0,0,10438,357,858,0,0,0,0,0,0,0,0,297368,0,0,9,794,88620,0,0,0,60,0,0,6555,10214,0,0,881,296,61,0,0,0,0,0,0,0,0,84,0,0,0,0,0,0,0,254412,0,0,0,0,0,0,0,0,0,0,0,0,2269,0,52505,1129,215,46,32,644,17,3,51,807930,1724,634,0,784,0,0,0,0,0,0,0,0,0,0,0,0,0,0,0,0,0,119,0,0,0,0,0,0,0,0,0,441,0,0,0,0,0,0,0,0,0,0,0,0,0,0,0,75984,0,10879,357,0,0,297928,794,0,0
CO,08123,133261,0,0,5828,0,4091,0,0,0,0,0,5600,0,117,139987,0,0,615,1352,13015,0,0,0,0,0,0,103658,50815,0,0,9608,4817,553,18,0,0,0,0,1092,0,0,31,0,0,0,1,0,10,0,138893,0,0,0,0,0,0,0,0,0,0,0,0,20337,0,68541,29224,11499,2076,3029,1992,226,61,3641,1769206,15783,26931,0,3632,79,0,0,0,0,0,0,0,0,0,0,0,0,0,72,0,0,852,0,0,80,0,0,0,0,0,0,170,0,0,0,0,0,0,0,0,0,0,0,0,0,0,0,134113,0,5998,0,5600,0,141009,1352,0,0
CO,08125,244421,0,0,11590,1719,621,0,0,0,89,0,7,0,0,121390,0,0,601,629,17815,0,0,0,0,0,0,12211,1501,0,0,2184,3427,2877,0,0,0,7,0,0,0,0,0,0,0,0,0,0,0,1,103325,0,0,0,0,0,0,0,0,0,0,0,0,1513,0,53431,1783,520,97,49,1011,18,0,34,922729,7425,335,0,693,0,0,0,0,0,0,0,0,0,0,0,0,0,0,0,0,0,637,0,0,0,0,0,0,0,0,0,1520,0,0,0,0,0,0,0,0,0,0,0,0,0,0,0,245058,0,13110,1719,7,0,123547,629,0,0
CT,09001,216,0,0,0,0,0,0,2,17,0,0,0,0,0,0,0,0,1,0,0,0,0,0,0,0,0,2300,132,0,0,0,0,0,0,0,0,0,0,0,2,0,0,1,0,0,0,0,0,0,102,0,0,104,0,0,0,0,0,0,0,0,0,13596,0,78828,48759,28809,9946,671,204496,4619,187,1258,11265,5642,1549,0,0,0,0,0,0,0,0,0,0,5,0,0,0,0,0,4,0,0,0,0,0,1,0,0,0,0,0,0,0,0,0,0,0,0,0,0,0,0,0,0,0,0,0,0,216,0,0,0,0,0,0,0,0,0
CT,09003,7493,0,0,0,4,1,0,2177,1307,0,0,0,4,0,3,0,0,471,0,0,0,0,0,0,0,0,4212,1586,0,0,0,117,20,24,0,0,0,0,0,34,0,0,0,0,0,0,0,31,0,559,0,0,61,2,4,0,0,0,0,0,0,0,10492,0,69126,67240,43744,9473,755,200447,11627,5206,2279,25895,14416,898,0,0,0,0,0,0,0,0,0,0,14,0,0,0,0,5,548,0,0,0,0,0,72,0,0,0,0,0,0,0,0,0,0,0,0,4,1,0,0,0,0,0,0,2,0,7493,0,0,4,0,4,3,0,0,0
CT,09005,4325,0,0,0,0,44,0,6,152,0,0,0,0,0,0,0,0,25,0,0,0,0,0,0,0,0,22861,3705,0,0,0,0,0,0,0,0,0,0,0,4,0,0,0,0,0,0,0,0,0,534,0,4,77,0,0,0,0,0,0,0,0,0,17446,0,38263,14193,5988,1103,481,400314,27930,16332,3209,35590,10319,1554,0,0,0,0,0,0,0,0,0,0,4,0,0,0,0,0,13,0,0,0,0,0,78,0,0,0,0,0,0,0,0,0,0,0,0,12,0,0,0,0,0,0,0,0,0,4325,0,0,0,0,0,0,0,0,0
CT,09007,868,0,0,0,1,0,0,35,70,0,0,0,0,0,0,0,0,30,0,0,0,0,0,0,0,0,2189,708,0,0,0,2,2,5,0,0,0,0,0,2,0,0,1,0,0,0,0,4,0,411,0,0,42,0,2,0,0,0,0,0,0,0,9856,0,22872,14179,5976,1157,784,163749,1793,581,1328,8716,7095,3652,0,0,0,0,0,0,0,0,0,0,2,0,0,0,0,0,21,0,0,0,0,0,3,0,0,0,0,0,0,0,0,0,0,0,0,1,0,0,0,0,0,0,0,0,0,868,0,0,1,0,0,0,0,0,0
CT,09009,1351,0,0,0,0,0,0,12,62,0,0,0,0,0,0,0,0,23,0,0,0,0,0,0,0,0,4683,336,0,0,0,2,1,10,0,0,0,0,0,27,0,0,31,0,0,0,0,1,0,245,0,9,236,21,0,0,0,0,0,0,0,0,9032,0,61258,53979,36899,9091,1455,190803,3369,656,1305,9675,7007,4724,0,0,0,0,0,0,0,0,0,0,74,0,0,0,0,0,35,0,0,0,0,0,3,0,0,0,0,0,0,0,0,0,0,0,0,0,15,0,0,0,0,0,0,0,0,1351,0,0,0,0,0,0,0,0,0
CT,09011,7610,0,0,4,0,0,0,4,17,0,0,1,3,0,0,0,0,1,0,0,0,0,0,0,0,0,3155,6656,0,0,0,2,4,28,0,0,0,0,0,0,0,0,1,0,0,0,0,173,0,2224,0,0,10,2,32,0,0,0,0,0,0,0,15960,0,32328,21119,13176,3178,1488,275946,5214,1784,2195,20048,24814,5706,0,0,0,0,0,0,0,0,0,0,5,0,0,0,0,0,5,0,0,0,0,0,0,0,0,0,0,0,0,0,0,0,0,0,0,0,0,0,0,0,0,0,0,3,0,7610,0,4,0,1,3,0,0,0,0
CT,09013,5138,0,0,1,4,0,0,263,84,0,0,0,18,0,6,0,0,152,0,0,0,0,0,0,0,0,4573,1281,0,0,0,0,1,7,0,0,0,0,0,0,0,0,0,0,0,0,0,2,0,602,0,0,19,0,10,0,0,0,0,0,0,0,4273,0,20758,10770,2916,485,475,168303,8880,9506,2060,13965,11459,834,0,0,0,0,0,0,0,0,0,0,5,0,0,0,0,0,20,0,0,0,0,0,56,0,0,0,0,0,0,0,0,0,0,0,0,3,0,0,0,0,0,0,0,2,0,5138,0,1,4,0,18,6,0,0,0
CT,09015,8160,0,0,1,1,0,0,4,21,0,0,3,2,0,0,0,0,2,0,0,0,0,0,0,0,0,9319,819,0,0,0,2,0,20,0,0,0,0,0,0,0,0,2,0,0,0,0,140,0,830,0,0,80,3,191,0,0,0,0,0,4,0,4461,0,19920,9732,3511,774,1217,209200,13245,8639,2237,18057,21259,1875,0,0,0,0,0,0,0,0,0,0,1,0,0,0,0,0,2,0,0,0,0,0,3,0,0,0,0,0,0,0,0,0,0,0,0,2,0,0,0,0,0,0,0,3,0,8160,0,1,1,3,2,0,0,0,0
DE,10001,56846,0,0,226,26064,0,0,0,938,0,0,352,0,0,353,0,30858,144,3,4,0,0,0,0,2,0,569,4647,0,0,0,2798,1442,477,0,0,0,126,0,8,0,46,16,0,0,0,0,125,1,3049,0,365,260,0,4,0,0,0,0,0,0,0,6782,0,25482,10428,4626,2317,1094,44706,1864,682,3402,37522,60051,39425,0,11,0,31,0,2,0,0,0,0,8,0,4,0,0,0,0,0,0,744,89,0,0,0,0,0,0,0,16,12,1492,0,0,5,0,0,0,0,0,7,0,0,0,6,12240,59171,0,254,69167,14100,0,31967,97,2,0
DE,10003,19951,0,0,30,12573,0,0,0,39,0,0,31,0,0,214,0,10900,3,0,0,0,0,0,0,0,0,209,3169,0,0,0,11,163,134,0,0,0,38,0,8,0,0,5,0,0,0,2,36,9,3012,0,8,0,0,13,0,0,0,0,0,0,0,27742,0,49890,31897,16335,7970,499,52844,569,162,3223,21857,15639,19230,0,0,0,0,0,0,0,0,0,0,10,0,0,0,0,0,2,0,0,314,42,0,1,0,0,0,0,0,3,0,144,0,0,0,0,1,0,0,0,0,0,0,0,3,1317,20451,0,33,24790,1495,0,11428,42,0,0
DE,10005,105694,0,0,308,40355,4,0,0,826,0,0,237,0,0,931,0,42627,212,18,1,0,0,0,0,7,0,503,2099,0,0,0,2999,153,206,0,0,0,3920,0,1,0,486,1,0,0,0,0,2020,0,6231,0,181,42,0,1,0,0,0,0,0,0,0,6178,0,37725,21626,7999,2300,3908,46319,32549,9880,17904,43506,127529,22547,0,0,0,4,0,11,0,0,0,0,28,0,5,0,0,0,0,0,0,1678,144,0,10,0,0,0,0,0,5,24,3459,0,0,38,0,14,0,0,0,0,0,0,0,1,8124,110975,0,337,91144,11825,0,45260,200,11,0
DC,11001,0,0,0,0,0,0,0,0,0,0,0,7,0,0,0,0,0,0,0,0,0,0,0,0,0,0,0,0,0,0,0,0,0,5,0,0,0,0,0,0,0,0,0,0,0,0,0,0,0,0,0,0,0,0,0,0,0,0,0,0,0,0,4010,0,7566,10380,11848,5162,17,3886,26,13,8,41,562,161,0,0,0,0,0,0,0,0,0,0,0,0,0,0,0,0,0,0,0,0,0,0,0,0,0,0,0,0,0,0,0,0,0,0,0,0,0,0,0,0,0,0,0,0,0,0,0,0,0,7,0,0,0,0,0
FL,12001,4267,2163,0,609,260,0,4639,100,5,61,0,0,0,0,3,0,12,668,507,1211,0,0,0,0,0,0,0,21863,0,0,0,34,1,4,0,0,0,41,0,0,0,409,0,0,0,43,0,3656,0,4000,0,0,0,0,0,0,0,0,0,0,0,0,22482,0,39240,13352,3903,816,329,53,222938,971,83589,83377,91604,11963,0,0,0,0,0,0,0,1,0,0,0,0,0,0,0,0,0,0,0,0,977,0,0,0,0,0,0,0,0,0,0,44,0,55,0,1,0,0,0,0,0,0,0,0,0,5244,2207,609,327,0,0,59,1539,0,0
FL,12003,144,71,0,53,36,0,131,0,5,0,0,0,0,0,7,0,0,8,1,43,0,0,0,0,0,0,0,2257,0,0,0,1,0,0,0,0,0,20,0,0,0,0,0,0,0,0,0,42,0,1350,0,0,0,0,0,0,0,0,0,0,0,0,1952,0,17088,2955,392,89,178,79,163500,410,51740,14987,118148,1164,0,0,0,0,0,0,0,0,0,0,0,0,0,0,0,0,0,0,0,0,9,0,0,0,0,0,0,0,0,0,0,0,0,0,0,0,0,0,0,0,0,0,0,0,0,153,71,53,36,0,0,7,10,0,0
FL,12005,112,650,0,2,60,0,206,0,0,0,0,0,0,0,30,0,56,0,1,45,0,0,0,0,0,0,0,1425,0,0,0,0,0,0,0,0,0,1,0,0,0,0,0,0,0,0,0,18,0,1139,0,0,0,0,0,0,0,12,0,0,0,0,11025,0,43277,22078,8535,2279,3565,44,201490,208,62676,14411,108393,16138,0,0,0,0,0,0,0,0,0,0,0,0,0,0,0,0,0,0,0,0,0,0,0,0,0,0,0,0,0,0,0,142,0,0,0,0,0,0,0,0,0,0,0,0,0,112,792,2,116,0,0,228,1,0,0
FL,12007,678,28,0,46,18,0,192,0,0,0,0,0,0,0,1,0,0,48,32,47,0,0,0,0,0,0,0,4200,0,0,0,1,0,0,0,0,0,2,0,0,0,1,0,0,0,2,0,571,0,515,0,0,0,0,0,0,0,0,0,0,0,0,3807,0,11140,2213,461,133,147,17,77420,280,32692,20661,35924,799,0,0,0,0,0,0,0,0,0,0,0,0,0,0,0,0,0,0,0,0,4,0,0,0,0,0,0,0,0,0,0,2,0,6,0,0,0,0,0,0,0,0,0,0,0,682,30,46,24,0,0,3,42,0,0
FL,12009,2652,0,0,1532,0,0,2,0,0,0,0,0,0,0,0,0,0,0,0,0,0,0,0,0,0,0,0,8,0,0,0,53,0,85,61,0,1,0,0,0,0,0,2,0,0,0,0,180,0,5,0,0,0,0,0,27,1617,0,0,0,0,34,26001,0,79272,57637,21868,5209,703,0,2608,0,3067,91497,274798,101672,0,0,0,0,0,0,0,4081,0,0,0,0,0,0,0,0,1,0,0,0,0,0,0,0,0,0,0,0,0,0,0,0,0,0,0,0,0,0,0,0,0,0,0,0,0,2652,0,1532,0,0,0,0,0,0,0
FL,12011,0,0,0,0,0,0,0,0,0,0,0,0,0,0,0,0,0,0,0,0,0,0,0,0,0,0,0,0,0,0,0,219,0,189,1448,0,705,0,0,0,0,0,0,0,0,0,0,12,0,58,0,0,0,0,0,52,6,0,0,0,0,0,7190,0,57897,94817,54370,15882,365,0,0,0,28,11504,89025,447244,0,0,0,0,0,0,0,6,0,0,0,0,0,0,0,0,0,0,0,0,0,0,0,0,0,0,0,0,0,0,0,0,0,0,0,0,0,0,0,0,0,0,0,0,0,0,0,0,0,0,0,0,0,0,0
FL,12013,548,13150,0,3,391,0,3019,0,0,0,0,0,0,0,3,0,867,0,3,157,0,0,0,0,0,0,0,3459,0,0,0,0,0,0,0,0,0,0,0,0,0,0,0,0,0,16,0,112,0,5348,0,0,0,0,0,0,0,154,0,0,0,0,3455,0,15649,1018,183,19,74,58,175085,173,45777,9484,88396,519,0,0,0,0,0,0,0,0,0,0,0,0,0,0,0,0,0,0,0,0,0,0,0,0,0,0,0,0,0,0,0,585,0,1,0,0,0,0,0,0,0,0,0,0,0,548,13735,3,1259,0,0,1455,4,0,0
FL,12015,0,0,0,0,0,0,0,0,0,0,0,0,0,0,0,0,0,0,0,0,0,0,0,0,0,0,0,259,0,0,0,0,9,2,59,0,0,0,0,0,0,0,0,0,0,0,0,0,0,0,0,0,0,0,0,37,1343,0,0,0,0,0,12815,0,55835,31692,7256,1494,332,0,594,0,26936,74869,154303,71723,0,0,0,0,0,0,0,18712,0,0,0,0,0,0,0,0,0,0,0,0,0,0,0,0,0,0,0,0,0,0,0,0,0,0,0,0,0,0,0,0,0,0,0,0,0,0,0,0,0,0,0,0,0,0,0
FL,12017,21,11,0,0,0,0,1603,0,0,0,0,0,0,0,0,0,0,5,1,5,0,0,0,0,0,0,0,2870,0,0,0,0,0,0,0,0,0,2,0,0,0,0,0,0,0,0,0,495,0,142,0,0,0,0,0,0,0,0,0,0,0,0,8990,0,70409,27123,3835,925,372,2,71215,1,10569,28060,128290,40972,0,0,0,0,0,0,0,8,0,0,0,0,0,0,0,2,0,0,0,0,0,0,0,0,0,0,0,0,0,0,0,0,0,0,0,0,0,0,0,0,0,0,0,0,0,21,11,0,0,0,0,0,1,0,0
FL,12019,65,32,0,17,11,0,135,0,0,0,0,0,0,0,0,0,0,18,12,50,0,0,0,0,0,0,0,1122,0,0,0,2,32,1,0,0,0,8,0,0,0,0,0,0,0,0,0,102,0,215,0,0,0,0,0,0,0,0,0,0,0,1,22538,0,44741,19245,5101,1207,3939,205,164112,606,68433,22697,54891,2364,0,0,0,0,0,0,0,6,0,0,0,0,0,0,0,4,0,0,0,0,0,0,0,0,0,0,0,0,0,0,0,0,0,0,0,0,0,0,0,0,0,0,0,0,0,65,32,17,11,0,0,0,12,0,0
FL,12021,2,0,0,0,0,0,0,0,0,0,0,0,0,0,0,0,0,0,0,0,0,0,0,0,0,0,0,98,0,0,0,5,66,83,1078,0,22,0,0,0,0,0,0,0,0,0,0,0,0,169,0,0,0,0,0,6,349,0,0,0,0,0,16219,0,58813,40089,15165,3126,2002,0,81,0,761,52612,775864,281452,0,0,0,0,0,0,0,50570,0,0,0,0,0,0,0,4,0,0,0,0,0,0,0,0,0,0,0,0,0,0,0,0,0,0,0,0,0,0,0,0,0,0,0,0,0,2,0,0,0,0,0,0,0,0,0
FL,12023,2002,2499,0,135,254,0,6127,2,1,0,0,0,0,0,217,0,5,178,41,449,0,0,0,0,0,0,0,13189,0,0,0,0,0,0,0,1,0,74,0,0,0,28,0,0,0,89,0,2152,0,12066,0,0,0,0,0,0,0,0,0,0,0,0,1249,0,29162,6402,1532,562,87,431,165399,3885,82018,44640,136123,1257,0,0,0,0,0,0,0,0,0,0,0,0,0,0,0,0,0,0,0,0,56,0,0,0,0,0,0,0,0,0,0,229,0,9,0,0,0,0,0,0,0,0,0,0,0,2058,2728,135,268,0,0,451,106,0,0
FL,12027,22,0,0,0,0,0,0,0,0,0,0,0,0,0,0,0,0,0,0,0,0,0,0,0,0,0,0,768,0,0,0,0,0,2,13,0,0,0,0,0,0,0,0,0,0,0,0,0,0,0,0,0,0,0,0,15,528,0,0,0,0,0,1139,0,12825,2867,614,181,184,0,151,0,16571,160001,104430,12491,0,0,0,0,0,0,0,96452,0,0,0,0,0,0,0,0,0,0,0,0,0,0,0,0,0,0,0,0,0,0,0,0,0,0,0,0,0,0,0,0,0,0,0,0,0,22,0,0,0,0,0,0,0,0,0
FL,12029,1506,40,0,35,45,0,2387,0,34,0,0,0,0,0,0,0,0,75,16,50,0,0,0,0,0,0,0,5096,0,0,0,66,0,0,0,0,0,47,0,0,0,5,0,0,0,0,0,195,0,932,0,0,0,0,0,0,0,0,0,0,0,0,2078,0,22232,3734,558,95,441,68,119956,245,76891,22693,157951,38351,0,0,0,0,0,0,0,0,0,0,0,0,0,0,0,1,0,0,0,0,0,0,0,0,0,0,0,0,0,0,0,7,0,0,0,0,0,0,0,0,0,0,0,0,0,1506,47,35,45,0,0,7,16,0,0
FL,12031,161,31,0,58,0,0,73,0,2,0,0,0,0,0,0,0,0,11,0,6,0,0,0,0,0,0,0,746,0,0,0,2,69,9,0,0,0,5,0,0,0,0,0,0,0,0,0,9,0,485,0,0,0,0,0,0,0,0,0,0,0,2,45092,0,86163,73548,28918,13893,1561,88,128575,919,33446,10503,79375,39160,0,0,0,0,0,0,0,0,0,0,0,0,0,0,0,12,0,0,0,0,2,0,0,0,0,0,0,0,0,0,0,0,0,0,0,0,0,0,0,0,0,0,0,0,0,163,31,58,0,0,0,0,2,0,0
FL,12033,3276,11071,0,132,601,0,7088,0,0,0,0,0,0,0,57,0,1409,0,5,150,0,0,0,0,0,0,0,6542,0,0,0,107,0,14,0,0,0,0,0,0,0,19,0,0,0,0,0,850,0,8200,0,0,0,0,0,0,0,3,0,0,0,331,4542,0,54083,30275,10033,4144,3539,14,152576,770,30507,25189,67028,2445,0,0,0,0,0,0,0,0,0,0,0,0,0,0,0,0,0,0,0,0,0,0,0,0,0,0,0,0,0,73,0,1955,0,1,0,0,0,0,0,0,0,0,0,0,0,3276,13026,205,2011,0,0,3494,6,0,0
FL,12035,0,0,0,0,0,0,0,0,0,0,0,0,0,0,0,0,0,0,0,0,0,0,0,0,0,0,0,27,0,0,0,0,3518,140,16,0,0,0,0,0,0,0,0,0,0,0,0,0,0,323,0,0,0,4,0,0,1,0,0,0,0,0,12150,0,27181,12526,1933,258,598,2,87235,18,23796,25795,97459,31784,0,0,0,0,0,0,0,20,0,0,0,0,0,0,0,0,0,0,0,0,0,0,0,0,0,0,0,0,0,0,0,0,0,0,0,0,0,0,0,0,0,0,0,0,0,0,0,0,0,0,0,0,0,0,0
FL,12037,0,0,0,0,0,0,1,0,0,0,0,0,0,0,0,0,0,0,0,0,0,0,0,0,0,0,0,85,0,0,0,0,0,0,0,0,0,0,0,0,0,0,0,0,0,0,0,0,0,3,0,0,0,0,0,0,0,0,0,0,0,0,6952,0,14802,4897,1033,471,5198,14,22233,57,4554,1456,253796,39030,0,0,0,0,0,0,0,0,0,0,0,0,0,0,0,0,0,0,0,0,0,0,0,0,0,0,0,0,0,0,0,0,0,0,0,0,0,0,0,0,0,0,0,0,0,0,0,0,0,0,0,0,0,0,0
FL,12039,1492,1853,42,51,875,0,2676,0,0,0,0,0,0,0,1,0,7,846,8,15,0,0,0,0,0,0,0,9152,0,0,0,0,0,0,0,0,0,2,0,0,0,1,0,0,0,0,0,1083,0,7816,0,0,0,0,0,0,0,4,0,0,0,0,6882,0,16869,4257,659,324,103,869,130114,3020,13992,20933,113161,1170,0,0,0,0,0,0,0,0,0,0,0,0,0,0,0,0,0,0,0,0,0,0,0,0,0,0,0,0,0,0,0,0,0,0,0,0,0,0,0,0,0,0,0,0,0,1492,1853,51,882,0,0,8,8,0,0
FL,12041,4819,518,0,693,111,0,9868,3,37,62,0,0,0,0,4,0,0,328,401,350,0,0,0,0,0,0,0,18679,0,0,0,17,0,0,0,0,0,231,0,0,0,38,0,0,0,4,0,1360,0,3908,0,0,0,0,0,0,0,0,0,0,0,0,965,0,8978,1862,189,21,118,9,70020,213,44809,30567,26697,1575,0,0,0,0,0,0,0,0,0,0,0,0,0,0,0,0,0,0,0,0,24,0,0,0,0,0,0,0,0,0,0,25,0,7,0,0,0,0,0,0,0,0,0,0,0,4843,543,693,118,0,0,29,432,0,0
FL,12043,953,0,1,5,0,0,0,0,0,0,0,0,0,0,0,0,0,0,0,0,0,0,0,0,0,0,0,36,0,0,0,56,12,51,34777,0,0,3,0,0,0,0,0,0,0,0,0,0,0,2184,0,0,0,0,0,10,1375,0,0,0,0,0,53112,0,10278,2800,327,46,61,0,2112,0,85557,163595,166915,90886,0,0,0,0,0,0,0,16096,0,0,0,0,0,0,0,0,0,0,0,0,0,0,0,0,0,0,0,0,0,0,0,0,0,0,0,0,0,0,0,0,0,0,0,0,0,953,0,5,0,0,0,0,0,0,0
FL,12045,20,50,0,0,1,0,102,0,0,0,0,0,0,0,0,0,137,0,0,12,0,0,0,0,0,0,0,65,0,0,0,0,0,0,0,0,0,0,0,0,0,0,0,0,0,0,0,2,0,169,0,0,0,0,0,0,0,0,0,0,0,0,9620,0,7566,3727,512,71,2323,0,113479,1,10406,5883,196895,13259,0,0,0,0,0,0,0,0,0,0,0,0,0,0,0,0,0,0,0,0,0,0,0,0,0,0,0,0,0,0,0,65,0,0,0,0,0,0,0,0,0,0,0,0,0,20,115,0,138,0,0,202,0,0,0
FL,12047,7020,977,0,107,363,0,6332,83,2,0,0,0,0,0,97,0,24,190,4,397,0,0,0,0,0,0,0,8482,0,0,0,1,1,2,0,58,0,10,0,0,0,9,0,1,0,2,0,56,0,9744,0,0,0,0,0,0,0,0,0,0,0,0,6481,0,14179,2674,789,316,3224,338,97691,4665,48244,23218,93598,2978,0,0,0,0,0,0,0,0,0,0,0,0,0,0,0,0,0,0,0,0,5,0,0,0,0,0,0,0,0,0,0,0,0,0,0,0,0,0,0,0,0,0,0,0,0,7025,977,107,387,0,0,121,9,0,0
FL,12049,13,0,0,0,0,0,0,0,0,0,0,0,0,0,0,0,0,0,0,0,0,0,0,0,0,0,0,518,0,0,0,0,0,14,1,0,0,0,0,0,0,0,0,0,0,0,0,0,0,9,0,0,0,0,0,0,340,0,0,0,0,0,5368,0,10006,1943,594,155,4873,0,499,0,3082,161564,136579,5933,0,0,0,0,0,0,0,77034,0,0,0,0,0,0,0,0,0,0,0,0,0,0,0,0,0,0,0,0,0,0,0,0,0,0,0,0,0,0,0,0,0,0,0,0,0,13,0,0,0,0,0,0,0,0,0
FL,12051,288,0,24,149,0,0,0,0,0,0,0,0,0,0,0,0,0,0,0,0,0,0,0,0,0,0,0,107,0,0,0,2970,52,239,77096,0,16,0,0,0,0,0,0,0,0,0,0,133,0,11411,0,0,0,0,0,18,3551,0,0,0,0,0,17663,0,20270,6187,906,260,661,0,182,0,2467,222119,213142,69589,0,0,0,0,0,0,0,111896,0,0,0,0,0,0,0,0,0,0,0,0,0,0,0,0,0,0,0,0,0,0,0,0,0,0,0,0,0,0,0,0,0,0,0,0,0,288,0,149,0,0,0,0,0,0,0
FL,12053,3,1,0,7,0,0,516,0,0,0,0,0,0,0,0,0,0,147,20,2,0,0,0,0,0,0,0,4648,0,0,0,0,0,1,0,0,0,2,0,0,0,0,0,0,0,0,0,79,0,39,0,0,0,0,0,2,17,0,0,0,0,0,3087,0,45553,29252,6554,1247,1419,1,33866,10,4624,33683,133691,12458,0,0,0,0,0,0,0,1295,0,0,0,0,0,0,0,20,0,0,0,0,0,0,0,0,0,0,0,0,0,0,0,0,0,0,0,64,0,0,0,0,5,0,0,0,0,3,1,7,0,0,0,0,20,0,0
FL,12055,439,0,0,2,0,0,0,0,0,0,0,0,0,0,0,0,0,0,10,0,0,0,0,0,0,0,0,1080,0,0,0,0,17,941,168,0,0,2,0,0,0,0,0,0,0,0,0,62,0,12,0,0,0,0,0,0,1045,0,0,0,0,0,44172,0,44620,16926,3421,888,962,0,1371,0,61925,239308,169655,22066,0,0,0,0,0,0,0,98913,0,0,0,0,0,0,0,0,0,0,0,0,0,0,0,0,0,0,0,0,0,0,0,0,0,0,0,0,0,0,0,0,0,0,0,0,0,439,0,2,0,0,0,0,10,0,0
FL,12057,26,0,0,21,0,0,205,0,0,0,0,0,0,0,0,0,0,21,29,0,0,0,0,0,0,0,0,868,0,0,0,0,1,69,23,0,0,1,0,41,0,0,0,0,0,0,0,14,0,64,0,0,0,0,0,40,474,0,0,0,0,0,17276,0,109994,73956,47562,17214,6814,0,4249,0,6831,123869,235885,15363,0,0,0,0,0,0,0,17396,0,0,0,0,0,0,0,8347,37,0,0,0,0,0,0,0,0,0,0,0,0,0,0,0,0,0,0,20,0,0,0,0,0,0,0,0,0,26,0,21,0,0,0,0,29,0,0
FL,12059,1357,5802,0,330,2978,0,6195,0,0,0,0,0,0,0,284,0,916,0,351,136,0,0,0,0,0,0,0,17180,0,0,0,0,0,8,0,0,0,0,0,0,0,0,0,0,0,0,2,1113,0,13377,0,0,0,0,0,0,0,230,0,0,0,0,2723,0,12631,659,183,50,81,1347,129778,1927,40340,13945,57865,345,0,0,0,0,0,0,0,0,0,0,0,0,0,0,0,0,0,0,0,0,0,0,0,0,0,0,0,0,0,0,0,331,0,344,0,0,0,0,0,0,0,0,0,0,0,1357,6133,330,4238,0,0,1531,695,0,0
FL,12061,146,0,0,163,0,0,2,0,0,0,0,0,0,0,0,0,0,0,0,0,0,0,0,0,0,0,0,225,0,0,0,9,0,1163,241,0,148,0,0,0,0,0,0,0,0,0,0,4,0,148,0,0,0,0,0,13,41872,0,0,0,0,86,15813,0,28737,17291,4517,899,1143,0,1,0,251,45972,106292,30963,0,0,0,0,0,0,0,31923,0,0,0,0,0,0,0,0,0,0,0,0,0,0,0,0,0,0,0,0,0,0,0,0,0,0,0,0,0,0,0,0,0,0,0,0,0,146,0,163,0,0,0,0,0,0,0
FL,12063,5329,54694,0,588,3404,0,31823,0,0,0,0,0,0,0,401,0,843,6,327,263,0,0,0,0,0,0,0,41978,0,0,0,0,0,85,0,0,0,137,0,0,0,40,0,0,0,21,2,378,0,29167,0,0,0,0,0,0,0,383,0,0,0,0,11082,0,30457,2725,931,286,42,1989,180638,788,85577,22805,100807,892,0,0,0,0,0,0,0,0,0,0,0,0,0,0,0,0,0,0,0,0,0,0,0,0,0,0,0,0,0,0,0,1978,0,71,0,0,0,0,0,0,0,0,0,0,0,5329,56672,588,4318,0,0,3222,398,0,0
FL,12065,2961,576,0,436,471,0,3336,0,0,0,0,0,0,0,133,0,2,6229,794,39,0,0,0,0,0,0,0,3610,0,0,0,0,0,11,0,0,0,121,0,0,0,4,0,0,0,0,168,120,0,2695,0,0,0,0,0,0,0,47,0,0,0,0,824,0,14301,1488,138,34,69,3321,121463,16107,17182,25944,156218,12749,0,0,0,0,0,0,0,1,0,0,0,0,0,0,0,0,0,0,0,0,0,0,0,0,0,0,0,0,0,0,0,0,0,105,0,0,0,0,0,0,0,0,0,0,0,2961,576,436,578,0,0,135,899,0,0
FL,12067,4904,848,0,150,663,0,3006,0,5,0,0,0,0,0,32,0,13,127,20,149,0,0,0,0,0,0,0,9901,0,0,0,44,4,0,0,9,0,389,0,0,0,3,0,0,0,1,0,484,0,3555,0,0,0,0,0,0,0,0,0,0,0,0,993,0,14333,1909,86,16,87,156,92425,2355,38229,23956,132602,19212,0,0,0,0,0,0,0,0,0,0,0,0,0,0,0,0,0,0,0,0,6,0,0,0,0,0,0,0,0,0,0,0,0,1,0,5,0,0,0,0,0,0,0,0,0,4910,848,150,677,0,0,45,27,0,0
FL,12069,25,0,0,8,0,0,868,0,0,0,0,0,0,0,0,0,0,128,178,0,0,0,0,0,0,0,0,2282,0,0,0,0,0,610,13,0,0,61,0,1,0,0,0,0,0,0,0,1,0,89,0,0,0,3,0,0,1774,0,0,0,0,13,81416,0,58590,23900,8977,1901,3208,0,67050,0,26806,162264,251809,22463,0,0,0,0,0,0,0,25412,0,0,0,0,0,0,0,173,3,0,0,0,0,0,0,0,0,0,0,0,0,0,0,0,0,0,0,16,0,0,0,0,0,0,0,0,0,25,0,8,0,0,0,0,178,0,0
FL,12071,0,0,0,0,0,0,0,0,0,0,0,0,0,0,0,0,0,0,0,0,0,0,0,0,0,0,0,930,0,0,0,0,4,127,98,0,0,0,0,0,0,0,0,0,0,0,0,0,0,3,0,0,0,0,0,258,208,0,0,0,0,0,11306,0,116935,90380,23082,5674,1735,0,462,0,2779,36150,185409,27317,0,0,0,0,0,0,0,15742,0,0,0,0,0,0,0,0,0,0,0,0,0,0,0,0,0,0,0,0,0,0,0,0,0,0,0,0,0,0,0,0,0,0,0,0,0,0,0,0,0,0,0,0,0,0,0
FL,12073,1733,18,57,42,265,0,231,0,0,0,0,0,0,0,0,0,4,293,284,44,0,0,0,0,0,0,0,3798,0,0,0,0,0,0,0,0,0,8,0,0,0,2,0,0,0,0,25,55,0,2482,0,0,0,0,0,0,0,2,0,0,0,0,4790,0,49154,13542,5110,1603,169,3546,169335,12602,23629,27628,120825,8062,0,0,0,0,0,0,0,0,0,0,0,0,0,0,0,0,0,0,0,0,0,0,0,0,0,0,0,0,0,0,0,2,0,0,0,0,0,0,0,0,0,0,0,0,0,1733,20,42,269,0,0,6,284,0,0
FL,12075,2061,348,0,371,100,0,28411,1,0,1,0,0,0,0,0,0,0,204,467,820,0,0,0,0,0,0,0,16984,0,0,0,2,0,0,0,0,0,555,0,0,0,4,0,0,0,4,0,827,0,4262,0,0,0,0,0,0,2,0,0,0,0,0,3865,0,34481,6006,1043,114,662,20,266894,16,82246,84503,138050,51143,0,0,0,0,0,0,0,0,0,0,0,0,0,0,0,3,0,0,0,0,92,0,0,0,0,0,0,0,0,0,0,8,0,4,0,0,0,0,0,0,11,0,0,0,0,2153,356,371,104,0,0,8,563,0,0
FL,12077,83,55,1,4,40,0,38,0,0,0,0,0,0,0,0,0,485,11,12,16,0,0,0,0,0,0,0,993,0,0,0,0,0,0,0,0,0,2,0,0,0,179,0,0,0,0,0,100,0,1110,0,0,0,0,0,0,0,1,0,0,0,0,3262,0,13493,999,130,67,121,83,215498,209,18070,8209,270062,6223,0,0,0,0,0,0,0,0,0,0,0,0,0,0,0,0,0,0,0,0,0,0,0,0,0,0,0,0,0,0,0,5,0,0,0,0,0,0,0,0,0,0,0,0,0,83,60,4,525,0,0,490,12,0,0
FL,12079,11701,3063,0,417,1498,0,14796,1,0,0,0,0,0,0,28,0,3,505,28,735,0,0,0,0,0,0,0,18179,0,0,0,4,4,0,0,16,0,15,0,0,0,757,0,0,0,1,5,119,0,3263,0,0,0,0,0,0,0,3,0,0,0,0,1220,0,19215,2242,242,127,76,945,122808,16180,35443,36364,157465,10612,0,0,0,0,0,0,0,0,0,0,0,0,0,0,0,0,0,0,0,0,5,0,0,0,0,0,0,0,0,0,0,0,0,25,0,0,0,0,0,0,0,0,0,0,0,11706,3063,417,1526,0,0,31,58,0,0
FL,12081,294,0,0,116,0,0,122,0,0,0,0,0,0,0,0,0,0,4,0,0,0,0,0,0,0,0,0,2004,0,0,0,0,0,69,13,0,0,0,0,0,0,0,0,0,0,0,0,3,0,35,0,0,0,0,0,12,449,0,0,0,0,0,15117,0,37885,30116,16329,4103,8246,0,280,0,1967,148776,171476,16396,0,0,0,0,0,0,0,31730,0,0,0,0,0,0,0,1783,24,0,0,0,0,0,0,0,0,0,0,0,0,0,0,0,0,0,0,50,0,0,0,0,0,0,0,0,0,294,0,116,0,0,0,0,0,0,0
FL,12083,42,518,0,240,6,0,10425,4,0,0,0,0,0,0,0,0,0,91,24,154,0,0,0,0,0,0,0,8380,0,0,0,0,0,175,0,0,0,29,0,2,0,0,0,0,0,0,0,624,0,1045,0,0,0,0,0,0,133,0,0,0,0,2,19401,0,109166,33177,9226,2113,1459,51,426761,14,84242,204966,131314,18479,0,0,0,0,0,0,0,1842,0,0,0,0,0,0,0,88,3,0,0,0,0,0,0,0,0,0,0,0,0,0,0,0,0,0,0,89,0,0,0,0,29,0,0,0,0,42,518,240,6,0,0,0,24,0,0
FL,12085,4,0,1,0,0,0,0,0,0,0,0,0,0,0,0,0,0,0,0,0,0,0,0,0,0,0,0,10,0,0,0,524,0,6103,6696,0,3233,0,0,0,0,0,1,0,0,0,0,731,0,4125,0,0,0,0,0,17,3696,0,0,0,0,0,68952,0,33200,20357,6495,1358,880,0,56,0,79,83116,110689,36279,0,0,0,0,0,0,0,34254,0,0,0,0,0,0,0,0,3,0,0,0,0,0,0,0,0,0,0,0,0,0,0,0,0,0,0,0,0,0,0,0,0,0,0,0,0,4,0,0,0,0,0,0,0,0,0
FL,12086,0,0,0,0,0,0,0,0,0,0,0,0,0,0,0,0,0,0,0,0,0,0,0,0,0,0,0,0,0,0,0,7311,0,17092,3537,0,8388,0,0,0,0,0,730,0,0,0,0,1,0,242,0,0,0,0,0,8072,1,0,0,0,0,0,34916,0,64532,106151,55465,27103,630,0,3,0,444,1287,187689,746077,0,0,0,0,0,0,0,77,0,0,0,0,0,0,0,0,999,0,0,0,0,0,0,0,0,0,0,0,0,0,0,0,0,0,0,0,0,0,0,0,0,0,0,0,0,0,0,0,0,0,0,0,0,0,0
FL,12087,0,0,0,0,0,0,0,0,0,0,0,0,0,0,0,0,0,0,0,0,0,0,0,0,0,0,0,0,0,0,0,16,0,38,73,0,5,0,0,0,0,0,0,0,0,0,0,0,0,2,0,0,0,0,0,16,0,0,0,0,0,0,29202,0,7867,8043,6199,1619,181,0,0,0,0,40,374538,208115,0,0,0,0,0,0,0,1,0,0,0,0,0,0,0,0,0,0,0,0,0,0,0,0,0,0,0,0,0,0,0,0,0,0,0,0,0,0,0,0,0,0,0,0,0,0,0,0,0,0,0,0,0,0,0
FL,12089,532,679,0,4,1,0,52,0,0,0,0,0,0,0,3,0,0,1,0,8,0,0,0,0,0,0,0,446,0,0,0,1,12,1,0,1,0,10,0,0,0,0,0,0,0,1,0,6,0,1420,0,0,0,0,0,0,0,0,0,0,0,0,11726,0,23698,6004,1578,457,1224,133,189778,1063,51609,16652,89217,30421,0,0,0,0,0,0,0,0,0,0,0,0,0,0,0,0,0,0,0,0,2,0,0,0,0,0,0,0,0,0,0,0,0,0,0,0,0,0,0,0,0,0,0,0,0,534,679,4,1,0,0,3,2,0,0
FL,12091,233,4012,0,15,1144,0,2682,0,0,0,0,0,0,0,0,0,136,0,14,35,0,0,0,0,0,0,6,3281,0,0,0,13,0,41,0,0,0,0,0,0,0,0,0,0,0,0,0,30,0,19276,0,0,0,0,0,0,0,76,0,0,0,5,3841,0,47209,20683,7777,3246,5919,454,335493,5287,52270,42575,44042,1158,0,0,0,0,0,0,0,0,0,0,0,0,0,0,0,0,0,0,0,0,0,0,0,0,0,0,0,0,0,0,0,113,0,95,0,0,0,0,0,0,0,0,0,0,0,233,4125,15,1375,0,0,249,109,0,0
FL,12093,127,0,0,661,0,0,359,0,0,0,0,0,0,0,0,0,0,0,0,0,0,0,0,0,0,0,0,15876,0,0,0,26,0,27,115,0,2,0,0,0,0,0,0,0,0,0,0,126,0,22,0,0,0,0,0,0,3297,0,0,0,0,0,66531,0,18902,4794,1059,288,21,0,70,0,33487,233821,145080,36785,0,0,0,0,0,0,0,9308,0,0,0,0,0,0,0,0,0,0,0,0,0,0,0,0,0,0,0,0,0,0,0,0,0,0,0,0,0,0,0,0,0,0,0,0,0,127,0,661,0,0,0,0,0,0,0
FL,12095,30,0,0,1,0,0,0,0,0,0,0,0,0,0,0,0,0,0,3,0,0,0,0,0,0,0,0,211,0,0,0,0,0,200,3,0,0,2,0,0,0,0,0,0,0,0,0,26,0,12,0,0,0,0,0,0,133,0,0,0,0,0,56414,0,99831,76423,36105,12111,1704,0,6954,0,10753,68434,236529,27253,0,0,0,0,0,0,0,9652,0,0,0,0,0,0,0,0,0,0,0,0,0,0,0,0,0,0,0,0,0,0,0,0,0,0,0,4,0,0,0,0,0,0,0,0,0,30,0,1,0,0,0,0,3,0,0
FL,12097,8,0,0,1,0,0,0,0,0,0,0,0,0,0,0,0,0,0,0,0,0,0,0,0,0,0,0,743,0,0,0,0,0,290,25,0,0,2,0,0,0,0,0,0,0,0,0,1322,0,10,0,0,0,0,0,0,715,0,0,0,0,0,83277,0,51149,20792,7659,1452,781,0,1297,0,77920,288894,373860,39813,0,0,0,0,0,0,0,14100,0,0,0,0,0,0,0,4,0,0,0,0,0,0,0,0,0,0,0,0,0,0,0,0,0,0,0,0,0,0,0,0,0,0,0,0,0,8,0,1,0,0,0,0,0,0,0
FL,12099,34,1,2391,1,0,0,39,0,1120,0,0,0,0,0,0,0,0,0,0,0,0,0,0,0,0,0,0,3,0,0,0,5142,0,8803,414198,0,2749,0,0,0,0,0,3,0,0,0,0,18207,0,36315,0,0,0,0,0,17,2437,0,0,0,0,0,154472,0,108816,110362,51605,10521,6759,0,0,0,37,16019,157596,310165,0,0,0,0,0,0,0,1987,0,0,0,0,0,0,0,0,2,0,0,0,0,0,0,0,0,0,0,0,0,0,0,0,0,0,0,0,0,0,0,0,0,0,0,0,0,34,1,1,0,0,0,0,0,0,0
FL,12101,18,2,0,7,0,0,415,0,0,0,0,0,0,0,0,0,0,78,94,0,0,0,0,0,0,0,0,11944,0,0,0,0,0,6,0,0,0,5,0,3,0,0,0,0,0,0,0,97,0,27,0,0,0,0,0,0,50,0,0,0,0,0,5861,0,64992,37554,23847,4469,728,2,17585,1,11540,82698,201285,15666,0,0,0,0,0,0,0,10445,0,0,0,0,0,0,0,186,2,0,0,0,0,0,0,0,0,0,0,0,0,0,0,0,0,1,0,6,0,0,0,0,0,0,0,0,0,18,2,7,1,0,0,0,95,0,0
FL,12103,0,0,0,0,0,0,30,0,0,0,0,0,0,0,0,0,0,0,0,0,0,0,0,0,0,0,0,28,0,0,0,0,0,0,0,0,0,0,0,0,0,0,0,0,0,0,0,2,0,1,0,0,0,0,0,0,0,0,0,0,0,0,6286,0,28243,64631,40350,12005,1156,0,2376,0,636,979,25061,3696,0,0,0,0,0,0,0,0,0,0,0,0,0,0,0,4,0,0,0,0,0,0,0,0,0,0,0,0,0,0,0,0,0,0,0,0,0,0,0,0,0,0,0,0,0,0,0,0,0,0,0,0,0,0,0
FL,12105,6,0,0,0,0,0,9,0,0,0,0,0,0,0,0,0,0,0,135,0,0,0,0,0,0,0,0,2037,0,0,0,0,0,39,5,0,0,3,0,0,0,0,0,0,0,0,0,23,0,230,0,0,0,0,0,0,2911,0,0,0,0,0,99078,0,131018,49932,18634,6389,15994,0,10210,0,87603,270334,420764,39717,0,0,0,0,0,0,0,131090,0,0,0,0,0,0,0,121,1,0,0,0,0,0,0,0,0,0,0,0,0,0,0,0,0,0,0,0,0,0,0,0,0,0,0,0,0,6,0,0,0,0,0,0,135,0,0
FL,12107,551,10,0,32,0,0,105,0,0,0,0,0,0,0,0,0,0,14,18,630,0,0,0,0,0,0,0,1288,0,0,0,0,4362,1715,1,0,0,1,0,0,0,0,0,0,0,0,0,26,0,2072,0,0,0,3,0,0,64,0,0,0,0,84,53279,0,49214,8667,1548,524,809,19,194173,552,56239,40019,101696,11560,0,0,0,0,0,0,0,84,0,0,0,0,0,0,0,17,0,0,0,0,1,0,0,0,0,0,0,0,0,0,0,0,0,0,0,2,0,0,0,0,0,0,0,0,0,552,10,32,0,0,0,0,19,0,0
FL,12109,17,0,0,18,0,0,19,0,0,0,0,0,0,0,0,0,0,8,0,70,0,0,0,0,0,0,0,165,0,0,0,0,15191,111,4,0,0,0,0,0,0,0,0,0,0,0,0,0,0,1152,0,0,0,0,0,0,1,0,0,0,0,42,36114,0,32345,21585,5668,1023,2696,19,117552,205,39060,16384,109451,23537,0,0,0,0,0,0,0,3,0,0,0,0,0,0,0,2,0,0,0,0,0,0,0,0,0,0,0,0,0,0,0,0,0,0,0,0,0,0,0,0,0,0,0,0,0,17,0,18,0,0,0,0,0,0,0
FL,12111,0,0,4,3,0,0,0,0,0,0,0,0,0,0,0,0,0,0,0,0,0,0,0,0,0,0,0,291,0,0,0,28,0,3135,1861,0,149,0,0,0,0,0,0,0,0,0,0,8,0,1603,0,0,0,0,0,174,38644,0,0,0,0,0,3081,0,51459,30498,8215,2232,879,0,55,0,63,81194,72488,17206,0,0,0,0,0,0,0,54897,0,0,0,0,0,0,0,0,1,0,0,0,0,0,0,0,0,0,0,0,0,0,0,0,0,0,0,0,0,0,0,0,0,0,0,0,0,0,0,3,0,0,0,0,0,0,0
FL,12113,991,19260,0,12,2388,0,20612,0,0,0,0,0,0,0,10,0,794,0,6,117,0,0,0,0,0,0,4,5716,0,0,0,13,0,327,0,0,0,0,0,0,0,4,0,0,0,0,0,103,0,14780,0,0,0,0,0,0,0,13,0,0,0,7,5698,0,56197,15527,3747,1049,3001,48,339940,1639,33189,35153,86207,7865,0,0,0,0,0,0,0,0,0,0,0,0,0,0,0,0,0,0,0,0,0,0,0,0,0,0,0,0,0,0,0,1878,0,16,0,0,0,0,0,0,0,0,0,0,0,991,21138,12,3198,0,0,2682,22,0,0
FL,12115,1,0,0,12,0,0,16,0,0,0,0,0,0,0,0,0,0,0,0,0,0,0,0,0,0,0,0,437,0,0,0,0,0,22,6,0,0,0,0,0,0,0,0,0,0,0,0,1,0,3,0,0,0,1,0,7,135,0,0,0,0,0,5053,0,57875,39966,22364,6020,605,0,20,0,964,53797,154477,26554,0,0,0,0,0,0,0,2018,0,0,0,0,0,0,0,162,0,0,0,0,0,0,0,0,0,0,0,0,0,0,0,0,0,0,0,0,0,0,0,0,0,0,0,0,0,1,0,12,0,0,0,0,0,0,0
FL,12117,5,0,0,0,0,0,0,0,0,0,0,0,0,0,0,0,0,0,0,0,0,0,0,0,0,0,0,30,0,0,0,0,0,103,24,0,0,0,0,0,0,0,0,0,0,0,0,0,0,4,0,0,0,0,0,23,35,0,0,0,0,0,20049,0,46299,29020,10441,2674,132,0,6169,2,1733,11450,75954,14827,0,0,0,0,0,0,0,1720,0,0,0,0,0,0,0,5,0,0,0,0,0,0,0,0,0,0,0,0,0,0,0,0,0,0,0,0,0,0,0,0,0,0,0,0,0,5,0,0,0,0,0,0,0,0,0
FL,12119,10,0,0,2,0,0,1931,0,0,0,0,0,0,0,0,0,0,742,464,0,0,0,0,0,0,0,0,16667,0,0,0,0,4,5,0,0,0,106,0,0,0,0,0,0,0,0,0,1,0,573,0,0,0,0,0,0,8,0,0,0,0,0,5380,0,21157,6614,4013,750,2538,0,24275,0,6059,88493,180451,10890,0,0,0,0,0,0,0,28,0,0,0,0,0,0,0,82,0,0,0,0,0,0,0,0,0,0,0,0,0,0,0,0,0,0,0,19,0,0,0,0,0,0,0,0,0,10,0,2,0,0,0,0,464,0,0
FL,12121,13849,1564,0,1029,1217,0,12086,11,576,0,0,0,0,0,419,0,292,146,314,1306,0,0,0,0,0,0,0,34893,0,0,0,5,586,0,0,301,0,472,0,0,0,137,0,0,0,125,0,1197,0,15317,0,0,0,0,0,0,0,0,0,0,0,0,1430,0,25198,6602,599,160,217,838,105569,8367,78856,73837,54388,997,0,0,0,0,0,0,0,0,0,0,0,0,0,0,0,0,0,0,0,0,32,0,0,0,0,0,0,0,0,0,0,0,0,0,0,10,0,0,0,0,0,0,0,0,0,13881,1564,1029,1509,0,0,711,346,0,0
FL,12123,114,45,0,68,26,0,202,0,0,0,0,0,0,0,4,0,0,264,6,24,0,0,0,0,0,0,0,1937,0,0,0,2,0,3,0,0,0,13,0,0,0,10,0,0,0,3,1,72,0,600,0,0,0,0,0,0,0,1,0,0,0,0,890,0,30153,5019,630,256,1540,93,192049,4714,51229,66362,271242,44239,0,0,0,0,0,0,0,0,0,0,0,0,0,0,0,0,0,0,0,0,0,0,0,0,0,0,0,0,0,0,0,0,0,0,0,0,0,0,0,0,0,0,0,0,0,114,45,68,26,0,0,4,6,0,0
FL,12125,437,155,0,26,28,0,329,0,0,0,0,0,0,0,4,0,0,102,31,85,0,0,0,0,0,0,0,5749,0,0,0,0,0,0,0,0,0,2,0,0,0,0,0,0,0,1,0,604,0,1254,0,0,0,0,0,0,0,0,0,0,0,0,1851,0,7097,1387,214,51,29,31,62991,547,26188,15659,34204,735,0,0,0,0,0,0,0,0,0,0,0,0,0,0,0,0,0,0,0,0,0,0,0,0,0,0,0,0,0,0,0,8,0,19,0,0,0,0,0,0,0,0,0,0,0,437,163,26,47,0,0,12,50,0,0
FL,12127,3,0,0,30,0,0,0,0,0,0,0,0,0,0,0,0,0,0,0,0,0,0,0,0,0,0,0,120,0,0,0,0,10,1158,8,0,0,0,0,0,0,0,0,0,0,0,0,0,0,33,0,0,0,1,0,2,266,0,0,0,0,3,63808,0,89536,50930,12786,2762,1375,1,146490,4,40163,43390,230517,88403,0,0,0,0,0,0,0,1286,0,0,0,0,0,0,0,0,0,0,0,0,0,0,0,0,0,0,0,0,0,0,0,0,0,0,0,0,0,0,0,0,0,0,0,0,0,3,0,30,0,0,0,0,0,0,0
FL,12129,56,4,4,0,5,0,13,0,0,0,0,0,0,0,0,0,0,6,2,2,0,0,0,0,0,0,0,698,0,0,0,0,0,0,0,0,0,6,0,0,0,0,0,0,0,0,0,7,0,89,0,0,0,0,0,0,0,0,0,0,0,0,2952,0,16965,2765,440,80,1826,1961,104929,9867,12255,7505,201806,30510,0,0,0,0,0,0,0,0,0,0,0,0,0,0,0,0,0,0,0,0,0,0,0,0,0,0,0,0,0,0,0,0,0,0,0,0,0,0,0,0,0,0,0,0,0,56,4,0,5,0,0,0,2,0,0
FL,12131,308,5580,0,121,1600,0,5390,0,0,0,0,0,0,0,9,0,1386,0,748,62,0,0,0,0,0,0,22,4041,0,0,0,17,0,4,0,0,0,0,0,0,0,0,0,0,0,0,0,216,0,14589,0,0,0,0,0,5,0,59,0,0,0,18,7702,0,37053,8455,1972,305,3142,844,356466,5159,79778,51924,90995,6062,0,0,0,0,0,0,0,0,0,0,0,0,0,0,0,0,0,0,0,0,0,0,0,0,0,0,0,0,0,0,0,41,0,395,0,0,0,0,0,0,0,0,0,0,0,308,5621,121,3381,0,0,1436,1143,0,0
FL,12133,1025,5946,0,15,996,0,5283,0,0,0,0,0,0,0,157,0,672,0,196,38,0,0,0,0,0,0,0,10165,0,0,0,0,0,15,0,0,0,2,0,0,0,5,0,0,0,1,0,239,0,7448,0,0,0,0,0,0,0,54,0,0,0,0,10507,0,21544,3602,458,104,1048,499,143767,1044,73314,19911,84884,1268,0,0,0,0,0,0,0,0,0,0,0,0,0,0,0,0,0,0,0,0,0,0,0,0,0,0,0,0,0,0,0,108,0,53,0,0,0,0,0,0,0,0,0,0,0,1025,6054,15,1721,0,0,937,249,0,0
GA,13001,8005,33464,0,42,1269,0,3200,235,2,0,0,0,0,0,1517,0,1718,95,1,137,0,2,0,0,0,0,0,8068,0,0,0,0,0,5,0,3,0,0,3,0,0,0,0,2,0,0,0,60,0,8427,0,0,0,0,0,0,0,2137,0,0,2,1,1734,0,13050,5851,934,312,76,506,143656,361,17510,7046,60721,997,0,0,0,0,0,0,0,0,0,0,0,0,0,0,0,0,0,0,0,3,22,0,0,0,0,0,0,0,0,0,0,3801,100,0,0,2864,0,0,0,0,0,0,0,0,0,8030,37365,42,3087,0,0,7039,23,0,0
GA,13003,4765,18439,0,85,226,7,4628,324,0,0,0,0,0,0,3,0,152,104,6,73,0,0,0,0,0,0,0,4759,0,0,0,0,0,0,0,0,0,0,0,0,0,0,0,21,0,0,0,24,0,6549,0,1,0,12,0,0,0,269,0,0,0,1,689,0,8793,2187,310,62,10,276,108892,670,8941,4740,40508,2378,0,0,0,0,0,0,0,0,0,0,0,0,0,2,0,0,0,0,0,13,111,0,0,0,0,0,0,0,0,0,0,294,0,0,0,509,0,0,0,0,0,0,0,0,0,4889,18733,85,378,0,0,462,117,0,0
GA,13005,4360,17768,0,59,395,0,1897,4,0,0,0,0,0,0,211,0,275,14,0,35,0,4,0,0,0,0,0,8948,0,0,0,0,0,0,0,0,0,0,0,0,0,0,0,0,0,0,0,2,0,6356,0,0,0,0,0,0,0,545,0,0,0,2,433,0,7776,3126,539,143,8,228,76586,90,9512,3241,29951,831,0,0,0,0,0,0,0,0,0,0,0,0,0,0,0,0,0,0,0,152,0,0,0,0,0,0,0,0,0,0,0,1704,1,0,0,7788,0,0,0,0,0,0,0,0,0,4512,19473,59,671,0,0,2342,0,0,0
GA,13007,14998,18350,0,95,317,0,19079,0,2,0,0,0,0,0,253,0,166,5,46,207,0,0,0,0,0,0,0,2187,0,0,0,0,0,2,0,0,0,2,0,0,0,2,0,0,0,0,0,52,0,25549,0,0,0,0,0,0,0,1045,0,0,0,0,1434,0,8174,1258,69,7,23,16874,56960,4082,1018,18787,28798,1509,0,0,0,0,0,0,0,0,0,0,0,0,0,0,0,0,0,0,0,93,122,0,0,0,0,0,0,0,0,46,0,1811,0,0,0,1,2,0,0,0,0,0,0,0,0,15213,20161,141,483,0,0,2369,168,0,0
GA,13009,103,9,0,2,1,0,1,0,0,0,0,0,0,0,159,0,1,3,1,5,0,3,0,0,0,0,0,7323,0,0,0,0,0,1,0,0,0,0,0,0,0,0,0,0,0,1,0,0,0,563,0,2,0,0,0,0,0,1,0,0,0,0,6941,0,12051,3676,1052,329,473,63475,44339,3053,955,17618,9034,104,0,0,0,0,0,0,0,0,0,0,0,0,0,0,0,0,0,0,0,1,0,0,0,0,0,0,0,0,0,0,0,0,0,0,0,0,0,0,0,0,0,0,0,0,0,104,9,2,2,0,0,161,1,0,0
GA,13011,237,4,0,1,398,0,0,0,0,0,0,0,0,0,230,0,117,5,1,159,0,1,0,0,0,0,0,19595,0,0,0,0,0,44,0,0,0,0,0,0,0,0,0,0,0,0,0,0,0,21,0,5,1,0,0,0,0,0,0,0,0,0,867,0,7803,2957,767,200,604,90406,7167,115,152,16468,1352,0,0,0,0,0,0,0,0,0,0,0,0,0,0,0,0,0,0,0,0,6,0,0,0,0,0,0,0,0,0,2,0,0,0,4,0,0,0,0,0,0,0,0,0,0,0,243,4,3,519,0,0,355,5,0,0
GA,13013,9,3,0,10,2,0,0,0,0,0,0,0,0,0,42,0,7,0,1,10,0,0,0,0,0,0,0,18919,0,0,0,0,0,37,0,0,0,0,0,0,0,0,0,0,0,0,0,0,0,15,0,1,0,0,0,0,0,1,0,0,0,0,786,0,9372,8929,1473,637,754,41065,9141,96,64,12038,845,0,0,0,0,0,0,0,0,0,0,0,0,0,0,0,0,0,0,0,0,2,0,0,0,0,0,0,0,0,0,0,0,0,0,0,0,0,0,0,0,0,0,0,0,0,0,11,3,10,9,0,0,51,1,0,0
GA,13015,3230,1807,0,8,1031,0,0,0,0,0,0,0,0,0,293,0,2105,0,0,0,0,0,0,0,0,0,3,37095,0,0,0,0,0,0,0,0,0,0,0,0,0,0,0,0,0,0,0,681,0,330,0,0,0,0,0,0,0,0,0,0,0,0,7124,0,28542,11462,2723,1281,913,116794,62594,8269,5652,8736,151,1,0,0,0,0,0,0,0,0,0,0,0,0,0,0,0,0,0,0,0,3,0,0,0,0,0,0,0,0,0,1,0,0,0,0,0,0,0,0,0,0,0,0,0,0,1,3233,1807,9,3137,1,0,2402,0,0,0
GA,13017,3173,12492,0,23,152,2,4523,99,0,0,0,0,0,0,26,0,181,87,9,103,0,0,0,0,0,0,1,4796,0,0,0,0,0,22,0,0,0,0,0,0,0,0,0,2,0,0,0,133,0,8460,0,2,0,5,1,0,0,1875,0,0,0,0,1160,0,8670,2175,471,354,4,3871,77979,1364,603,5850,22108,1032,0,0,0,0,0,0,0,0,0,0,0,0,0,1,0,0,0,0,0,0,2,0,0,0,0,0,0,0,0,140,0,608,0,0,0,4,0,0,0,0,0,0,0,0,0,3175,13100,163,333,0,0,955,11,0,0
GA,13019,5814,39606,0,35,379,2,9852,381,0,0,0,0,0,0,10,0,58,11,13,405,0,0,0,0,0,0,0,2759,0,0,0,0,0,4,0,0,0,2,0,0,0,44,0,17,0,0,0,149,0,30174,0,0,0,132,0,0,0,1906,0,0,0,0,1583,0,10902,2093,300,153,28,2353,122581,1965,1741,5404,48685,2616,0,0,0,0,0,0,0,0,0,0,0,0,0,0,0,0,0,0,0,0,0,0,0,0,0,0,0,0,0,4,0,616,0,0,0,181,0,0,0,0,0,0,0,0,0,5814,40222,39,437,0,0,688,13,0,0
GA,13021,191,202,0,105,16,1,6,0,0,0,0,0,0,0,373,0,605,154,48,20,0,0,0,0,0,0,0,3870,0,0,0,0,0,16,0,0,0,12,0,0,0,0,0,0,0,1,0,4,0,2715,0,27,0,0,0,0,0,99,0,0,0,0,3955,0,26945,13712,5965,2516,644,46620,15562,3518,242,12949,21425,779,0,0,0,0,0,0,0,0,0,0,0,0,0,0,0,0,0,0,0,7,0,0,0,0,0,0,0,0,0,4,0,1,0,0,0,0,0,0,0,0,0,0,0,0,0,198,203,109,621,0,0,990,48,0,0
GA,13023,5345,10617,0,133,1055,25,1541,0,0,0,0,0,0,0,637,0,2166,128,9,10,0,0,0,0,0,0,0,11722,0,0,0,0,0,6,0,0,0,1,0,0,0,0,0,1,0,0,0,104,0,11124,0,3,0,0,3,0,0,1206,0,0,0,1,916,0,6354,1517,215,100,28,20715,37550,2710,197,5278,14964,663,0,0,0,0,0,0,1,0,0,0,0,0,0,0,0,0,0,0,0,2,6,0,0,0,0,0,0,0,0,824,0,2118,0,0,3,0,0,0,0,0,0,0,0,0,0,5356,12735,957,3224,0,0,5747,15,0,0
GA,13025,1037,1013,0,1,169,0,575,0,0,0,0,0,0,0,2,0,9,0,2,7,0,0,0,0,0,0,0,4107,0,0,0,0,0,0,0,0,0,0,0,0,0,0,0,0,0,0,0,0,0,1622,0,0,0,0,0,0,0,109,0,0,0,0,651,0,13745,2626,227,30,159,26,161217,92,13573,12252,72200,1006,0,0,0,0,0,0,0,0,0,0,0,0,0,0,0,0,0,0,0,4,0,0,0,0,0,0,0,0,0,0,0,2,0,0,0,159,0,0,0,0,0,0,0,0,0,1041,1015,1,178,0,0,17,2,0,0
GA,13027,7583,41509,0,72,1315,0,8722,24,0,0,0,0,0,0,151,0,3422,43,1,15,0,0,0,0,0,0,1,5694,0,0,0,0,0,40,0,0,0,6,0,26,0,0,0,0,0,0,0,111,0,27176,0,195,0,0,0,0,0,3582,0,0,0,0,1239,0,13755,1791,251,80,8,2958,88073,11107,9200,7868,76024,2944,0,0,0,0,0,51,0,0,0,0,24,0,0,5,0,0,16,0,0,0,0,0,0,0,0,0,0,0,0,8,0,3209,0,101,144,26,1,0,0,0,0,0,0,0,0,7727,44718,80,4982,0,0,6790,102,51,0
GA,13029,238,1749,0,1,633,0,527,0,0,0,0,0,0,0,4,0,65,3,0,4,0,1,0,0,0,0,0,902,0,0,0,0,0,0,0,0,0,0,0,0,0,0,0,0,0,0,0,6,0,1593,0,0,0,0,0,0,0,22,0,0,2,0,5246,0,13798,3347,629,121,668,184,152264,952,8929,6032,64813,24168,0,0,0,0,0,0,0,0,0,0,0,0,0,0,0,0,0,0,0,0,0,0,0,0,0,0,0,0,0,0,0,48,0,4,0,1,0,0,0,0,0,0,0,0,0,238,1797,1,702,0,0,117,4,0,0
GA,13031,5250,51717,0,34,3947,4,13500,5,0,0,0,0,0,0,252,0,2188,97,6,281,0,7,0,0,0,0,0,13395,0,0,0,0,0,10,0,1,0,0,0,0,0,0,0,0,0,0,0,52,0,28604,0,3,0,0,0,0,0,2487,0,0,5,1,2652,0,20881,8962,1993,787,111,942,114413,1293,20800,9354,130206,2835,0,0,0,0,0,0,0,0,0,0,0,0,0,0,0,0,0,0,0,0,0,0,0,0,0,0,0,0,0,1,0,3753,0,126,0,17,0,0,0,0,0,0,0,0,0,5250,55470,35,6261,0,0,6194,132,0,0
GA,13033,17265,33106,0,248,558,49,15927,26,0,0,0,0,0,0,2554,0,4898,417,96,404,0,2,0,0,0,0,0,17763,0,0,0,0,0,3,0,0,0,1,0,0,0,0,0,0,0,84,0,112,0,47238,0,0,0,0,0,0,0,2969,0,0,0,17,2503,0,21239,6673,1066,420,123,20215,136234,2047,30343,16515,148709,2338,0,0,0,0,0,0,0,0,0,0,0,0,0,0,0,0,0,0,0,3,200,0,0,0,0,0,0,0,0,13,0,2047,0,155,0,6,0,0,0,0,0,0,0,0,1,17468,35153,261,5612,1,0,9515,451,0,0
GA,13035,16,11,0,4,130,0,0,0,0,0,0,0,0,1,448,0,74,2,0,3,0,0,0,0,0,0,0,8922,0,0,0,0,0,149,0,0,0,0,0,0,0,0,0,0,0,0,0,1,0,645,0,8,0,0,0,0,0,2,0,0,0,0,3728,0,6902,1342,404,116,300,46021,35993,416,364,14412,1245,0,0,0,0,0,0,0,0,0,0,0,0,0,0,0,0,0,0,0,0,7,0,0,0,0,0,0,0,0,0,4,0,3,0,0,0,0,0,0,0,0,0,0,0,0,0,23,14,8,204,0,0,536,0,0,0
GA,13037,13740,9617,0,109,251,0,13993,0,0,0,0,0,0,0,2379,0,1450,5,25,12,0,0,0,0,0,0,0,878,0,0,0,0,0,0,0,0,0,0,0,0,0,0,0,0,0,0,0,13,0,17527,0,0,0,0,0,0,0,4815,0,0,0,0,1328,0,5111,884,122,20,26,21914,35704,2068,691,5431,38874,664,0,0,0,0,0,0,0,0,0,0,0,0,0,0,0,0,0,0,0,4,1,0,0,0,0,0,0,0,0,1144,0,2823,0,0,0,1,1,0,0,0,0,0,0,0,0,13745,12440,1253,1701,0,0,7800,26,0,0
GA,13039,17,1,0,51,0,0,2,0,0,0,0,0,0,0,0,0,0,0,0,0,0,0,0,0,0,0,0,166,0,0,0,0,0,0,0,0,0,0,0,0,0,0,0,0,0,0,0,0,0,16,0,0,0,0,0,0,0,5,0,0,0,0,16393,0,18885,5847,1476,463,1601,0,196429,125,9021,2767,87042,82897,0,0,0,0,0,0,0,0,0,0,0,0,0,0,0,0,0,0,0,0,0,0,0,0,0,0,0,0,0,0,0,0,0,0,0,6,0,0,0,0,0,0,0,0,0,17,1,51,0,0,0,0,0,0,0
GA,13043,1982,17934,0,37,581,1,2035,6,3,0,0,0,0,0,266,0,324,58,0,81,0,0,0,0,0,0,0,6164,0,0,0,0,0,21,0,7,0,0,17,0,0,0,0,0,0,0,0,13,0,11471,0,0,0,1,0,0,0,1221,0,0,0,0,1287,0,6692,2584,461,92,23,753,42921,478,10638,4318,43585,1485,0,0,0,0,0,0,0,0,0,0,0,0,0,0,0,0,0,0,0,10,0,0,0,0,0,0,0,0,0,9,0,1651,0,12,0,14,0,0,0,0,0,0,0,0,0,1992,19585,46,917,0,0,2260,12,0,0
GA,13045,77,1,0,7,156,0,0,0,0,0,0,0,0,0,10,0,39,0,0,5,0,0,0,0,0,0,0,42617,0,0,0,0,0,4,0,0,0,0,0,0,0,0,0,0,0,0,0,1006,0,9,0,16,1,0,0,0,0,5,0,0,0,0,4908,0,21074,12106,2558,1191,555,146897,73965,232,2113,9854,2961,0,0,0,0,0,0,0,0,0,0,0,0,0,0,0,0,0,0,0,0,1,0,0,0,0,0,0,0,0,0,0,0,0,0,0,0,0,0,0,0,0,0,0,0,0,0,78,1,7,195,0,0,50,0,0,0
GA,13047,240,6,0,1,59,0,0,0,0,0,0,0,0,0,54,0,53,0,0,0,0,0,0,0,0,0,0,17052,0,0,0,0,0,0,0,0,0,0,0,0,0,0,0,0,0,0,0,17,0,10,0,0,1,0,0,0,0,0,0,0,0,0,289,0,12410,6209,1516,504,88,37514,8921,12956,3213,2679,174,4,0,0,0,0,0,0,0,0,0,0,0,0,0,0,0,0,0,0,0,88,0,0,0,0,0,0,0,0,0,0,0,0,0,0,0,0,0,0,0,0,0,0,0,0,1,328,6,1,113,1,0,195,0,0,0
GA,13049,26,33,0,60,1,0,60,0,0,0,0,0,0,0,0,0,0,0,0,0,0,0,0,0,0,0,0,880,0,0,0,0,0,0,0,0,0,0,0,0,0,1,0,0,0,0,0,0,0,152,0,0,0,0,0,0,0,2,0,0,0,0,533,0,15277,2969,453,47,46,5,188398,368,29004,11182,247793,3611,0,0,0,0,0,0,0,0,0,0,0,0,0,0,0,0,0,0,0,0,0,0,0,0,0,0,0,0,0,0,0,1,0,0,0,18,0,0,0,0,0,0,0,0,0,26,34,60,1,0,0,1,0,0,0
GA,13051,1,37,0,0,20,0,9,0,0,0,0,0,0,0,0,0,0,0,0,1,0,1,0,0,0,0,0,321,0,0,0,0,0,0,0,0,0,0,0,0,0,0,0,0,0,0,0,54,0,336,0,0,0,0,0,0,0,0,0,0,0,0,30230,0,30787,21095,8491,5391,2293,223,51122,628,6448,4070,44633,101486,0,0,0,0,0,0,0,0,0,0,0,0,0,0,0,0,0,0,0,0,0,0,0,0,0,0,0,0,0,0,0,0,0,0,0,0,0,0,0,0,0,0,0,0,0,1,37,0,20,0,0,0,0,0,0
GA,13053,11,17,0,0,4,0,6,0,0,0,0,0,0,0,7,0,7,3,2,2,0,0,0,0,0,0,0,274,0,0,0,0,0,0,0,0,0,6,0,0,0,0,0,0,0,0,0,10,0,874,0,0,0,0,0,0,0,31,0,0,0,0,1492,0,8749,2339,1070,491,568,60092,55678,7655,3490,12283,5548,127,0,0,0,0,0,0,0,0,0,0,0,0,0,0,0,0,0,0,0,0,0,0,0,0,0,0,0,0,0,0,0,0,0,0,0,0,0,0,0,0,0,0,0,0,0,11,17,0,11,0,0,14,2,0,0
GA,13055,1960,347,0,31,890,0,0,0,0,0,0,0,0,0,88,0,177,0,0,0,0,0,0,0,0,0,0,24058,0,0,0,0,0,0,0,0,0,0,0,0,0,0,0,0,0,0,0,24,0,26,0,0,1,0,0,0,0,0,0,0,0,0,498,0,11622,2239,406,161,69,90346,34206,24175,5071,3646,471,2,0,0,0,0,0,0,0,0,0,0,0,0,0,0,0,0,0,0,0,123,0,0,0,0,0,0,0,0,0,0,0,0,0,0,3,0,0,0,0,0,0,0,0,0,1,2086,347,31,1071,1,0,388,0,0,0
GA,13057,194,0,0,1,67,0,0,0,0,0,0,0,0,0,1,0,11,0,0,0,0,0,0,0,0,0,0,11730,0,0,0,0,0,0,0,0,0,0,0,0,0,0,0,0,0,0,0,22,0,10,0,0,1,0,0,0,0,0,0,0,0,0,7687,0,38882,16540,3267,914,684,153483,37223,2139,514,4032,392,0,0,0,0,0,0,0,0,0,0,0,0,0,0,0,0,1,0,0,0,0,0,0,0,0,0,0,0,0,0,0,0,0,0,0,0,0,0,0,0,0,0,0,0,0,2,194,0,1,80,2,0,12,0,0,0
GA,13059,32,30,0,2,40,0,2,0,0,0,0,0,0,0,363,0,59,3,1,0,0,39,0,0,0,0,0,4196,0,0,0,0,0,2,0,0,0,0,0,0,0,0,0,0,0,1,0,0,0,33,0,1,0,0,0,0,0,0,0,0,0,0,615,0,15605,9083,2794,983,522,30195,6690,124,63,5644,591,1,0,0,0,0,0,0,0,0,0,0,0,0,0,0,0,0,0,0,0,10,0,0,0,0,0,0,0,0,0,2,0,0,0,0,0,0,0,0,0,0,0,0,0,0,0,42,30,4,99,0,0,434,1,0,0
GA,13061,3348,7304,0,162,142,0,4155,0,0,0,0,0,0,0,1238,0,1319,12,197,2,0,0,0,0,0,0,0,155,0,0,0,0,0,0,0,0,0,0,0,0,0,0,0,0,0,0,0,9,0,10895,0,1,0,0,0,0,0,108,0,0,0,0,13882,0,3382,612,70,10,15,27460,48225,3575,1543,1939,6131,180,0,0,0,0,0,0,0,0,0,0,0,0,0,0,0,0,0,0,0,2,0,0,0,0,0,0,0,0,0,291,0,2279,0,0,0,0,0,0,0,0,0,0,0,0,0,3350,9583,453,1461,0,0,5129,197,0,0
GA,13063,3,0,0,7,5,0,0,0,0,0,0,0,0,1,32,0,6,0,0,0,0,0,0,0,0,0,0,897,0,0,0,0,0,0,0,0,0,0,0,0,0,0,0,0,0,0,0,4,0,242,0,5,0,0,0,0,0,0,0,0,0,0,1356,0,21420,22184,7756,6419,232,14539,14117,53,54,1391,1856,0,0,0,0,0,0,0,0,0,0,0,0,0,0,0,0,0,0,0,0,0,0,0,0,0,0,0,0,0,0,0,0,0,0,0,0,0,0,0,0,0,0,0,0,0,2,3,0,7,13,2,0,38,0,0,0
GA,13065,308,1461,0,0,21,1,74,18,0,0,0,0,0,0,0,0,2,1,0,3,0,0,0,0,0,0,0,139,0,0,0,0,0,0,0,0,0,0,0,7,0,0,1,0,0,0,0,9,0,1625,0,0,0,0,0,0,0,37,0,0,0,0,558,0,20141,5807,325,99,1,26,244654,225,36905,15665,197112,1782,0,0,0,0,0,0,0,0,0,0,0,0,0,0,0,0,0,0,0,0,0,0,0,0,0,0,0,0,0,0,0,0,0,0,0,651,0,0,0,0,0,0,0,0,0,308,1461,0,23,0,0,2,0,0,0
GA,13067,12,0,0,0,2,0,0,0,0,0,0,0,0,1,1,0,1,0,0,0,0,0,0,0,0,0,0,2105,0,0,0,0,0,0,0,0,0,0,0,0,0,0,0,0,0,0,0,13,0,9,0,0,0,0,0,0,0,0,0,0,0,0,2663,0,65496,53762,15136,7878,403,34625,35638,85,115,1630,809,7,0,0,0,0,0,0,0,0,0,0,0,0,0,0,0,0,0,0,0,0,0,0,0,0,0,0,0,0,0,0,0,0,0,0,0,0,0,0,0,0,0,0,0,0,0,12,0,0,3,0,0,2,0,0,0
GA,13069,10888,48224,0,40,530,33,9157,721,0,0,0,0,0,0,24,0,233,157,140,124,0,0,0,0,0,0,1,14276,0,0,0,0,0,1,0,0,0,0,0,0,0,0,0,33,0,0,0,110,0,22114,0,1,0,73,0,0,0,545,0,0,0,43,2597,0,15789,4735,981,584,44,1004,163460,1778,10704,8245,63184,2956,0,0,0,0,0,0,0,0,0,0,0,0,0,2,0,0,0,0,0,44,22,0,0,0,0,0,0,0,0,2,0,1262,0,6,0,987,0,0,0,0,0,0,0,0,0,10954,49486,42,769,0,0,1565,168,0,0
GA,13071,7792,58942,0,163,302,3,17260,57,17,0,0,0,0,0,60,0,375,107,51,208,0,0,0,0,0,0,1,14322,0,0,0,1,0,187,0,0,0,319,0,0,0,4,166,1,0,18,0,472,0,35518,0,7,0,0,0,0,0,3968,0,0,0,0,2949,0,15218,5627,1217,652,65,10605,100891,7216,420,11271,48988,2738,0,0,0,0,0,326,0,0,0,0,30,0,0,382,0,0,244,0,0,1,3,0,0,0,0,0,0,0,0,113,0,6632,0,0,0,3,332,0,0,0,0,0,0,0,0,7796,65574,276,677,0,0,7181,54,326,0
GA,13073,16,31,0,18,11,1,4,0,0,0,0,0,0,0,30,0,40,0,2,28,0,1,0,0,0,0,0,3402,0,0,0,0,0,0,0,0,0,0,0,0,0,0,0,0,0,0,0,10,0,2098,0,0,0,0,0,0,0,30,0,0,0,1,12988,0,18468,11250,2326,783,650,48343,70223,1052,2093,18372,4537,88,0,0,0,0,0,0,0,0,0,0,0,0,0,0,0,0,0,0,0,0,8,0,0,0,0,0,0,0,0,4,0,1,0,6,0,0,0,0,0,0,0,0,0,0,1,24,32,22,58,1,0,75,16,0,0
GA,13075,2189,26410,0,22,242,0,6477,14,0,0,0,0,0,0,6,0,304,10,4,66,0,0,0,0,0,0,0,4893,0,0,0,0,0,0,0,0,0,6,0,0,0,2,0,4,0,0,0,1503,0,18390,0,38,0,0,0,0,0,564,0,0,0,0,902,0,7053,2447,751,316,17,2386,34059,2152,277,4138,31691,895,0,0,0,0,0,0,0,0,0,0,0,0,0,1,0,0,4,0,0,0,0,0,0,0,0,0,0,0,0,3,0,1026,0,0,0,1,0,0,0,0,0,0,0,0,0,2189,27436,25,546,0,0,1339,4,0,0
GA,13077,13,0,0,2,172,0,22,0,0,0,0,0,0,0,222,0,831,56,0,0,0,0,0,0,0,0,0,18153,0,0,0,0,0,24,0,0,0,0,0,0,0,0,0,0,0,0,13,416,0,134,0,124,0,0,0,0,0,10,0,0,0,0,5071,0,23079,12465,2384,1151,443,98446,99511,109,1053,10513,10939,0,0,0,0,0,0,0,0,0,0,0,0,0,0,0,0,0,0,0,0,13,0,0,0,0,0,0,0,0,0,0,0,0,0,0,0,0,0,0,0,0,0,0,0,0,0,26,0,2,1003,0,0,1066,0,0,0
GA,13079,185,1264,0,387,100,12,22,0,0,0,0,0,0,0,413,0,640,13,0,5,0,0,0,0,0,0,0,4299,0,0,0,0,0,692,0,0,0,3,0,0,0,0,0,0,0,2,2,114,0,4758,0,1336,0,0,0,0,0,3178,0,0,0,0,1240,0,7599,1077,149,28,790,65367,76117,2701,1391,20247,14462,306,0,0,0,0,0,0,0,0,0,0,0,0,0,0,0,0,4,0,0,12,0,0,0,0,0,0,0,0,0,29,0,0,0,0,0,0,0,0,0,0,0,0,0,0,0,197,1264,416,740,0,0,1094,0,0,0
GA,13081,4258,37875,0,130,340,101,6932,6,0,0,0,0,0,0,186,0,1786,544,34,18,0,0,0,0,0,0,5,6241,0,0,0,2,0,4,0,0,0,79,0,0,0,14,0,1,0,0,0,643,0,16503,0,14,0,0,0,0,0,5536,0,0,0,0,4366,0,8716,4432,871,520,23,14396,34370,2412,70,5615,18932,868,0,0,0,0,0,0,0,0,0,0,0,0,0,2,0,0,0,0,0,5,1,0,0,0,0,0,0,0,0,507,0,2563,0,0,0,0,0,0,0,0,0,0,0,0,0,4264,40438,637,2126,0,0,5047,35,0,0
GA,13083,484,0,0,0,560,0,0,0,0,0,0,0,0,0,2,0,39,0,0,0,0,0,0,0,0,0,0,8648,0,0,0,0,0,0,0,0,0,0,0,0,0,0,0,0,0,0,0,6,0,4,0,0,1,0,0,0,0,0,0,0,0,0,311,0,7026,2114,318,81,65,73551,5008,9260,2404,1505,92,0,0,0,0,0,0,0,0,0,0,0,0,0,0,0,0,0,0,0,0,3,0,0,0,0,0,0,0,0,0,1,0,0,0,0,0,0,0,0,0,0,0,0,0,0,0,487,0,1,599,0,0,45,0,0,0
GA,13085,348,2,0,0,138,0,0,0,0,0,0,0,0,0,2,0,2,2,0,0,0,0,0,0,0,0,0,5628,0,0,0,0,0,0,0,0,0,0,0,0,0,0,0,0,0,0,0,28,0,1,0,0,2,0,0,0,0,0,0,0,0,0,2178,0,9653,1757,428,187,73,101407,12701,556,69,1899,25,0,0,0,0,0,0,0,0,0,0,0,0,0,0,0,0,0,0,0,0,4,0,0,0,0,0,0,0,0,0,0,0,0,0,0,0,0,0,0,0,0,0,0,0,0,0,352,2,0,140,0,0,8,0,0,0
GA,13087,22081,28774,0,38,871,0,26663,0,482,0,0,0,0,0,93,0,828,73,19,48,0,0,0,0,0,0,0,8658,0,0,0,0,0,15,0,0,0,5,0,0,0,5,9,0,0,0,0,485,0,26243,0,0,0,0,0,0,0,2831,0,0,0,0,13019,0,13963,5526,1077,478,19,6751,150589,8397,3332,14191,56179,2291,0,0,0,0,0,4,0,0,0,0,11,0,0,1,0,0,0,0,0,117,15,0,0,0,0,0,0,0,0,3,0,4052,0,0,523,17,52,0,0,0,0,0,0,0,0,22736,32826,41,2222,0,0,5093,34,4,0
GA,13089,7,0,0,2,7,0,1,0,0,0,0,0,0,0,11,0,2,0,0,2,0,1,0,0,0,0,0,353,0,0,0,0,0,4,0,0,0,0,0,0,0,0,0,0,0,0,0,0,0,12,0,0,0,0,0,0,0,6,0,0,0,0,1813,0,52752,40662,13390,8410,1260,25448,26059,48,49,2442,582,1,0,0,0,0,0,0,0,0,0,0,0,0,0,0,0,0,0,0,0,2,0,0,0,0,0,0,0,0,0,0,0,0,0,0,0,0,0,0,0,0,0,0,0,0,1,9,0,2,10,1,0,15,0,0,0
GA,13091,3887,11589,0,103,570,75,2227,1,0,0,0,0,0,0,463,0,1119,276,155,31,0,0,0,0,0,0,0,10766,0,0,0,0,0,3,0,0,0,0,0,0,0,0,0,1,0,0,0,154,0,24547,0,5,0,1,2,0,0,1964,0,0,0,7,2517,0,13222,2625,412,168,26,10625,153657,3635,1833,12560,56167,1549,0,0,0,0,0,0,0,0,0,0,0,0,0,5,0,0,0,0,0,236,218,0,0,0,0,0,0,0,0,257,0,4454,0,3,2,1,0,0,0,0,0,0,0,0,0,4343,16043,360,1694,0,0,6529,376,0,0
GA,13093,5738,66138,0,365,1307,44,6979,2,0,0,0,0,0,0,1460,0,7230,266,81,10,0,0,0,0,0,0,1,6759,0,0,0,0,0,7,0,0,0,7,0,0,0,1,0,0,0,0,0,878,0,19063,0,38,0,0,0,0,0,5759,0,0,0,0,1087,0,7194,2879,561,153,30,23057,54768,2934,67,5853,23224,993,0,0,0,0,0,0,0,0,0,0,0,0,0,3,0,0,0,0,0,1,3,0,0,0,0,0,0,0,0,1055,0,8135,0,2,0,12,0,0,0,0,0,0,0,0,0,5742,74273,1420,8539,0,0,17881,86,0,0
GA,13095,3639,5375,0,290,45,0,2641,0,0,0,0,0,0,0,249,0,238,6,1,129,0,0,0,0,0,0,0,1366,0,0,0,0,0,0,0,0,0,0,0,0,0,0,0,0,0,1,0,729,0,14356,0,0,0,0,0,0,0,14090,0,0,0,0,1596,0,19971,12290,3833,2271,16,21050,43814,4583,567,15111,42626,1554,0,0,0,0,0,0,0,0,0,0,0,0,0,0,0,0,0,0,0,0,0,0,0,0,0,0,0,0,0,3,0,1784,0,0,0,1,0,0,0,0,0,0,0,0,0,3639,7159,293,283,0,0,2274,1,0,0
GA,13097,5,0,0,0,2,0,0,0,0,0,0,0,0,0,1,0,2,0,0,0,0,0,0,0,0,0,0,3214,0,0,0,0,0,0,0,0,0,0,0,0,0,0,0,0,0,0,0,101,0,2,0,0,0,0,0,0,0,0,0,0,0,0,1605,0,17460,13708,2876,1406,657,56896,26605,25,223,2538,839,0,0,0,0,0,0,0,0,0,0,0,0,0,0,0,0,0,0,0,0,0,0,0,0,0,0,0,0,0,0,0,0,0,0,0,0,0,0,0,0,0,0,0,0,0,0,5,0,0,4,0,0,3,0,0,0
GA,13099,14747,28182,0,124,566,0,22530,0,0,0,0,0,0,0,2909,0,3239,3,889,96,0,0,0,0,0,0,0,1694,0,0,0,0,0,0,0,0,0,0,0,0,0,0,0,0,0,0,0,259,0,35742,0,0,0,0,0,0,0,1243,0,0,0,0,3041,0,10144,2133,404,131,155,41760,92246,4894,6168,5285,41203,385,0,0,0,0,0,0,0,0,0,0,0,0,0,0,0,0,0,0,0,56,103,0,0,0,0,0,0,0,0,871,0,9446,0,0,0,0,0,0,0,0,0,0,0,0,0,14906,37628,995,3805,0,0,16521,992,0,0
GA,13101,1041,952,0,2,165,0,118,16,0,0,0,0,0,0,0,0,1,1,0,4,0,0,0,0,0,0,0,1422,0,0,0,0,0,0,0,0,0,0,0,0,0,16,0,69,0,0,0,0,0,4081,0,0,0,0,0,0,0,4,0,0,0,0,262,0,8767,1506,40,8,3,33,118556,1230,21418,7238,101508,835,0,0,0,0,0,0,0,0,0,0,0,0,0,0,0,0,18,0,0,0,0,0,0,0,0,0,0,0,0,0,0,2,0,0,0,4,0,0,0,0,0,0,0,0,0,1041,954,2,166,0,0,3,0,0,0
GA,13103,2155,4860,0,4,1437,0,1097,0,0,0,0,0,0,0,59,0,368,59,1,77,0,0,0,0,0,0,0,2747,0,0,0,0,0,0,0,2,0,0,0,0,0,0,0,0,0,0,0,448,0,9684,0,0,0,0,0,0,0,373,0,0,0,1,2158,0,14440,4162,834,403,435,445,128414,1893,16607,11671,102223,1163,0,0,0,0,0,0,0,0,0,0,0,0,0,0,0,0,0,0,0,0,0,0,0,0,0,0,0,0,0,0,0,642,1,62,0,1,0,0,0,0,0,0,0,0,0,2155,5503,4,1868,0,0,1069,63,0,0
GA,13105,480,256,0,30,236,0,0,0,3,0,0,2,0,0,1696,0,539,0,2,0,0,362,0,0,0,0,0,24324,0,0,0,0,0,0,0,0,0,0,0,0,0,0,0,0,0,0,0,0,0,30,0,0,0,0,0,0,0,0,0,0,0,0,14950,0,12418,3046,762,244,533,86827,63182,177,1867,26457,1283,4,0,0,0,0,0,0,0,0,0,0,0,0,0,0,0,0,0,0,0,7,0,0,0,0,0,0,0,0,0,9,0,0,0,0,0,0,0,0,0,0,0,0,0,0,0,487,256,39,775,2,0,2251,2,0,0
GA,13107,3641,21086,0,82,436,2,4059,77,6,0,0,0,0,0,1493,0,1472,94,142,78,0,0,0,0,0,0,0,12662,0,0,0,0,0,37,0,1,0,0,0,0,0,0,0,1,0,2,0,154,0,21887,0,0,0,7,0,0,0,2194,0,0,1,3,1943,0,21548,5929,956,248,123,6539,177361,2114,29777,16120,104477,2621,0,0,0,0,0,0,0,0,0,0,0,0,0,0,0,0,0,0,0,64,11,0,0,0,0,0,0,0,0,61,0,2293,2,27,0,36,0,0,0,0,0,0,0,0,0,3716,23381,143,1937,0,0,5383,180,0,0
GA,13109,2300,6576,0,14,962,3,840,1,0,0,0,0,0,0,72,0,323,10,0,65,0,0,0,0,0,0,0,4899,0,0,0,0,0,12,0,0,0,0,2,0,0,0,0,0,0,0,0,8,0,6023,0,0,0,0,0,0,0,1021,0,0,0,0,747,0,7695,2307,479,132,62,312,41944,423,6398,3129,32037,630,0,0,0,0,0,0,0,0,0,0,0,0,0,0,0,0,0,0,0,0,0,0,0,0,0,0,0,0,0,0,0,174,1,2,0,8,0,0,0,0,0,0,0,0,0,2300,6751,14,1288,0,0,569,2,0,0
GA,13111,267,2,0,1,40,0,0,0,0,0,0,0,0,0,1,0,20,0,0,0,0,0,0,0,0,0,0,6269,0,0,0,0,0,0,0,0,0,0,0,0,0,0,0,0,0,0,0,8,0,20,0,0,84,0,0,0,0,0,0,0,0,0,3250,0,11711,1264,258,49,118,200584,21678,2895,134,1616,19,0,0,0,0,0,0,0,0,0,0,0,0,0,0,8,0,0,0,0,0,0,0,0,0,0,0,0,0,0,0,0,0,0,0,0,0,0,0,0,0,0,0,0,0,0,0,267,2,1,60,0,0,21,0,0,0
GA,13113,7,0,0,0,13,0,0,0,0,0,0,0,0,0,53,0,123,6,0,0,0,0,0,0,0,0,0,7166,0,0,0,0,0,19,0,0,0,0,0,0,0,0,0,0,0,0,0,61,0,72,0,31,0,0,0,0,0,5,0,0,0,0,3376,0,17785,11650,2607,1049,316,34941,37384,31,289,3892,6449,0,0,0,0,0,0,0,0,0,0,0,0,0,0,0,0,0,0,0,0,1,0,0,0,0,0,0,0,0,0,0,0,0,0,0,0,0,0,0,0,0,0,0,0,0,0,8,0,0,136,0,0,177,0,0,0
GA,13115,2851,3101,0,189,2164,0,0,0,0,0,0,0,0,0,86,0,279,0,0,1,0,0,0,0,0,0,0,36721,0,0,0,0,0,0,0,0,0,0,0,0,0,0,0,0,0,0,0,37,0,265,0,0,0,0,0,0,0,0,0,0,0,0,5336,0,24448,10664,2580,1180,723,106942,73328,41386,10195,8379,915,33,0,0,0,0,0,0,0,0,0,0,0,0,0,0,0,0,0,0,0,6,0,0,0,0,0,0,0,0,0,0,0,0,0,0,3,0,0,0,0,0,0,0,0,0,2,2860,3101,189,2448,2,0,371,0,0,0
GA,13117,124,0,0,1,24,0,0,0,0,0,0,0,0,0,12,0,4,8,0,0,0,0,0,0,0,0,1,11037,0,0,0,0,0,0,0,0,0,0,0,0,0,0,0,0,0,0,0,14,0,3,0,0,0,0,0,0,0,0,0,0,0,0,14505,0,26519,16346,3283,1132,667,69132,11784,180,66,2956,489,0,0,0,0,0,0,0,0,0,0,0,0,0,0,0,0,0,0,0,0,0,0,0,0,0,0,0,0,0,0,0,0,0,0,0,0,0,0,0,0,0,0,0,0,0,1,124,0,1,29,1,0,16,0,0,0
GA,13119,322,0,0,0,637,0,0,0,0,0,0,2,0,0,565,0,543,0,49,11,0,4,0,0,0,0,0,31603,0,0,0,0,0,269,0,0,0,0,0,0,0,0,0,0,0,0,0,0,0,38,0,1,0,0,0,0,0,0,0,0,0,0,2365,0,10701,4370,1204,375,655,78751,9413,91,238,26619,1531,0,0,0,0,0,0,0,0,0,0,0,0,0,0,0,0,0,0,0,0,50,0,0,0,0,0,0,0,0,0,11,0,0,0,41,0,0,0,0,0,0,0,0,0,0,0,372,0,11,1221,2,0,1169,90,0,0
GA,13121,15,1,0,5,18,0,1,0,0,0,0,0,0,0,12,0,29,0,0,0,0,0,0,0,0,0,0,4969,0,0,0,0,0,0,0,0,0,0,0,0,0,0,0,0,0,0,0,239,0,11,0,3,0,0,0,0,0,0,0,0,0,0,4583,0,80021,62597,24698,16028,590,84894,58395,83,207,2958,1805,0,0,0,0,0,0,0,0,0,0,0,0,0,0,0,0,0,0,0,0,0,0,0,0,0,0,0,0,0,0,0,0,0,0,0,0,0,0,0,0,0,0,0,0,0,0,15,1,5,47,0,0,41,0,0,0
GA,13123,269,1,0,1,79,0,0,0,0,0,0,0,0,0,0,0,8,0,0,0,0,0,0,0,0,0,0,8655,0,0,0,0,0,0,0,0,0,0,0,0,0,0,0,0,0,0,0,12,0,10,0,0,16,0,0,0,0,0,0,0,0,0,2980,0,14290,1674,442,91,105,222664,19717,3808,179,1323,19,0,0,0,0,0,0,0,0,0,0,0,0,0,0,2,0,0,0,0,0,0,0,0,0,0,0,0,0,0,0,0,0,0,0,0,0,0,0,0,0,0,0,0,0,0,1,269,1,1,88,1,0,8,0,0,0
GA,13125,94,1364,0,27,17,0,253,0,0,0,0,0,0,0,267,0,819,63,0,187,0,0,0,0,0,0,0,2231,0,0,0,0,0,12,0,0,0,1,0,0,0,0,0,0,0,0,0,9,0,5375,0,0,0,0,0,0,0,98,0,0,0,2,255,0,3398,432,50,7,369,23868,33135,2219,939,9228,7604,74,0,0,0,0,0,0,0,0,0,0,0,0,0,0,0,0,0,0,0,0,14,0,0,0,0,0,0,0,0,6,0,0,0,0,0,0,0,0,0,0,0,0,0,0,0,108,1364,33,836,0,0,1092,14,0,0
GA,13127,12,14,0,0,1,0,11,0,0,0,0,0,0,0,0,0,0,0,0,0,0,0,0,0,0,0,0,99,0,0,0,0,0,0,0,0,0,0,0,0,0,0,0,0,0,0,0,1,0,23,0,0,0,0,0,0,0,8,0,0,0,0,19889,0,19466,8815,2646,1523,1248,2,104415,12,7013,3570,45446,73231,0,0,0,0,0,0,0,0,0,0,0,0,0,0,0,0,0,0,0,0,0,0,0,0,0,0,0,0,0,0,0,0,0,0,0,0,0,0,0,0,0,0,0,0,0,12,14,0,1,0,0,0,0,0,0
GA,13129,3768,71,0,10,2999,0,0,0,0,0,0,0,0,0,150,0,671,0,0,0,0,0,0,0,0,0,0,43910,0,0,0,0,0,0,0,0,0,0,0,0,0,0,0,0,0,0,0,1222,0,304,0,0,0,0,0,0,0,0,0,0,0,0,1754,0,19255,5275,1785,993,267,82868,36468,14334,5960,5800,662,6,0,0,0,0,0,0,0,0,0,0,0,0,0,1,0,0,0,0,0,10,0,0,0,0,0,0,0,0,0,7,0,0,0,0,228,0,0,0,0,0,0,0,0,0,376,4006,71,17,4274,376,0,838,0,0,0
GA,13131,8638,30735,0,265,705,0,7494,0,1,0,0,0,0,0,25,0,207,14,66,46,0,0,0,0,0,0,7,9838,0,0,0,0,0,38,0,0,0,0,0,0,0,31,2,0,0,0,0,38,0,25397,0,0,0,0,0,0,0,6334,0,0,0,0,1591,0,11768,3198,423,183,10,2983,87635,6902,2724,7035,75394,2127,0,0,0,0,0,12,0,0,0,0,0,0,0,0,0,0,0,0,0,2,39,0,0,0,0,0,0,0,0,12,0,2576,0,4,1,76,46,0,0,0,0,0,0,0,0,8680,33311,277,917,0,0,2822,109,12,0
GA,13133,570,20,0,313,12,0,2,0,0,0,0,0,0,0,524,0,68,4,0,27,0,99,0,0,0,0,1,13538,0,0,0,0,0,2,0,0,0,0,0,0,0,0,0,0,0,1,0,0,0,964,0,0,0,0,0,0,0,36,0,0,0,0,12437,0,13366,2055,357,58,527,79846,107456,1317,3288,19842,3133,1,0,0,0,0,0,0,0,0,0,0,0,0,0,0,0,0,0,0,0,7,2,0,0,0,0,0,0,0,0,22,0,0,0,0,2,0,0,0,0,0,0,0,0,0,0,581,20,335,82,0,0,621,2,0,0
GA,13135,6,2,0,8,10,0,0,0,0,0,0,0,0,6,27,0,2,0,1,1,0,0,0,0,0,0,0,5557,0,0,0,0,0,88,0,0,0,0,0,0,0,0,0,0,0,0,0,0,0,24,0,2,0,1,0,0,0,0,0,0,0,0,3168,0,66703,68115,21160,9749,1919,57903,34715,131,115,9036,1015,0,0,0,0,0,0,0,0,0,0,0,0,0,0,0,0,0,0,0,0,1,0,0,0,0,0,0,0,0,0,1,0,0,0,0,0,0,0,0,0,0,0,0,0,0,0,7,2,9,12,0,0,31,1,0,0
GA,13137,624,2,0,1,422,0,0,0,0,0,0,0,0,0,359,0,66,47,0,36,0,0,0,0,0,0,0,12147,0,0,0,0,0,17,0,0,0,0,0,0,0,0,0,0,0,0,0,0,0,5,0,124,13,2,0,0,0,0,0,0,0,0,890,0,14973,4156,1303,447,409,116088,12203,992,201,13127,7,0,0,0,0,0,0,0,0,0,0,0,0,0,0,0,0,0,0,0,0,12,0,0,0,0,0,0,0,0,0,1,0,0,0,42,0,0,0,0,0,0,0,0,0,0,0,636,2,2,530,0,0,438,42,0,0
GA,13139,698,13,0,0,48,0,0,0,0,0,0,0,0,0,259,0,120,4,0,23,0,0,0,0,0,0,1,26474,0,0,0,0,0,14,0,0,0,0,0,0,0,0,0,0,0,0,0,1,0,3,0,5,0,0,0,0,0,0,0,0,0,0,23489,0,29306,17753,4274,1942,1030,138849,15423,94,90,14408,125,0,0,0,0,0,0,0,0,0,0,0,0,0,0,0,0,0,0,0,0,121,0,0,0,0,0,0,0,0,0,1,0,1,0,0,0,0,0,0,0,0,0,0,0,0,0,819,14,1,168,0,0,502,0,0,0
GA,13141,202,6,0,89,7,0,0,0,0,0,0,0,0,0,30,0,7,1,0,129,0,2,0,0,0,0,0,5985,0,0,0,0,0,0,0,0,0,0,0,0,0,0,0,0,0,5,0,1,0,1155,0,0,0,0,0,0,0,608,0,0,0,0,4398,0,11962,936,77,16,597,100127,139483,3396,4334,26381,6280,7,0,0,0,0,0,0,0,0,0,0,0,0,0,0,0,0,0,0,0,1,0,0,0,0,0,0,0,0,0,3,0,0,0,0,0,0,0,0,0,0,0,0,0,0,0,203,6,92,14,0,0,41,0,0,0
GA,13143,434,2,0,4,173,0,0,0,0,0,0,0,0,0,0,0,13,0,0,9,0,0,0,0,0,0,0,10848,0,0,0,0,0,0,0,0,0,0,0,0,0,0,0,0,0,0,0,5,0,2,0,5,1,0,0,0,0,0,0,0,0,0,918,0,8888,4637,604,252,187,91476,50411,242,2389,8902,810,0,0,0,0,0,0,0,0,0,0,0,0,0,0,0,0,0,0,0,0,2,0,0,0,0,0,0,0,0,0,0,0,0,0,0,0,0,0,0,0,0,0,0,0,0,0,436,2,4,186,0,0,15,0,0,0
GA,13145,34,1,0,4,46,0,0,0,0,0,0,0,0,0,88,0,104,5,0,0,0,0,0,0,0,0,0,11191,0,0,0,0,0,27,0,0,0,0,0,0,0,0,0,0,0,0,6,165,0,89,0,242,0,0,0,0,0,0,0,0,0,0,7507,0,15420,3939,341,94,176,131816,113652,97,2854,11808,2812,0,0,0,0,0,0,0,0,0,0,0,0,0,0,0,0,0,0,0,0,28,0,0,0,0,0,0,0,0,0,0,0,0,0,0,0,0,0,0,0,0,0,0,0,0,0,62,1,4,150,0,0,220,0,0,0
GA,13147,721,14,0,9,514,0,0,0,0,0,0,50,0,0,2853,0,513,0,100,57,0,435,0,0,0,0,18,30126,0,0,0,0,0,0,0,0,0,0,0,0,0,0,0,0,0,0,0,0,0,692,0,0,0,0,0,0,0,0,0,0,0,0,16193,0,9122,4648,886,327,463,58060,13629,37,197,23476,291,0,0,0,0,0,0,0,0,0,0,0,0,0,0,0,0,0,0,0,0,176,0,0,0,0,0,0,0,0,0,286,0,0,0,67,0,0,0,0,0,0,0,0,0,0,0,897,14,295,1094,50,0,3828,167,0,0
GA,13149,87,0,0,69,38,0,0,0,0,0,0,0,0,0,11,0,55,2,0,0,0,0,0,0,0,0,0,11223,0,0,0,0,0,2,0,0,0,0,0,0,0,0,0,0,0,0,0,789,0,27,0,12,0,0,0,0,0,1,0,0,0,0,3566,0,6184,1879,387,146,231,75241,78203,48,2522,8823,3040,0,0,0,0,0,0,0,0,0,0,0,0,0,0,0,0,0,0,0,0,3,0,0,0,0,0,0,0,0,0,0,0,0,0,0,0,0,0,0,0,0,0,0,0,0,0,90,0,69,93,0,0,69,0,0,0
GA,13151,13,25,0,23,448,0,0,0,0,0,0,0,0,54,902,0,20,2,0,32,0,13,0,0,0,0,0,12598,0,0,0,0,0,26,0,0,0,0,0,0,0,0,0,0,0,0,9,3,0,1463,0,8,0,0,0,0,0,0,0,0,0,0,4611,0,28660,18688,3942,1677,1368,60812,50344,207,543,18043,3216,0,0,0,0,0,0,0,0,0,0,0,0,0,0,0,0,0,0,0,0,8,0,0,0,0,0,0,0,0,0,14,0,0,0,0,0,0,0,0,0,0,0,0,0,0,0,21,25,37,468,0,0,944,0,0,0
GA,13153,4611,9486,0,94,200,24,1742,1,0,0,0,0,0,0,1132,0,1715,110,14,20,0,0,0,0,0,0,0,10639,0,0,0,0,0,8,0,0,0,2,0,0,0,0,0,8,0,0,0,265,0,11894,0,44,0,0,1,0,0,5290,0,0,0,0,1151,0,26238,13244,3776,1927,288,47907,49610,5997,135,8618,33787,707,0,0,0,0,0,0,1,0,0,0,0,0,0,1,0,0,0,0,0,0,60,0,0,0,0,0,0,0,0,220,0,2231,0,69,3,0,0,0,0,0,0,0,0,0,0,4674,11717,314,1987,0,0,5298,143,0,0
GA,13155,13048,38980,0,17,271,3,13316,86,0,0,0,0,0,0,174,0,460,67,14,356,0,0,0,0,0,0,2,7419,0,0,0,0,0,6,0,0,0,0,0,0,0,0,0,55,0,0,6,291,0,14030,0,1,0,389,0,0,0,2625,0,0,0,0,2247,0,8204,1730,181,89,22,5037,69866,1974,274,7861,36935,2591,0,0,0,0,0,0,0,0,0,0,0,0,0,0,0,0,1,0,0,0,3,0,0,0,0,0,0,0,0,16,0,3496,0,2,0,53,0,0,0,0,0,0,0,0,0,13051,42476,33,733,0,0,4146,19,0,0
GA,13157,28,2,0,1,13,0,0,0,0,0,0,0,0,0,564,0,96,29,2,7,0,2,0,0,0,0,0,41901,0,0,0,0,0,45,0,0,0,0,0,0,0,0,0,0,0,0,0,2,0,35,0,4,0,0,0,0,0,4,0,0,0,0,1464,0,15621,9572,2091,608,1168,107044,12077,227,123,23366,3431,2,0,0,0,0,0,0,0,0,0,0,0,0,0,0,0,0,0,0,0,1,0,0,0,0,0,0,0,0,0,5,0,0,0,0,0,0,0,0,0,0,0,0,0,0,0,29,2,6,109,0,0,666,2,0,0
GA,13159,76,12,0,10,90,0,0,0,0,0,0,0,0,0,634,0,29,4,0,1,0,7,0,0,0,0,0,18403,0,0,0,0,0,7,0,0,0,0,0,0,0,0,0,0,0,0,0,0,0,714,0,3,0,0,0,0,0,1,0,0,0,0,3373,0,10893,655,111,21,156,99744,75377,2413,1187,21452,3690,1,0,0,0,0,0,0,0,0,0,0,0,0,0,0,0,0,0,0,0,4,0,0,0,0,0,0,0,0,0,7,0,0,0,0,0,0,0,0,0,0,0,0,0,0,0,80,12,17,119,0,0,674,0,0,0
GA,13161,3804,25765,0,4,218,0,2297,33,0,0,0,0,0,0,46,0,198,29,18,61,0,0,0,0,0,0,0,5288,0,0,0,0,0,1,0,1,0,0,2,0,0,0,0,1,0,0,0,21,0,4441,0,0,0,0,0,0,0,423,0,0,0,150,1412,0,8154,3633,581,245,37,873,102722,986,11412,5623,32862,1014,0,0,0,0,0,0,0,0,0,0,0,0,0,0,0,0,0,0,0,1,0,0,0,0,0,0,0,0,0,1,0,1891,0,8,0,478,0,0,0,0,0,0,0,0,0,3805,27656,5,424,0,0,2137,26,0,0
GA,13163,11429,12390,0,113,342,30,4122,0,0,0,0,0,0,0,3056,0,9775,562,126,345,0,1,0,0,0,0,0,12490,0,0,0,0,0,34,0,0,0,24,0,0,0,0,0,0,0,2,0,148,0,28970,0,0,0,0,0,0,0,496,0,0,0,174,1086,0,14257,2967,506,102,995,49935,85221,5241,7027,22830,61987,815,0,0,0,0,0,0,0,0,0,0,0,0,0,0,0,0,0,0,0,3,312,0,0,0,0,0,0,0,0,129,0,457,0,93,1,2,0,0,0,0,0,0,0,0,41,11745,12847,242,10252,41,0,13420,531,0,0
GA,13165,5102,19251,0,30,343,17,5861,3,0,0,0,0,0,0,492,0,848,71,10,61,0,0,0,0,0,0,0,8263,0,0,0,0,0,4,0,0,0,0,0,0,0,0,0,0,0,0,0,24,0,12784,0,0,0,1,0,0,0,846,0,0,2,0,624,0,7723,2549,280,61,24,900,61854,701,10797,3853,77839,1303,0,0,0,0,0,0,0,0,0,0,0,0,0,0,0,0,0,0,0,1,1,0,0,0,0,0,0,0,0,2,0,2763,0,33,0,8,0,0,0,0,0,0,0,0,0,5104,22014,32,1224,0,0,4106,44,0,0
GA,13167,2324,3218,0,14,525,196,642,0,0,0,0,0,0,0,1251,0,1668,46,396,37,0,0,0,0,0,0,0,7618,0,0,0,0,0,1,0,5,0,0,0,0,0,0,0,0,0,18,0,106,0,16425,0,1,0,0,0,0,0,233,0,0,0,7,745,0,7705,799,113,40,48,23640,81369,4916,3444,10703,26133,681,0,0,0,0,0,0,0,0,0,0,0,0,0,0,0,0,0,0,0,0,1,0,0,0,0,0,0,0,0,7,0,999,0,30,8,1,0,0,0,0,0,0,0,0,0,2333,4217,21,2231,0,0,3925,427,0,0
GA,13169,22,9,0,3,13,0,0,0,0,0,0,0,0,0,198,0,3,40,0,0,0,0,0,0,0,0,0,8147,0,0,0,0,0,1,0,0,0,0,0,0,0,0,0,0,0,0,0,0,0,158,0,2,0,0,0,0,0,1,0,0,0,0,2928,0,12627,2018,393,79,654,102683,90280,5873,1715,22099,3155,28,0,0,0,0,0,0,0,0,0,0,0,0,0,0,0,0,0,0,0,4,0,0,0,0,0,0,0,0,0,1,0,0,0,0,0,0,0,0,0,0,0,0,0,0,0,26,9,4,16,0,0,206,0,0,0
GA,13171,95,117,0,1,170,0,1,0,0,0,0,0,0,5,1123,0,1081,7,0,19,0,5,0,0,0,0,0,16154,0,0,0,0,0,645,0,0,0,0,0,0,0,0,0,0,0,0,0,2,0,888,0,27,0,0,0,0,0,16,0,0,0,0,1478,0,6496,2131,446,168,168,47239,30397,397,640,7103,1804,2,0,0,0,0,0,0,0,0,0,0,0,0,0,0,0,0,0,0,0,80,0,0,0,0,0,0,0,0,0,45,0,1,0,2,0,0,0,0,0,0,0,0,0,0,1,175,118,46,1254,1,0,2330,2,0,0
GA,13173,979,10111,0,2,126,4,1144,103,0,0,0,0,0,0,2,0,53,4,2,19,0,0,0,0,0,0,0,1077,0,0,0,0,0,0,0,0,0,0,0,0,0,0,0,3,0,0,0,1173,0,4684,0,3,0,14,0,0,0,1725,0,0,0,0,687,0,5798,802,78,30,8,112,54360,833,3942,3181,34335,2093,0,0,0,0,0,0,0,0,0,0,0,0,0,0,0,0,0,0,0,0,1,0,0,0,0,0,0,0,0,0,0,117,0,0,0,326,0,0,0,0,0,0,0,0,0,980,10228,2,179,0,0,172,3,0,0
GA,13175,4860,10386,0,247,1694,12,958,0,0,0,0,0,0,0,2244,0,4164,215,171,61,0,0,0,0,0,0,0,23060,0,0,0,0,0,96,0,1,0,0,3,0,0,0,0,4,0,99,0,97,0,36161,0,1,0,3,6,0,0,1704,0,0,0,12,2591,0,24038,5465,1122,602,284,47629,220891,10692,5485,24000,89950,1884,0,0,0,0,0,0,0,0,0,0,0,0,0,0,0,0,0,0,0,133,28,0,0,0,0,0,0,0,0,283,0,2358,0,28,370,4,0,0,0,0,0,0,0,0,0,5391,12744,530,6256,0,0,9182,227,0,0
GA,13177,15932,11950,0,49,496,0,10260,0,0,0,0,0,0,0,2073,0,3096,85,8,48,0,0,0,0,0,0,0,3744,0,0,0,0,0,1,0,0,0,98,0,0,0,12,0,0,0,0,0,99,0,30567,0,3,0,0,0,0,0,7782,0,0,0,0,2141,0,9885,3561,475,124,30,21518,48565,3954,344,11394,36125,1219,0,0,0,0,0,0,0,0,0,0,0,0,0,0,0,0,0,0,0,58,132,0,0,0,0,0,0,0,0,662,0,5005,0,0,0,2,1,0,0,0,0,0,0,0,0,16122,16955,711,3592,0,0,10894,140,0,0
GA,13179,179,147,0,0,136,0,12,0,0,0,0,0,0,0,0,0,5,1,0,3,0,1,0,0,0,0,0,258,0,0,0,0,0,0,0,0,0,0,0,0,0,0,0,0,0,0,0,9,0,775,0,0,0,0,0,0,0,8,0,0,0,1,13515,0,16804,5956,2280,892,1988,181,150060,837,9626,5807,87422,47731,0,0,0,0,0,0,0,0,0,0,0,0,0,0,0,0,0,0,0,0,0,0,0,0,0,0,0,0,0,0,0,0,0,0,0,1,0,0,0,0,0,0,0,0,0,179,147,0,141,0,0,5,0,0,0
GA,13181,2,2,0,15,0,0,2,0,0,0,0,0,0,0,12,0,2,0,1,17,0,1,0,0,0,0,0,8358,0,0,0,0,0,0,0,0,0,0,0,0,0,0,0,0,0,0,0,36,0,167,0,0,0,0,0,0,0,3,0,0,0,0,30078,0,8020,801,110,20,186,36782,65824,153,2186,11224,1011,6,0,0,0,0,0,0,0,0,0,0,0,0,0,0,0,0,0,0,0,0,0,0,0,0,0,0,0,0,0,0,0,0,0,0,0,0,0,0,0,0,0,0,0,0,0,2,2,15,2,0,0,14,1,0,0
GA,13183,348,693,0,4,376,1,181,0,0,0,0,0,0,0,2,0,29,6,0,7,0,0,0,0,0,0,0,2634,0,0,0,0,0,2,0,3,0,0,2,0,0,0,0,0,0,0,0,1,0,2589,0,0,0,0,0,0,0,152,0,0,0,0,1434,0,10963,1367,288,25,280,156,137755,678,10800,5429,81318,927,0,0,0,0,0,0,0,0,0,0,0,0,0,0,0,0,0,0,0,0,0,0,0,0,0,0,0,0,0,0,0,9,2,0,0,53,0,0,0,0,0,0,0,0,0,348,704,4,407,0,0,40,0,0,0
GA,13185,2929,12172,0,156,690,1,3105,58,0,0,0,0,0,0,0,0,411,8,1,5,0,0,0,0,0,0,0,4852,0,0,0,0,0,0,0,0,0,0,0,0,0,63,0,28,0,5,1,155,0,21971,0,22,0,2,0,0,0,1717,0,0,0,0,3971,0,23489,8886,3136,2331,14,1018,114943,9303,9134,11074,87099,3626,0,0,0,0,0,0,0,0,0,0,0,0,0,1,0,0,39,0,0,0,0,0,0,0,0,0,0,0,0,0,0,310,0,0,1,75,0,0,0,0,0,0,0,0,0,2930,12482,156,1102,0,0,721,1,0,0
GA,13187,180,0,0,0,15,0,0,0,0,0,0,0,0,0,21,0,3,22,0,0,0,0,0,0,0,0,1,7018,0,0,0,0,0,0,0,0,0,0,0,0,0,0,0,0,0,0,0,4,0,2,0,0,2,5,0,0,0,0,0,0,0,0,455,0,9121,1183,307,89,160,147846,12046,841,110,2589,9,0,0,0,0,0,0,0,0,0,0,0,0,0,0,0,0,2,0,0,0,22,0,0,0,0,0,0,0,0,0,0,0,0,0,0,0,0,0,0,0,0,0,0,0,0,0,202,0,0,18,0,0,46,0,0,0
GA,13189,295,102,0,95,1,0,6,0,0,0,0,0,0,0,147,0,20,5,2,65,0,0,0,0,0,0,0,7989,0,0,0,0,0,0,0,0,0,1,0,0,0,0,0,0,0,0,0,37,0,5803,0,0,0,0,0,0,0,153,0,0,0,4,5018,0,9258,2507,566,226,610,45177,64710,2070,2096,19679,3614,86,0,0,0,0,0,0,0,0,0,0,0,0,0,0,0,0,0,0,0,0,55,0,0,0,0,0,0,0,0,51,0,0,0,0,0,0,0,0,0,0,0,0,0,0,0,350,102,146,21,0,0,218,57,0,0
GA,13191,2,6,0,0,3,0,3,0,0,0,0,0,0,0,1,0,2,0,0,0,0,0,0,0,0,0,0,26,0,0,0,0,0,0,0,0,0,0,0,0,0,0,0,0,0,0,0,2,0,40,0,0,0,0,0,0,0,1,0,0,0,0,16280,0,8596,1432,187,71,787,15,114673,22,5621,1691,60302,82084,0,0,0,0,0,0,0,0,0,0,0,0,0,0,0,0,0,0,0,0,0,0,0,0,0,0,0,0,0,0,0,0,0,0,0,0,0,0,0,0,0,0,0,0,0,2,6,0,5,0,0,3,0,0,0
GA,13193,8431,15926,0,399,1900,85,3241,0,0,0,0,0,0,0,1608,0,5142,96,401,29,0,0,0,0,0,0,0,8306,0,0,0,0,0,6,0,0,0,14,0,0,0,15,0,0,0,0,0,2801,0,19226,0,1478,0,0,0,0,0,10825,0,0,0,0,1311,0,7937,1675,302,106,117,50294,64705,6368,275,8637,34867,852,0,0,0,0,0,0,0,0,0,0,0,0,0,0,0,0,74,0,0,36,2,0,0,0,0,0,0,0,0,95,0,2046,0,2,0,122,0,0,0,0,0,0,0,0,0,8469,17972,494,7044,0,0,8927,405,0,0
GA,13195,24,2,0,4,348,0,0,0,2,0,0,2,0,0,785,0,1069,58,85,59,0,16,0,0,0,0,5,37238,0,0,0,0,0,0,0,0,0,0,0,0,0,0,0,0,0,0,0,0,0,17,0,0,0,0,0,0,0,0,0,0,0,0,1477,0,11229,4085,652,112,318,82956,19258,202,355,21188,901,0,0,0,0,0,0,0,0,0,0,0,0,0,0,0,0,0,0,0,0,7,0,0,0,0,0,0,0,0,0,6,0,0,0,168,0,0,0,0,0,0,0,0,0,0,0,31,2,10,1585,2,0,1867,253,0,0
GA,13197,1777,621,0,38,932,0,1013,0,0,0,0,0,0,0,148,0,854,213,32,40,0,0,0,0,0,0,0,9979,0,0,0,0,0,2,0,0,0,48,0,0,0,1,0,0,0,0,0,33,0,8838,0,188,0,0,0,0,0,330,0,0,0,0,713,0,6132,855,113,16,406,70637,93324,5103,2732,22697,7166,63,0,0,0,0,0,0,0,0,0,0,0,0,0,0,0,0,6,0,0,0,0,0,0,0,0,0,0,0,0,1,0,44,0,29,0,0,0,0,0,0,0,0,0,0,0,1777,665,39,1815,0,0,1047,61,0,0
GA,13199,99,0,0,1,177,0,1,0,0,0,0,0,0,0,400,0,292,32,0,2,0,0,0,0,0,0,0,28537,0,0,0,0,0,55,0,0,0,0,0,0,0,0,0,0,0,0,11,70,0,268,0,1167,0,0,0,0,0,1,0,0,0,0,2940,0,11897,3442,487,152,113,115909,126475,80,4500,14357,11735,1,0,0,0,0,0,0,0,0,0,0,0,0,0,0,0,0,0,0,0,80,0,0,0,0,0,0,0,0,0,1,0,0,0,0,0,0,0,0,0,0,4,0,0,0,0,179,0,2,469,0,0,773,0,0,0
GA,13201,20959,23968,0,256,64,0,23300,0,5,0,0,0,0,0,401,0,1476,2,329,82,0,0,0,0,0,0,0,5011,0,0,0,0,0,0,0,0,0,1,0,0,0,0,0,0,0,0,0,402,0,16266,0,0,0,0,0,0,0,694,0,0,0,0,262,0,5613,1863,212,63,24,11246,32530,1563,879,4925,20344,216,0,0,0,0,0,0,0,0,0,0,0,0,0,0,0,0,0,0,0,532,34,0,0,0,0,0,0,0,0,143,0,7860,0,0,1,1,0,0,0,0,0,0,0,0,0,21526,31828,399,1541,0,0,10412,363,0,0
GA,13205,26252,50846,0,64,227,0,24708,0,537,0,0,0,0,0,150,0,689,51,43,66,0,0,0,0,0,0,1,9034,0,0,0,0,0,8,0,0,0,3,0,0,0,5,4,0,0,0,0,608,0,23956,0,2,0,0,0,0,0,20874,0,0,0,0,919,0,13189,3700,479,197,28,11984,83565,8297,520,12219,27202,1289,0,0,0,0,0,2,0,0,0,0,0,0,0,0,0,0,0,0,0,64,18,0,0,0,0,0,0,0,0,2,0,7077,0,0,1,4,25,0,0,0,0,0,0,0,0,26335,57923,66,917,0,0,7982,61,2,0
GA,13207,81,225,0,4,48,0,0,0,0,0,0,0,0,2,783,0,695,3,0,21,0,2,0,0,0,0,0,12840,0,0,0,0,0,41,0,0,0,0,0,0,0,0,0,0,0,0,0,0,0,1178,0,163,0,0,0,0,0,65,0,0,0,0,6764,0,12122,2134,568,103,806,106748,81752,2285,1459,19995,3260,15,0,0,0,0,0,0,0,0,0,0,0,0,0,0,0,0,0,0,0,27,0,0,0,0,0,0,0,0,0,145,0,0,0,0,0,0,0,0,0,0,0,0,0,0,26,108,225,149,769,26,0,1650,0,0,0
GA,13209,1731,6517,0,12,473,1,1007,0,0,0,0,0,0,0,413,0,337,66,38,121,0,0,0,0,0,0,0,3846,0,0,0,0,0,0,0,5,0,0,4,0,0,0,0,0,0,2,0,48,0,4855,0,0,0,5,0,0,0,3572,0,0,0,9,1231,0,6340,1662,163,42,78,1873,70719,1133,4870,6022,39503,729,0,0,0,0,0,0,0,0,0,0,0,0,0,5,0,0,0,0,0,0,2,0,0,0,0,0,0,0,0,2,0,799,2,32,0,12,0,0,0,0,0,0,0,0,0,1733,7318,14,844,0,0,1551,72,0,0
GA,13211,604,725,0,234,123,0,0,0,0,0,0,0,0,0,3017,0,500,35,1,69,0,289,0,0,0,0,3,36621,0,0,0,0,0,8,0,0,0,0,0,0,0,0,0,0,0,9,0,5,0,1391,0,2,0,0,0,0,0,2,0,0,0,0,4524,0,10889,2170,453,133,356,88729,46730,907,693,23303,4307,1,0,0,0,0,0,0,0,0,0,0,0,0,0,0,0,0,0,0,0,14,0,0,0,0,0,0,0,0,0,68,0,15,0,0,0,0,0,0,0,0,0,0,0,0,0,618,740,302,623,0,0,3614,1,0,0
GA,13213,2128,0,0,3,2114,0,0,0,0,0,0,0,0,0,21,0,606,0,0,0,0,0,0,0,0,0,0,20672,0,0,0,0,0,0,0,0,0,0,0,0,0,0,0,0,0,0,0,34,0,92,0,0,1,0,0,0,0,0,0,0,0,0,1847,0,14812,2905,867,512,130,115021,40097,9774,4906,4659,641,14,0,0,0,0,0,0,0,0,0,0,0,0,0,1,0,0,0,0,0,44,0,0,0,0,0,0,0,0,0,0,0,0,0,0,0,0,0,0,0,0,0,0,0,0,32,2172,0,3,2752,32,0,671,0,0,0
GA,13215,8,1,0,0,3,0,0,0,0,0,0,0,0,0,39,0,127,4,0,0,0,0,0,0,0,0,0,863,0,0,0,0,0,2,0,0,0,4,0,0,0,0,0,0,0,0,0,27,0,70,0,7,0,0,0,0,0,0,0,0,0,0,3387,0,17198,21062,5857,2892,802,43979,27057,5053,3029,5579,4273,76,0,0,0,0,0,0,0,0,0,0,0,0,0,0,0,0,0,0,0,5,0,0,0,0,0,0,0,0,0,0,0,86,0,2,0,0,0,0,0,0,0,0,0,0,0,13,87,0,132,0,0,257,2,0,0
GA,13217,58,210,0,8,99,0,0,0,0,0,0,0,0,2,1156,0,123,9,9,9,0,9,0,0,0,0,0,17469,0,0,0,0,0,20,0,0,0,0,0,0,0,0,0,0,0,0,0,1,0,888,0,3,0,0,0,0,0,1,0,0,0,0,3253,0,17268,6910,1383,483,577,62804,39063,304,388,23409,2752,0,0,0,0,0,0,0,0,0,0,0,0,0,0,0,0,0,0,0,0,4,0,0,0,0,0,0,0,0,0,19,0,1,0,0,0,0,0,0,0,0,0,0,0,0,0,62,211,27,222,0,0,1303,9,0,0
GA,13219,29,459,0,36,44,0,1,0,0,0,0,0,0,0,376,0,28,34,4,2,0,2,0,0,0,0,0,18091,0,0,0,0,0,24,0,0,0,0,0,0,0,0,0,0,0,0,0,0,0,183,0,2,3,0,0,0,0,1,0,0,0,0,1055,0,9734,3744,611,122,542,50353,17838,262,158,14359,1076,1,0,0,0,0,0,0,0,0,0,0,0,0,0,0,0,0,0,0,0,8,0,0,0,0,0,0,0,0,0,72,0,1,0,0,0,0,0,0,0,0,0,0,0,0,0,37,460,108,72,0,0,485,4,0,0
GA,13221,75,3,0,105,283,0,0,0,0,0,0,0,0,0,2729,0,525,29,7,3,0,64,0,0,0,0,0,23677,0,0,0,0,0,3,0,0,0,0,0,0,0,0,0,0,0,0,0,0,0,24,0,0,0,0,0,0,0,1,0,0,0,0,1606,0,13548,1618,279,43,705,100778,105801,458,2588,22864,4318,0,0,0,0,0,0,0,0,0,0,0,0,0,0,0,0,0,0,0,0,778,0,0,0,0,0,0,0,0,0,82,0,0,0,0,0,0,0,0,0,0,0,0,0,0,0,853,3,187,808,0,0,4114,7,0,0
GA,13223,28,1,0,0,9,0,0,0,0,0,0,0,0,0,0,0,6,0,0,0,0,0,0,0,0,0,0,9172,0,0,0,0,0,0,0,0,0,0,0,0,0,0,0,0,0,0,0,25,0,3,0,2,0,0,0,0,0,2,0,0,0,0,1347,0,20322,11710,1560,446,489,98451,49583,345,800,5521,1899,1,0,0,0,0,0,0,0,0,0,0,0,0,0,0,0,0,0,0,0,0,0,0,0,0,0,0,0,0,0,0,0,0,0,0,0,0,0,0,0,0,0,0,0,0,0,28,1,0,15,0,0,6,0,0,0
GA,13225,2144,2122,0,325,238,64,231,0,0,0,0,0,0,0,779,0,3240,23,13,10,0,0,0,0,0,0,0,3036,0,0,0,0,0,108,0,0,0,3,0,0,0,0,0,0,0,0,4,511,0,7844,0,1133,0,0,0,0,0,7492,0,0,0,0,323,0,7196,2543,799,269,169,25534,15431,2074,223,8113,4453,134,0,0,0,0,0,0,0,0,0,0,0,0,0,0,0,0,4,0,0,2,0,0,0,0,0,0,0,0,0,47,0,275,0,0,0,0,0,0,0,0,0,0,0,0,0,2146,2397,372,3478,0,0,4343,13,0,0
GA,13227,160,1,0,0,62,0,0,0,0,0,0,0,0,0,0,0,27,0,0,0,0,0,0,0,0,0,0,7368,0,0,0,0,0,0,0,0,0,0,0,0,0,0,0,0,0,0,0,28,0,3,0,0,3,0,0,0,0,0,0,0,0,0,585,0,12322,1854,439,78,128,106102,15718,1585,329,2157,8,0,0,0,0,0,0,0,0,0,0,0,0,0,0,0,0,2,0,0,0,0,0,0,0,0,0,0,0,0,0,0,0,0,0,0,0,0,0,0,0,0,0,0,0,0,0,160,1,0,89,0,0,27,0,0,0
GA,13229,8148,16064,0,7,1271,0,3147,175,0,0,0,0,0,0,105,0,827,199,0,140,0,1,0,0,0,0,0,8219,0,0,0,0,0,0,0,0,0,1,0,0,0,0,0,0,0,0,0,2,0,6684,0,0,0,0,0,0,0,1026,0,0,0,0,393,0,8151,3230,411,91,40,125,97128,61,11918,4268,45523,676,0,0,0,0,0,0,0,0,0,0,0,0,0,0,0,0,0,0,0,5,0,0,0,0,0,0,0,0,0,0,0,754,50,0,0,1161,0,0,0,0,0,0,0,0,0,8153,16868,7,2148,0,0,1691,0,0,0
GA,13231,12,0,0,0,513,0,0,0,0,0,0,0,0,0,279,0,190,28,0,3,0,0,0,0,0,0,0,23109,0,0,0,0,0,343,0,0,0,0,0,0,0,0,0,0,0,0,5,40,0,848,0,223,0,0,0,0,0,2,0,0,0,0,2350,0,6149,1774,306,53,85,53866,38080,79,760,5078,6150,0,0,0,0,0,0,0,0,0,0,0,0,0,0,0,0,0,0,0,0,5,0,0,0,0,0,0,0,0,0,9,0,0,0,0,0,0,0,0,0,0,0,0,0,0,0,17,0,9,703,0,0,483,0,0,0
GA,13233,1587,724,0,1,738,0,0,0,0,0,0,0,0,0,278,0,491,0,0,0,0,0,0,0,0,0,0,26474,0,0,0,0,0,0,0,0,0,0,0,0,0,0,0,0,0,0,0,40,0,69,0,0,0,0,0,0,0,0,0,0,0,0,775,0,14577,4980,868,346,363,76137,46519,12134,5910,6403,175,1,0,0,0,0,0,0,0,0,0,0,0,0,0,0,0,0,0,0,0,77,0,0,0,0,0,0,0,0,0,0,0,132,0,0,0,0,0,0,0,0,0,0,0,0,0,1664,856,1,1229,0,0,978,0,0,0
GA,13235,6107,17514,0,621,640,33,4931,5,0,0,0,0,0,0,822,0,2393,54,5,12,0,0,0,0,0,0,0,4690,0,0,0,0,0,123,0,1,0,0,0,0,0,0,0,1,0,0,0,581,0,13288,0,5,0,0,1,0,0,2514,0,0,0,0,1039,0,6555,1526,206,95,8,12768,35013,2265,171,4109,32658,728,0,0,0,0,0,0,13,0,0,0,0,0,0,0,0,0,0,0,0,65,1,0,0,0,0,0,0,0,0,895,0,7508,0,1,52,0,0,0,0,0,0,0,0,0,0,6225,25022,1516,3086,0,0,11683,7,0,0
GA,13237,708,11,0,89,311,0,0,0,0,0,0,0,0,0,1526,0,53,4,0,2,0,42,0,0,0,0,1,15106,0,0,0,0,0,8,0,0,0,0,0,0,0,0,0,0,0,0,0,1,0,172,0,0,0,0,0,0,0,0,0,0,0,0,11820,0,12272,1493,422,123,306,92278,70397,1978,718,18501,2413,2,0,0,0,0,0,0,0,0,0,0,0,0,0,0,0,0,0,0,0,50,0,0,0,0,0,0,0,0,0,39,0,0,0,0,0,0,0,0,0,0,0,0,0,0,0,758,11,128,364,0,0,1668,0,0,0
GA,13239,399,777,0,1,0,0,587,0,0,0,0,0,0,0,21,0,385,0,30,3,0,0,0,0,0,0,0,304,0,0,0,0,0,0,0,0,0,0,0,0,0,0,0,0,0,0,0,0,0,4873,0,0,0,0,0,0,0,25,0,0,0,0,5992,0,2387,258,44,10,7,25461,46919,3360,1522,2527,6742,107,0,0,0,0,0,0,0,0,0,0,0,0,0,0,0,0,0,0,0,0,0,0,0,0,0,0,0,0,0,2,0,7,0,0,0,0,0,0,0,0,0,0,0,0,0,399,784,3,385,0,0,415,30,0,0
GA,13241,27,0,0,5,14,0,0,0,1474,0,0,0,0,0,4,0,6,0,0,1,0,0,0,0,0,0,0,397,0,0,0,0,0,1,0,0,0,0,0,0,0,0,428,0,0,0,0,0,0,2,0,0,77,84,1,0,0,0,0,0,0,0,3770,0,14803,1129,257,61,149,183783,27665,4819,738,1102,36,1,0,0,0,0,0,0,0,0,0,0,0,0,0,0,0,0,0,0,0,0,0,0,0,0,0,0,0,0,0,0,0,0,0,6,0,0,536,0,0,0,0,0,0,0,0,27,0,5,26,0,0,10,6,0,0
GA,13243,10322,9385,0,362,483,0,10868,0,0,0,0,0,0,0,3085,0,5479,188,135,52,0,0,0,0,0,0,0,694,0,0,0,0,0,1,0,0,0,0,0,0,0,0,0,0,0,0,0,7,0,24100,0,1,0,0,0,0,0,1309,0,0,0,0,1015,0,6368,645,121,44,29,56541,107598,5011,2460,8122,18686,318,0,0,0,0,0,0,0,0,0,0,0,0,0,0,0,0,0,0,0,1,0,0,0,0,0,0,0,0,0,938,0,1452,0,1,0,0,0,0,0,0,0,0,0,0,0,10323,10837,1300,5963,0,0,10955,136,0,0
GA,13245,619,868,0,8,66,0,19,0,0,0,0,0,0,0,255,0,123,4,111,21,0,9,0,0,0,0,0,2791,0,0,0,0,0,0,0,0,0,1,0,0,0,0,0,0,0,0,0,10,0,5169,0,0,0,0,0,0,0,264,0,0,0,2,3796,0,26493,25160,9160,4677,1237,29653,41009,1990,4660,25090,26403,541,0,0,0,0,0,0,0,0,0,0,0,0,0,0,0,0,0,0,0,0,3,0,0,0,0,0,0,0,0,0,0,4,0,0,0,1,0,0,0,0,0,0,0,0,0,622,872,8,189,0,0,382,114,0,0
GA,13247,4,1,0,2,3,0,5,0,0,0,0,0,0,0,27,0,1,0,0,0,0,2,0,0,0,0,0,2562,0,0,0,0,0,87,0,0,0,0,0,0,0,0,0,0,0,0,0,0,0,69,0,0,0,0,0,0,0,0,0,0,0,0,1616,0,12671,9006,2349,1229,250,24061,22945,58,121,6853,743,0,0,0,0,0,0,0,0,0,0,0,0,0,0,0,0,0,0,0,0,1,0,0,0,0,0,0,0,0,0,3,0,0,0,0,0,0,0,0,0,0,0,0,0,0,0,5,1,5,4,0,0,32,0,0,0
GA,13249,356,1666,0,9,28,0,738,0,0,0,0,0,0,0,222,0,181,5,36,5,0,0,0,0,0,0,0,1605,0,0,0,0,0,0,0,0,0,0,0,0,0,2,0,0,0,0,0,15,0,9782,0,278,0,0,0,0,0,514,0,0,0,0,406,0,3363,431,78,51,15,30653,45271,3546,191,2925,4802,42,0,0,0,0,0,0,0,0,0,0,0,0,0,0,0,0,0,0,0,0,0,0,0,0,0,0,0,0,0,4,0,198,0,0,0,0,0,0,0,0,0,0,0,0,0,356,1864,13,209,0,0,605,36,0,0
GA,13251,11277,26383,0,208,963,11,6097,1,0,0,0,0,0,0,798,0,1378,143,62,88,0,0,0,0,0,0,0,10345,0,0,0,0,0,0,0,0,0,0,0,0,0,0,0,0,0,0,0,224,0,31912,0,2,0,0,0,0,0,3702,0,0,0,0,2833,0,12283,3461,499,142,25,1083,125862,1709,20982,5484,144862,2297,0,0,0,0,0,0,0,0,0,0,0,0,0,0,0,0,0,0,0,0,0,0,0,0,0,0,0,0,0,18,0,4090,0,326,0,3,0,0,0,0,0,0,0,0,0,11277,30473,226,2667,0,0,6284,388,0,0
GA,13253,22426,18342,0,25,117,0,18319,0,0,0,0,0,0,0,159,0,391,38,64,451,0,0,0,0,0,0,0,4079,0,0,0,0,0,0,0,0,0,0,0,0,0,0,0,0,0,0,0,46,0,10755,0,0,0,0,0,0,0,1837,0,0,0,0,9518,0,6322,1634,260,129,14,6616,35046,370,1830,4404,15086,372,0,0,0,0,0,0,0,0,0,0,0,0,0,0,0,0,0,0,0,15,220,0,0,0,0,0,0,0,0,252,0,4741,0,0,303,0,1,0,0,0,0,0,0,0,0,22964,23083,277,811,0,0,5558,284,0,0
GA,13255,5,6,0,2,313,0,0,0,0,0,0,0,0,50,745,0,423,25,0,2,0,1,0,0,0,0,0,13038,0,0,0,0,0,194,0,0,0,0,0,0,0,0,0,0,0,0,41,9,0,1115,0,109,0,0,0,0,0,6,0,0,0,0,2102,0,11454,6080,1454,777,204,45992,31372,131,488,6416,5231,0,0,0,0,0,0,0,0,0,0,0,0,0,0,0,0,0,0,0,0,4,0,0,0,0,0,0,0,0,0,2,0,0,0,0,0,0,0,0,0,0,0,0,0,0,0,9,6,4,736,0,0,1174,0,0,0
GA,13257,62,0,0,0,134,0,0,0,0,0,0,0,0,0,14,0,17,1,2,3,0,2,0,0,0,0,0,4007,0,0,0,0,0,13,0,0,0,0,0,0,0,0,0,0,0,0,0,0,0,5,0,5,4,0,0,0,0,0,0,0,0,0,2934,0,9018,3866,882,355,366,70476,10658,137,78,14754,130,0,0,0,0,0,0,0,0,0,0,0,0,0,0,0,0,0,0,0,0,0,0,0,0,0,0,0,0,0,0,0,0,0,0,17,0,0,0,0,0,0,0,0,0,0,0,62,0,0,168,0,0,31,19,0,0
GA,13259,480,3924,0,7,130,0,3149,0,0,0,0,0,0,0,561,0,457,51,30,32,0,0,0,0,0,0,0,1437,0,0,0,0,0,0,0,0,0,0,0,0,0,0,0,0,0,0,0,13,0,12017,0,7,0,0,0,0,0,885,0,0,0,0,2642,0,6147,872,131,23,42,105192,124838,6298,4242,12800,9940,158,0,0,0,0,0,0,0,0,0,0,0,0,0,0,0,0,0,0,0,0,0,0,0,0,0,0,0,0,0,17,0,92,0,0,0,0,0,0,0,0,0,0,0,0,0,480,4016,24,587,0,0,1127,30,0,0
GA,13261,11961,25044,0,339,426,6,10314,0,0,0,0,0,0,0,5531,0,4227,58,10,25,0,0,0,0,0,0,0,4444,0,0,0,19,0,2,0,0,0,304,0,0,0,260,0,0,0,0,0,1011,0,40409,0,42,0,0,0,0,0,5333,0,0,0,0,3994,0,13191,3621,807,410,196,45896,86694,6646,330,8423,28680,770,0,0,0,0,0,0,0,0,0,0,1,0,0,0,0,0,0,0,0,15,1,0,0,0,0,0,0,0,0,185,0,5612,0,36,0,2,1,0,0,0,0,0,0,0,0,11977,30656,524,4689,0,0,15570,47,0,0
GA,13263,8,2,0,1,13,0,0,0,0,0,0,0,0,0,48,0,17,9,0,0,0,0,0,0,0,0,0,5596,0,0,0,0,0,10,0,0,0,13,0,0,0,0,0,0,0,0,0,31,0,506,0,80,0,0,0,0,0,5,0,0,0,0,2199,0,7970,1713,162,11,691,104386,105084,1354,4820,13549,4315,25,0,0,0,0,0,0,0,0,0,0,0,0,0,0,0,0,1,0,0,0,0,0,0,0,0,0,0,0,0,0,0,0,0,0,0,0,0,0,0,0,0,0,0,0,0,8,2,1,30,0,0,65,0,0,0
GA,13265,4,5,0,57,8,0,1,0,0,0,0,0,0,0,22,0,3,0,0,2,0,2,0,0,0,0,0,4078,0,0,0,0,0,0,0,0,0,0,0,0,0,0,0,0,0,0,0,0,0,136,0,0,0,0,0,0,0,56,0,0,0,0,240,0,5023,510,44,3,61,37641,62180,656,1851,9510,3018,0,0,0,0,0,0,0,0,0,0,0,0,0,0,0,0,0,0,0,0,0,0,0,0,0,0,0,0,0,0,22,0,0,0,0,0,0,0,0,0,0,0,0,0,0,0,4,5,79,11,0,0,47,0,0,0
GA,13267,7980,17661,0,53,3852,0,2126,50,79,0,0,0,0,0,596,0,1989,105,1,74,0,1,0,0,0,0,0,15391,0,0,0,0,0,39,0,22,0,0,77,0,0,0,0,0,0,0,0,24,0,15011,0,0,0,1,0,0,0,3985,0,0,13,0,2005,0,14807,4697,821,145,81,1322,102173,1069,21011,9442,82394,1944,0,0,0,0,0,0,0,0,0,0,0,0,0,0,0,0,0,0,0,2,0,0,0,0,0,0,0,0,0,8,0,1343,12,9,0,45,3,0,0,0,0,0,0,0,0,7982,19016,61,5862,0,0,3938,10,0,0
GA,13269,491,2139,0,66,2050,94,928,0,0,0,0,0,0,0,1525,0,2046,17,2,3,0,0,0,0,0,0,0,12436,0,0,0,0,0,18,0,0,0,31,0,0,0,0,0,0,0,0,0,452,0,13108,0,2099,0,0,0,0,0,339,0,0,0,0,1354,0,7803,2105,267,54,917,68156,78175,3771,4581,21285,15915,336,0,0,0,0,0,0,0,0,0,0,0,0,0,0,0,0,24,0,0,15,0,0,0,0,0,0,0,0,0,4,0,248,0,230,0,3,0,0,0,0,0,0,0,0,0,506,2387,70,4326,0,0,3838,232,0,0
GA,13271,4921,9689,0,89,527,0,2197,6,0,0,0,0,0,0,185,0,959,46,81,49,0,0,0,0,0,0,0,8769,0,0,0,0,0,0,0,1,0,0,0,0,0,1,0,8,0,0,0,96,0,8510,0,0,0,47,0,0,0,1328,0,0,0,13,1710,0,10469,1879,346,160,32,3044,142651,2367,6608,9975,64958,1042,0,0,0,0,0,0,0,0,0,0,0,0,0,0,0,0,0,0,0,0,191,0,0,0,0,0,0,0,0,54,0,1133,0,17,0,36,0,0,0,0,0,0,0,0,0,5112,10822,143,1503,0,0,2331,289,0,0
GA,13273,16731,18013,0,60,245,0,8925,0,0,0,0,0,0,0,2624,0,4690,19,31,4,0,0,0,0,0,0,0,872,0,0,0,0,0,1,0,0,0,2,0,0,0,2,0,0,0,0,0,40,0,21967,0,9,0,0,0,0,0,3372,0,0,0,0,864,0,6864,1402,244,75,20,24995,53791,3502,582,6782,33367,889,0,0,0,0,0,0,0,0,0,0,0,0,0,0,0,0,0,0,0,0,1,0,0,0,0,0,0,0,0,111,0,5095,0,0,2,0,0,0,0,0,0,0,0,0,0,16734,23108,171,4937,0,0,12520,32,0,0
GA,13275,4477,33133,0,594,450,0,6754,0,0,0,0,0,0,0,34,0,387,48,8,26,0,0,0,0,0,0,1,4738,0,0,0,0,0,50,0,0,0,0,0,0,0,0,4,0,0,0,0,22,0,32264,0,0,0,0,0,0,0,5258,0,0,0,0,1530,0,19087,4845,1239,679,27,3758,126074,16660,5378,7143,71979,2467,0,0,0,0,0,87,0,0,0,0,52,0,0,0,0,0,0,0,0,24,7,0,0,0,0,0,0,0,0,2,0,3796,0,116,115,11,8,0,0,0,0,0,0,0,0,4623,36929,596,1068,0,0,4243,131,87,0
GA,13277,4010,27377,0,61,54,4,8511,119,0,0,0,0,0,0,23,0,93,52,9,351,0,0,0,0,0,0,3,5746,0,0,0,136,0,1,0,0,0,31,0,1,0,0,0,3,0,0,0,467,0,19893,0,0,0,0,0,0,0,1687,0,0,0,0,2456,0,10691,5653,1592,1001,26,5032,40189,2215,57,6888,23072,2053,0,0,0,0,0,0,0,0,0,0,0,0,0,62,0,0,16,0,0,1,0,0,0,0,0,0,0,0,0,45,0,2376,0,0,0,2,0,0,0,0,0,0,0,0,0,4011,29753,106,147,0,0,2538,9,0,0
GA,13279,6352,10387,0,8,989,0,1540,5,4,0,0,0,0,0,264,0,1351,75,5,40,0,0,0,0,0,0,0,14061,0,0,0,0,0,51,0,322,0,0,135,0,0,0,0,0,0,0,0,42,0,9950,0,0,0,0,0,0,0,2826,0,0,12,1,2245,0,11357,5285,845,394,123,1093,77084,749,16009,7715,60846,1388,0,0,0,0,0,0,0,0,0,0,0,0,0,0,0,0,0,0,0,2,52,0,0,0,0,0,0,0,0,12,0,2160,4,32,0,109,16,0,0,0,0,0,0,0,0,6406,12551,20,2376,0,0,3789,89,0,0
GA,13281,64,0,0,30,1,0,0,0,1,0,0,0,0,0,1,0,1,4,0,0,0,0,0,0,0,0,0,3947,0,0,0,0,0,0,0,0,0,0,0,0,0,0,9,0,0,0,0,3,0,79,0,0,0,2,0,0,0,0,0,0,0,0,3085,0,6358,626,113,11,30,91101,2511,525,365,1003,6,0,0,0,0,0,0,0,0,0,0,0,0,0,0,1,0,0,0,0,0,0,0,0,0,0,0,0,0,0,0,0,0,0,0,0,0,0,3,0,0,0,0,0,0,0,0,64,0,30,2,0,0,2,0,0,0
GA,13283,969,3126,0,6,127,0,454,0,0,0,0,0,0,0,255,0,158,24,22,40,0,0,0,0,0,0,0,2209,0,0,0,0,0,0,0,1,0,0,0,0,0,0,0,0,0,1,0,71,0,5474,0,0,0,2,0,0,0,864,0,0,0,14,728,0,6267,1327,132,29,29,3305,65905,1238,3640,6443,25120,490,0,0,0,0,0,0,0,0,0,0,0,0,0,0,0,0,0,0,0,1,0,0,0,0,0,0,0,0,0,2,0,860,1,0,0,1,0,0,0,0,0,0,0,0,0,970,3987,8,286,0,0,1276,22,0,0
GA,13285,10,0,0,0,35,0,0,0,0,0,0,0,0,0,60,0,58,20,0,0,0,0,0,0,0,0,0,17542,0,0,0,0,0,56,0,0,0,0,0,0,0,0,0,0,0,0,1,116,0,91,0,200,0,0,0,0,0,1,0,0,0,0,22216,0,17658,7627,1756,680,308,88165,105503,108,3222,14063,6042,0,0,0,0,0,0,0,0,0,0,0,0,0,0,0,0,0,0,0,0,10,0,0,0,0,0,0,0,0,0,0,0,0,0,0,0,0,0,0,0,0,0,0,0,0,0,20,0,0,93,0,0,128,0,0,0
GA,13287,4789,28681,0,78,205,5,10145,10,0,0,0,0,0,0,153,0,1574,134,50,289,0,0,0,0,0,0,19,9031,0,0,0,7,0,2,0,0,0,8,0,0,0,18,0,0,0,0,0,815,0,14611,0,12,0,0,2,0,0,3212,0,0,0,0,1534,0,7244,2656,330,132,25,11473,53187,3058,70,7021,20282,1503,0,0,0,0,0,0,0,0,0,0,0,0,0,18,0,0,0,0,0,9,0,0,0,0,0,0,0,0,0,143,0,2972,0,0,0,0,0,0,0,0,0,0,0,0,0,4798,31653,221,1779,0,0,4851,50,0,0
GA,13289,599,5511,0,36,271,8,1122,0,0,0,0,0,0,0,505,0,154,14,3,85,0,0,0,0,0,0,0,3937,0,0,0,0,0,5,0,0,0,5,0,0,0,0,0,0,0,0,0,69,0,4791,0,73,0,0,0,0,0,314,0,0,0,0,1339,0,7066,1503,195,36,1390,81435,70121,7010,1300,12411,29805,849,0,0,0,0,0,0,0,0,0,0,0,0,0,0,0,0,1,0,0,2,0,0,0,0,0,0,0,0,0,6,0,125,0,0,1,0,0,0,0,0,0,0,0,0,0,602,5636,42,426,0,0,792,3,0,0
GA,13291,514,0,0,43,66,0,0,0,0,0,0,0,0,0,0,0,4,0,0,0,0,0,0,0,0,0,0,9419,0,0,0,0,0,0,0,0,0,0,0,0,0,0,0,0,0,0,0,42,0,178,0,0,6,0,0,0,0,0,0,0,0,0,3742,0,13618,1092,216,53,200,168115,10475,1625,212,1267,16,1,0,0,0,0,0,0,0,0,0,0,0,0,0,20,0,0,0,0,0,1,0,0,0,0,0,0,0,0,0,0,0,0,0,0,0,0,0,0,0,0,0,0,0,0,0,515,0,43,70,0,0,5,0,0,0
GA,13293,7,3,0,0,46,0,0,0,0,0,0,0,0,0,147,0,241,5,0,25,0,0,0,0,0,0,0,14102,0,0,0,0,0,192,0,0,0,0,0,0,0,0,0,0,0,0,1,13,0,2105,0,104,0,0,0,0,0,160,0,0,0,0,2070,0,9185,2991,661,305,98,84097,79866,218,1877,8724,2176,1,0,0,0,0,0,0,0,0,0,0,0,0,0,0,0,0,0,0,0,298,0,0,0,0,0,0,0,0,0,18,0,0,0,0,0,0,0,0,0,0,0,0,0,0,0,305,3,18,287,0,0,704,0,0,0
GA,13295,2100,7,0,1,703,0,0,0,0,0,0,0,0,0,24,0,1219,0,0,3,0,0,0,0,0,0,3,38027,0,0,0,0,0,0,0,0,0,0,0,0,0,0,0,0,0,0,0,46,0,23,0,0,2,0,0,0,0,0,0,0,0,0,977,0,20252,5371,1058,384,184,147413,27137,29622,6687,4675,203,13,0,0,0,0,0,0,0,0,0,0,0,0,0,14,0,0,0,0,0,11,0,0,0,0,0,0,0,0,0,0,0,0,0,0,0,0,0,0,0,0,0,0,0,0,19,2111,7,1,1941,19,0,1254,0,0,0
GA,13297,26,304,0,34,28,0,0,0,0,0,0,0,0,0,1837,0,180,6,1,2,0,105,0,0,0,0,0,29673,0,0,0,0,0,274,0,0,0,0,0,0,0,0,0,0,0,1,0,3,0,274,0,3,0,0,0,0,0,1,0,0,0,0,2197,0,17095,8026,1265,430,875,74105,43738,324,396,26244,3651,1,0,0,0,0,0,0,0,0,0,0,0,0,0,0,0,0,0,0,0,10,0,0,0,0,0,0,0,0,0,16,0,3,0,0,0,0,0,0,0,0,0,0,0,0,0,36,307,50,208,0,0,2046,1,0,0
GA,13299,3822,6227,0,5,753,1,1804,2,2,0,0,0,0,0,356,0,243,29,1,6,0,0,0,0,0,0,0,2978,0,0,0,0,0,0,0,0,0,0,0,0,0,0,11,0,0,0,0,2,0,4090,0,0,0,0,0,0,0,557,0,0,0,0,554,0,20315,9255,1553,932,40,128,217004,100,21198,14506,267544,3738,0,0,0,0,0,0,0,0,0,0,10,0,0,0,0,0,15,0,0,28,0,0,0,0,0,0,0,0,0,0,0,420,0,0,0,2059,0,0,0,0,0,0,0,0,0,3850,6647,5,996,0,0,1047,1,0,0
GA,13301,170,1279,0,109,19,0,75,0,0,0,0,0,0,0,875,0,161,15,2,56,0,0,0,0,0,0,0,6597,0,0,0,0,0,0,0,0,0,1,0,0,0,0,0,0,0,0,0,3,0,5333,0,0,0,0,0,0,0,249,0,0,0,2,1287,0,8136,1266,188,37,1552,45208,84846,2087,2902,17421,3662,13,0,0,0,0,0,0,0,0,0,0,0,0,0,0,0,0,0,0,0,0,6,0,0,0,0,0,0,0,0,13,0,2,0,2,0,0,0,0,0,0,0,0,0,0,0,176,1281,122,182,0,0,1051,10,0,0
GA,13303,5627,1725,0,251,392,56,1434,0,0,0,0,0,0,0,2907,0,2650,204,130,255,0,2,0,0,0,0,0,13445,0,0,0,0,0,2,0,0,0,0,0,0,0,1,0,0,0,15,0,258,0,22810,0,0,0,0,0,0,0,3632,0,0,0,36,3655,0,11960,1921,457,231,5775,98317,153903,15411,6762,30642,51788,661,0,0,0,0,0,0,0,0,0,0,0,0,0,0,0,0,0,0,0,16,128,0,0,0,0,0,0,0,0,220,0,367,0,135,23,0,0,0,0,0,0,0,0,0,0,5794,2092,471,3200,0,0,6160,393,0,0
GA,13305,4830,12308,0,187,1509,1,1768,439,3,0,0,0,0,0,30,0,655,235,0,28,0,1,0,0,0,0,0,5797,0,0,0,0,0,4,0,5,0,68,0,0,0,1,0,0,0,0,0,3,0,9018,0,0,0,0,0,0,0,1008,0,0,0,0,2190,0,22073,5762,1137,418,202,252,218221,232,17940,10157,95643,1007,0,0,0,0,0,0,0,0,0,0,0,0,0,0,0,0,0,0,0,2,2,0,0,0,0,0,0,0,0,0,0,1246,1,1,0,468,0,0,0,0,0,0,0,0,0,4834,13555,187,2166,0,0,1933,3,0,0
GA,13307,2029,8521,0,21,61,1,4725,0,0,0,0,0,0,0,169,0,478,374,4,99,0,0,0,0,0,0,0,1656,0,0,0,0,0,1,0,0,0,0,0,0,0,0,0,0,0,0,0,29,0,9956,0,7,0,0,0,0,0,1382,0,0,0,0,667,0,3283,367,49,17,13,28656,52814,2820,455,3464,11825,106,0,0,0,0,0,0,0,0,0,0,0,0,0,0,0,0,0,0,0,0,0,0,0,0,0,0,0,0,0,17,0,474,0,1,0,0,0,0,0,0,0,0,0,0,0,2029,8995,38,540,0,0,1138,5,0,0
GA,13309,2359,4790,0,3,209,0,476,1,0,0,0,0,0,0,95,0,120,58,92,27,0,0,0,0,0,0,0,3761,0,0,0,0,0,0,0,6,0,0,0,0,0,0,0,0,0,1,0,18,0,5520,0,0,0,3,0,0,0,881,0,0,0,8,1339,0,6197,652,70,14,64,1750,104746,1999,7235,7693,39840,670,0,0,0,0,0,0,0,0,0,0,0,0,0,0,0,0,0,0,0,1,0,0,0,0,0,0,0,0,0,62,0,1315,0,27,0,7,0,0,0,0,0,0,0,0,0,2360,6105,65,356,0,0,1593,119,0,0
GA,13311,1126,3,0,2,117,0,0,0,0,0,0,0,0,0,307,0,147,2,0,49,0,0,0,0,0,0,0,9057,0,0,0,0,0,13,0,0,0,0,0,0,0,0,0,0,0,0,0,14,0,3,0,1,1,126,0,0,0,0,0,0,0,0,648,0,10928,1653,487,171,135,110631,12517,680,72,6056,8,0,0,0,0,0,0,0,0,0,0,0,0,0,0,0,0,0,0,0,0,124,0,0,0,0,0,0,0,0,0,3,0,0,0,5,0,0,0,0,0,0,0,0,0,0,0,1250,3,5,269,0,0,581,5,0,0
GA,13313,816,2,0,1,287,0,0,0,0,0,0,0,0,0,23,0,38,0,0,0,0,0,0,0,0,0,0,23479,0,0,0,0,0,0,0,0,0,0,0,0,0,0,0,0,0,0,0,14,0,18,0,0,7,0,0,0,0,0,0,0,0,0,1009,0,20261,9635,3527,2221,350,73105,23242,17930,5083,4404,632,12,0,0,0,0,0,0,0,0,0,0,0,0,0,0,0,0,0,0,0,12,0,0,0,0,0,0,0,0,0,0,0,0,0,0,0,0,0,0,0,0,0,0,0,0,1,828,2,1,326,1,0,73,0,0,0
GA,13315,2462,24779,0,124,175,20,9982,7,0,0,0,0,0,0,465,0,1480,335,10,71,0,0,0,0,0,0,4,8727,0,0,0,8,0,2,0,0,0,1,0,0,0,41,0,4,0,0,0,547,0,16457,0,6,0,0,1,0,0,3384,0,0,0,0,1616,0,9259,1939,156,41,26,14952,91250,3810,1143,9697,37789,973,0,0,0,0,0,0,0,0,0,0,0,0,0,2,0,0,1,0,0,2,4,0,0,0,0,0,0,0,0,406,0,3152,0,3,0,0,0,0,0,0,0,0,0,0,0,2468,27931,530,1658,0,0,5505,17,0,0
GA,13317,89,60,0,104,49,0,7,0,0,0,0,0,0,0,506,0,63,0,0,14,0,4,0,0,0,0,0,23941,0,0,0,0,0,0,0,0,0,0,0,0,0,0,0,0,0,0,0,0,0,317,0,0,0,0,0,0,0,29,0,0,0,0,2558,0,11480,1125,193,49,437,76706,142444,685,7085,28019,6844,5,0,0,0,0,0,0,0,0,0,0,0,0,0,0,0,0,0,0,0,4,1,0,0,0,0,0,0,0,0,233,0,0,0,1,0,0,0,0,0,0,0,0,0,0,0,94,60,337,113,0,0,806,2,0,0
GA,13319,258,343,0,7,59,1,106,0,0,0,0,0,0,0,261,0,598,17,9,5,0,1,0,0,0,0,0,4388,0,0,0,0,0,3,0,0,0,0,0,0,0,0,0,1,0,3,0,6,0,3954,0,9,0,0,0,0,0,95,0,0,0,0,2704,0,8418,1293,395,161,3173,109449,66482,13737,2781,19272,50332,931,0,0,0,0,0,0,0,0,0,0,0,0,0,0,0,0,0,0,0,7,0,0,0,0,0,0,0,0,0,9,0,40,0,0,0,0,0,0,0,0,0,0,0,0,0,265,383,16,657,0,0,915,9,0,0
GA,13321,10464,59645,0,44,188,12,20356,2,4,0,0,0,0,0,289,0,1564,244,77,118,0,0,0,0,0,0,85,9558,0,0,0,0,0,25,0,0,0,17,0,0,0,0,0,0,0,0,0,357,0,27510,0,10,0,0,0,0,0,3560,0,0,0,0,2628,0,14016,4485,409,143,60,22262,117660,9439,216,14878,36791,2472,0,0,0,0,0,0,0,0,0,0,0,0,0,10,0,0,9,0,0,38,3,0,0,0,0,0,0,0,0,72,0,7959,0,0,0,1,14,0,0,0,0,0,0,0,0,10505,67604,116,1752,0,0,9922,80,0,0
ID,16001,14599,0,0,72,0,0,0,0,294,5,0,1519,0,943,8842,0,0,33,140,0,0,0,0,0,0,31,17007,737,48,0,2070,1301,650,126,0,0,1,0,669,0,0,117,0,0,26,1363,6,156,0,9032,25,37,56,31,0,0,0,0,0,0,5,0,3682,0,44673,32352,8255,1043,32,9,5621,0,173282,348802,510,160,0,227,19,0,0,0,0,0,0,0,2,0,2,0,5,0,0,2,0,0,0,1,2,0,0,0,0,0,0,0,0,0,0,0,0,0,0,0,0,12,2,0,0,0,0,14599,0,72,0,1519,0,8842,140,0,1
ID,16003,38,0,0,0,0,0,0,0,0,0,0,33,0,6,59,0,0,0,147,0,0,0,0,0,0,0,4849,1805,0,0,0,0,0,19,0,0,0,0,0,0,0,0,0,0,0,8,1,4,0,78,30,4,10,1,0,0,0,0,0,0,0,0,3631,1,3474,1363,172,14,70,348,500182,0,310493,49271,272,384,0,17,0,0,0,0,0,0,0,0,0,0,2,0,2,0,0,0,0,0,0,0,0,0,0,0,0,0,0,0,0,0,0,0,0,0,0,0,0,0,0,0,0,0,0,38,0,0,0,33,0,59,147,0,0
ID,16005,120,0,0,0,0,0,0,0,0,0,0,7987,15,16620,19949,0,0,0,560,0,0,0,0,1549,0,0,38442,5775,0,0,11,0,4020,0,0,0,0,0,0,0,0,7,0,0,0,0,0,186,0,16861,0,0,0,0,0,0,0,0,0,0,0,0,15172,0,20412,8451,4747,217,34,23498,94334,212,387031,48849,18520,582,0,203,0,0,0,0,0,0,0,0,0,0,0,0,0,0,0,0,0,0,0,0,0,0,0,0,0,0,0,0,0,0,0,0,0,0,0,0,0,0,0,0,0,0,0,120,0,0,0,7987,15,19949,560,0,0
ID,16007,2,0,0,0,0,0,0,0,0,0,0,5221,0,6838,1010,0,0,0,2040,0,0,0,0,0,0,0,29424,45304,0,0,0,0,1,0,0,0,0,0,0,0,1,0,0,0,0,0,0,0,0,604,0,0,0,0,0,0,0,0,0,0,0,0,36336,0,8809,1720,264,45,68,37186,126543,2809,300629,41916,3086,21362,0,398,0,0,0,0,0,0,0,0,0,0,0,0,0,0,0,0,0,0,0,0,0,0,0,0,0,0,0,0,0,0,0,0,0,0,0,0,0,0,0,0,0,0,0,2,0,0,0,5221,0,1010,2040,0,0
ID,16009,0,0,0,0,0,0,0,0,0,0,0,2540,0,8263,24829,0,0,0,92,1,0,78,0,0,0,1,604,9180,0,4,0,561,0,3,0,0,0,0,0,0,6944,1442,0,0,0,1,42,3175,0,2837,0,0,0,0,0,0,0,0,0,0,0,0,5507,0,5468,2385,385,48,4,61,322116,2,98190,4031,502,2328,0,6,0,0,0,0,0,0,0,0,0,0,0,0,0,0,0,0,0,0,0,0,0,0,0,0,0,0,0,0,0,0,0,0,0,0,0,0,0,0,0,0,0,0,0,0,0,0,0,2540,0,24829,92,0,0
ID,16011,7074,0,0,0,0,0,0,0,0,0,0,16752,378,57497,86445,0,0,0,469,0,0,383,5,259,0,0,83769,6374,0,0,25156,3,64386,0,0,0,0,0,0,0,0,12,0,0,0,0,0,334,0,23694,0,0,0,0,0,0,0,0,0,0,0,0,11487,0,30896,6583,1517,328,67879,17810,39308,22,678916,92496,34663,1990,0,29,0,0,0,0,0,0,0,0,0,0,0,0,0,0,0,0,0,0,0,0,0,0,0,0,0,0,0,0,0,0,0,0,0,0,0,0,0,0,0,0,0,0,0,7074,0,0,0,16752,378,86445,469,0,0
ID,16013,1684,0,0,0,0,0,0,0,93,0,0,13330,0,1603,1619,0,0,0,320,0,0,0,0,1,0,0,24615,1218,0,0,897,32,1835,1,0,0,0,0,0,0,0,0,0,0,0,0,0,0,0,3234,0,0,0,0,0,0,0,0,0,0,0,0,6696,2983,9371,6841,1355,145,184807,214,321083,0,917127,191109,6756,3886,0,20,0,0,0,0,0,0,0,0,0,0,0,0,0,0,0,0,0,0,0,0,0,0,0,0,0,0,0,0,0,0,0,0,0,0,0,0,0,0,0,0,0,0,0,1684,0,0,0,13330,0,1619,320,0,0
ID,16015,18,0,0,0,0,0,0,0,0,0,0,3,0,3,30,0,0,0,14,0,0,0,0,0,0,0,629,78,0,0,0,0,0,7,0,0,0,0,0,0,0,0,0,0,0,0,0,2,0,21,0,0,0,1,0,0,0,0,0,0,0,0,1982,1075,2164,1979,258,8,2091,5202,663135,0,389791,151535,250,82,0,0,0,0,0,0,0,0,0,0,0,0,0,0,0,0,0,0,0,0,0,0,0,0,0,0,0,0,0,0,0,0,0,0,0,0,0,0,0,0,0,0,0,0,0,18,0,0,0,3,0,30,14,0,0
ID,16017,0,0,0,0,0,0,0,0,0,0,0,16,0,233,31,0,0,0,22,0,0,17,0,0,0,0,290,884,0,6,0,4,0,0,0,0,0,0,0,0,2,3,0,0,0,1,0,1,0,37,0,0,0,0,0,0,0,0,0,0,0,0,117134,0,5590,9013,1703,159,8,325,960534,2,97486,20421,9513,5145,0,5,0,0,0,0,0,0,0,0,0,0,0,0,0,0,0,0,0,0,0,0,0,0,0,0,0,0,0,0,0,0,0,0,0,0,0,0,0,0,0,0,0,0,0,0,0,0,0,16,0,31,22,0,0
ID,16019,3873,0,0,0,0,0,0,0,0,0,0,78157,103,46031,11380,0,0,0,728,0,0,1061,4,26,0,804,49219,6276,21,0,6,0,21664,0,0,0,0,0,0,0,0,113,0,0,0,0,0,147,0,14655,0,0,0,0,0,0,0,0,0,0,0,0,14696,0,22076,11224,3434,93,60850,30140,309696,263,407406,98151,5124,18956,0,9,0,0,0,0,0,0,0,0,0,0,0,0,0,0,0,0,0,0,0,0,0,0,0,0,0,0,0,0,0,0,0,0,0,0,0,0,0,0,0,0,0,0,0,3873,0,0,0,78157,103,11380,728,0,0
ID,16021,0,0,0,0,0,0,0,0,0,0,0,3477,0,4388,13077,0,0,0,221,0,0,5255,0,0,0,0,7995,2382,0,24,0,27,0,66,0,0,0,0,0,0,6,462,0,0,0,2,99,483,0,209,0,0,0,0,0,0,0,0,0,0,0,0,5676,0,4491,3622,483,42,52,148,676408,1,64412,16798,3316,4044,0,0,0,0,0,0,0,0,0,0,0,0,0,0,0,0,0,0,0,0,0,0,0,0,0,0,0,0,0,0,0,0,0,0,0,0,0,0,0,0,0,0,0,0,0,0,0,0,0,3477,0,13077,221,0,0
ID,16023,312,0,0,0,0,0,0,0,0,0,0,14348,0,6384,707,0,0,0,614,0,0,0,0,0,0,0,36404,3930,0,0,1,2,985,0,0,0,0,0,0,0,0,40,0,0,0,0,0,0,0,13434,0,0,0,0,0,0,0,0,0,0,0,0,267,0,8283,6959,2765,121,119087,62,98105,0,962513,153040,402,713,0,0,0,0,0,0,0,0,0,0,0,0,0,0,0,0,0,0,0,0,0,0,0,0,0,0,0,0,0,0,0,0,0,0,0,0,0,0,0,0,0,0,0,0,0,312,0,0,0,14348,0,707,614,0,0
ID,16025,52,0,0,0,0,0,0,0,5,0,0,12203,0,1979,429,0,0,1,549,0,0,0,0,1,0,0,52610,2390,0,0,11,3,44,1,0,0,0,0,0,0,0,154,0,0,0,0,0,41,0,3289,0,0,0,0,0,0,0,0,0,0,0,0,510,124,3058,552,55,1,281,0,169396,0,268987,169459,3301,1060,0,5,0,0,0,0,0,0,0,0,0,0,0,0,0,0,0,0,0,0,0,0,0,0,0,0,0,0,0,0,0,0,0,0,0,0,0,0,0,0,0,0,0,0,0,52,0,0,0,12203,0,429,549,0,0
ID,16027,45400,0,0,52,0,0,0,0,3079,72,8,1043,0,3027,35200,0,0,7,349,0,0,0,0,0,0,0,45332,2136,47,0,9270,10315,4782,630,0,0,3,0,11102,0,0,2484,0,0,1662,8427,77,125,0,13699,471,728,1711,195,0,2,0,0,0,0,23,0,13053,0,32455,13472,1793,119,31,0,107,0,9977,107901,655,2272,0,549,368,0,0,0,0,0,0,0,26,0,30,20,67,0,0,28,0,258,0,142,40,0,0,0,0,0,0,0,0,0,0,0,0,0,8,0,0,555,852,0,0,0,0,45658,0,52,0,1043,0,35458,349,0,142
ID,16029,437,0,0,0,0,0,0,0,0,0,0,64415,0,21071,17852,0,0,0,1967,0,0,2,1,232,0,62,33231,8098,27,0,0,0,7491,0,0,0,0,0,0,0,0,509,0,0,0,0,0,56,0,15668,0,0,0,0,0,0,0,0,0,0,0,0,15627,0,13959,2134,663,90,56,44886,299206,892,503012,82484,1997,14955,0,11,0,0,0,0,0,0,0,0,0,0,0,0,0,0,0,0,0,0,0,0,0,0,0,0,0,0,0,0,0,0,0,0,0,0,0,0,0,0,0,0,0,0,0,437,0,0,0,64415,0,17852,1967,0,0
ID,16031,26283,0,0,0,0,0,0,0,43,0,0,41592,175,15664,49482,0,0,1,1037,0,0,1,0,462,0,0,71976,12251,0,0,35459,8749,23160,5,0,0,0,0,48,0,0,127,0,0,0,0,0,88,0,56767,0,0,0,0,0,0,0,0,0,0,0,0,9143,0,31406,5394,793,23,77,4871,75008,0,944037,233808,1366,49,0,1982,28,0,0,0,0,0,0,0,0,0,0,0,0,0,0,0,0,0,0,0,0,0,0,0,0,0,0,0,0,0,0,0,0,0,0,0,0,0,0,0,0,0,0,26283,0,0,0,41592,175,49482,1037,0,0
ID,16033,1595,0,0,0,0,0,0,0,0,0,0,3553,0,8000,21,0,0,0,90,0,0,0,0,0,0,0,27148,1742,0,0,2,0,3973,0,0,0,0,0,0,0,0,11,0,0,0,0,0,1,0,3624,0,0,0,0,0,0,0,0,0,0,0,0,326,0,8496,1540,701,5,2996,164,172603,6,673165,206955,340,12631,0,0,0,0,0,0,0,0,0,0,0,0,0,0,0,0,0,0,0,0,0,0,0,0,0,0,0,0,0,0,0,0,0,0,0,0,0,0,0,0,0,0,0,0,0,1595,0,0,0,3553,0,21,90,0,0
ID,16035,0,0,0,0,0,0,0,0,0,0,0,1325,0,4048,10074,0,0,0,38,1,0,485,3,0,0,0,624,5500,0,0,0,2234,0,12,0,0,0,0,0,0,646,625,0,0,0,0,33,781,0,842,0,0,0,0,0,0,0,0,0,0,0,0,15116,3,5116,1673,334,24,892,89,1100820,139,420739,19717,308,121,0,3,0,0,0,0,0,0,0,0,0,0,0,0,0,0,0,0,0,0,0,0,0,0,0,0,0,0,0,0,0,0,0,0,0,0,0,0,0,0,0,0,0,0,0,0,0,0,0,1325,0,10074,38,0,0
ID,16037,90,0,0,0,0,0,0,0,0,0,0,2689,0,1333,8,0,0,0,199,0,0,0,0,0,0,0,15257,3115,0,0,4,0,318,0,0,0,0,0,0,0,0,0,0,0,0,0,0,0,0,2275,0,0,0,0,0,0,0,0,0,0,0,0,4860,10927,6635,7396,3989,91,70323,2,1159506,20,1371091,486729,4137,8413,0,6,0,0,0,0,0,0,0,0,0,0,0,0,0,0,0,0,0,0,0,0,0,0,0,0,0,0,0,0,0,0,0,0,0,0,0,0,0,0,0,0,0,0,0,90,0,0,0,2689,0,8,199,0,0
ID,16039,16881,0,0,1,0,0,0,0,719,0,0,1040,0,4269,12553,0,0,4458,1107,0,0,1,0,1,0,0,32415,1463,423,0,5593,1887,6012,233,0,0,0,0,20,0,0,15,0,0,0,184,9,180,0,10385,0,0,0,5,0,0,0,0,0,0,0,0,10551,564,17240,6815,3575,782,2564,46,385911,0,715999,738380,1294,339,0,451,4,0,0,0,0,0,0,0,0,0,0,0,0,0,0,0,0,0,0,0,0,0,0,0,0,0,0,0,0,0,0,0,0,0,0,0,0,1,0,0,0,0,0,16881,0,1,0,1040,0,12553,1107,0,0
ID,16041,4413,0,0,0,0,0,0,0,0,0,0,6895,0,2027,15975,0,0,0,847,0,0,0,0,5634,0,0,45738,8206,0,0,0,72,628,0,0,0,0,0,0,0,0,67,0,0,0,0,0,39,0,12173,0,0,0,0,0,0,0,0,0,0,0,0,2071,0,10476,1432,103,2,16,57224,50116,1355,173697,25037,2172,1190,0,134,0,0,0,0,0,0,0,0,0,0,0,0,0,0,0,0,0,0,0,0,0,0,0,0,0,0,0,0,0,0,0,0,0,0,0,0,0,0,0,0,0,0,0,4413,0,0,0,6895,0,15975,847,0,0
ID,16043,475,0,0,0,0,0,0,0,0,0,0,57188,40,32494,4752,0,0,0,396,0,0,1303,199,3,0,564,25775,2090,0,0,1,0,25239,0,0,0,0,0,0,0,0,781,0,0,0,0,0,13,0,3667,0,0,0,0,0,0,0,0,0,0,0,0,16502,0,10235,1954,147,6,10376,6710,415180,48,540298,31894,9059,15764,0,0,0,0,0,0,0,0,0,0,0,0,0,0,0,0,0,0,0,0,0,0,0,0,0,0,0,0,0,0,0,0,0,0,0,0,0,0,0,0,0,0,0,0,0,475,0,0,0,57188,40,4752,396,0,0
ID,16045,6192,0,0,1,0,0,0,0,71,6,1,381,0,207,2567,0,0,6,138,0,0,0,0,0,0,0,12995,1977,2,0,251,161,50,149,0,0,0,0,215,0,0,18,0,0,8,245,0,14,0,1315,16,21,52,21,0,0,0,0,0,0,0,0,3338,0,5861,1374,157,4,15,438,50044,0,152733,119285,341,1202,0,167,4,0,0,0,0,0,0,0,1,0,17,0,4,0,0,9,0,2,0,1,0,0,0,0,0,0,0,0,0,0,0,0,0,0,0,0,0,83,17,0,0,0,0,6194,0,1,0,381,0,2569,138,0,1
ID,16047,51086,0,0,64,0,0,0,0,937,0,0,1850,0,1907,5915,0,0,102,284,0,0,0,0,2,0,0,27071,607,0,0,1945,1345,7139,12,0,0,0,0,93,0,0,32,0,0,0,4,0,0,0,10711,0,0,0,2,0,0,0,0,0,0,0,0,2087,0,10379,3238,1299,147,2,0,103,0,237266,103222,497,127,0,158,1,0,0,0,0,0,0,0,0,0,0,0,0,0,0,0,0,1,0,0,0,0,0,0,0,0,0,0,0,0,0,0,0,0,0,0,0,0,0,0,0,0,0,51087,0,64,0,1850,0,5916,284,0,0
ID,16049,1,0,0,0,0,0,0,0,0,0,0,15473,0,22254,64314,0,0,0,2950,0,0,10148,88,0,0,0,11441,34400,0,0,0,1185,0,2,0,0,0,0,0,0,41,1285,0,0,0,11,1,412,0,23242,0,0,0,0,0,0,0,0,0,0,0,0,8817,164,17601,4149,828,47,111,43,4019899,629,714911,486714,234,113,0,402,0,0,0,0,0,0,0,0,0,0,0,0,0,0,0,0,0,0,0,0,0,0,0,0,0,0,0,0,0,0,0,0,0,0,0,0,0,0,0,0,0,0,0,1,0,0,0,15473,0,64314,2950,0,0
ID,16051,5675,0,0,0,0,0,0,0,0,0,0,59387,179,45153,4583,0,0,0,607,0,0,1162,10,20,0,2,91912,5844,0,0,9,0,24239,0,0,0,0,0,0,0,0,499,0,0,0,0,0,73,0,10998,0,0,0,0,0,0,0,0,0,0,0,0,6552,0,18071,3599,301,3,154,114,679,10,358289,54979,13959,475,0,2,0,0,0,0,0,0,0,0,0,0,0,0,0,0,0,0,0,0,0,0,0,0,0,0,0,0,0,0,0,0,0,0,0,0,0,0,0,0,0,0,0,0,0,5675,0,0,0,59387,179,4583,607,0,0
ID,16053,36270,0,0,1,0,0,0,0,1211,0,0,25084,6,3808,10609,0,0,8,838,0,0,0,0,127,0,0,40964,2681,0,0,14360,8782,10015,82,0,0,0,0,4,0,0,152,0,0,2,1,0,1,0,6633,0,0,0,0,0,0,0,0,0,0,0,0,1320,0,19602,3756,370,25,4,0,6,0,46646,151482,65,9,0,167,42,0,0,0,0,0,0,0,0,0,0,0,0,0,0,0,0,65,0,0,0,0,0,0,0,0,0,0,0,0,0,0,0,0,0,0,0,0,0,0,0,0,0,36335,0,1,0,25084,6,10674,838,0,0
ID,16055,1,0,0,0,0,0,0,0,0,0,0,1069,0,8978,13745,0,0,0,167,1,0,632,0,0,0,3,4486,10575,0,358,0,976,0,5,0,0,0,0,0,0,2070,656,0,0,0,417,14,4616,0,1895,0,0,0,0,0,0,0,0,0,0,0,0,43816,0,15210,20846,8172,783,24,102,562949,2,114379,17422,3830,3785,0,36,0,0,0,0,0,0,0,0,0,0,0,0,0,0,0,0,0,0,0,0,0,0,0,0,0,0,0,0,0,0,0,0,0,0,0,0,0,0,0,0,0,0,0,1,0,0,0,1069,0,13745,167,0,0
ID,16057,0,0,0,0,0,0,0,0,0,0,0,17395,0,30220,70296,0,0,0,248,1,0,1422,0,0,213,133,2308,30565,0,1,0,32195,0,34,0,0,0,0,0,0,10329,10137,0,0,0,0,367,3005,0,1740,0,0,0,0,0,0,0,0,0,0,0,0,121,0,14072,3580,1233,127,1,520,330720,27,105461,22303,64,154,0,34,0,0,0,0,0,0,0,0,0,0,0,0,0,0,0,0,0,0,0,0,0,0,0,0,0,0,0,0,0,0,0,0,0,0,0,0,0,0,0,0,0,0,0,0,0,0,0,17395,0,70296,248,0,0
ID,16059,0,0,0,0,0,0,0,0,0,0,0,216,0,416,2,0,0,0,141,0,0,0,0,0,0,0,14522,7356,0,0,0,1,130,0,0,0,0,0,0,0,0,87,0,0,0,0,0,0,0,562,0,0,0,0,0,0,0,0,0,0,0,0,1220,212,11332,6613,1660,73,46522,1,1365528,74,893266,568715,3585,2268,0,0,0,0,0,0,0,0,0,0,0,0,0,0,0,0,0,0,0,0,0,0,0,0,0,0,0,0,0,0,0,0,0,0,0,0,0,0,0,0,0,0,0,0,0,0,0,0,0,216,0,2,141,0,0
ID,16061,1,0,0,0,0,0,0,0,0,0,0,12041,0,15530,73880,0,0,0,1402,139,0,11270,5,0,5,1,5254,7930,0,0,0,6839,0,218,0,0,0,0,0,0,495,9383,0,0,0,3,61,1225,0,5166,0,0,0,0,0,0,0,0,0,0,0,0,439,0,7583,697,151,10,2,12,68302,1,19532,59549,12,17,0,4,0,0,0,0,0,0,0,0,0,0,0,0,0,0,0,0,0,0,0,0,0,0,0,0,0,0,0,0,0,0,0,0,0,0,0,0,0,0,0,0,0,0,0,1,0,0,0,12041,0,73880,1402,0,0
ID,16063,10447,0,0,0,0,0,0,0,164,0,0,7510,1,3476,4453,0,0,11,2534,0,0,0,0,0,0,0,31022,1238,0,0,4986,369,3297,11,0,0,0,0,3,0,0,22,0,0,1,6,0,1,0,5093,0,0,0,0,0,0,0,0,0,0,0,0,150,0,12432,1666,46,2,4215,0,100,0,509838,168132,288,42,0,172,3,0,0,0,0,0,0,0,0,0,0,0,0,0,0,0,0,0,0,0,0,0,0,0,0,0,0,0,0,0,0,0,0,0,0,0,0,0,0,0,0,0,0,10447,0,0,0,7510,1,4453,2534,0,0
ID,16065,391,0,0,0,0,0,0,0,0,0,0,49026,4229,45978,2558,0,0,0,345,0,0,351,85,13,0,60,23157,1870,2,0,3,0,27881,0,0,0,0,0,0,0,0,192,0,0,0,0,0,470,0,1523,0,0,0,0,0,0,0,0,0,0,0,0,2051,0,7352,3197,267,15,57,5553,41606,164,59109,14507,10704,237,0,4,0,0,0,0,0,0,0,0,0,0,0,0,0,0,0,0,0,0,0,0,0,0,0,0,0,0,0,0,0,0,0,0,0,0,0,0,0,0,0,0,0,0,0,391,0,0,0,49026,4229,2558,345,0,0
ID,16067,7323,0,0,0,0,0,0,0,0,0,0,38956,1,17513,10509,0,0,0,211,0,0,0,0,9,0,0,43563,2132,0,0,37918,4725,25932,11,0,0,0,0,150,0,0,173,0,0,0,0,0,143,0,14489,0,0,0,0,0,0,0,0,0,0,0,0,2537,0,11217,3831,762,23,70126,0,31,0,168814,26681,369,42,0,120,1,0,0,0,0,0,0,0,0,0,0,0,0,0,0,0,0,0,0,0,0,0,0,0,0,0,0,0,0,0,0,0,0,0,0,0,0,0,9,0,0,0,0,7323,0,0,0,38956,1,10509,211,0,0
ID,16069,0,0,0,0,0,0,0,0,0,0,0,11026,0,19870,80722,0,0,0,245,0,0,6604,0,0,21,8,5094,6193,0,2,0,25358,0,59,0,0,0,0,0,0,5546,10328,0,0,0,0,123,5343,0,12692,0,0,0,0,0,0,0,0,0,0,0,0,3743,0,16532,5444,2196,255,12,1625,117424,185,62264,148961,137,115,0,19,0,0,0,0,0,0,0,0,0,0,0,0,0,0,0,0,0,0,0,0,0,0,0,0,0,0,0,0,0,0,0,0,0,0,0,0,0,0,0,0,0,0,0,0,0,0,0,11026,0,80722,245,0,0
ID,16071,1912,0,0,0,0,0,0,0,0,0,0,4567,0,14331,23127,0,0,0,1422,0,0,0,0,6145,0,0,46950,13359,0,0,1,0,833,0,0,0,0,0,0,0,0,3,0,0,0,0,0,610,0,32084,0,0,0,0,0,0,0,0,0,0,0,0,779,0,12900,1429,76,0,4,6889,37565,4,468979,93388,227,1412,0,56,0,0,0,0,0,0,0,0,0,0,0,0,0,0,0,0,0,0,0,0,0,0,0,0,0,0,0,0,0,0,0,0,0,0,0,0,0,0,0,0,0,0,0,1912,0,0,0,4567,0,23127,1422,0,0
ID,16073,33714,0,0,99,0,0,0,0,189,37,23,632,0,6147,10491,0,0,17,340,0,0,0,0,0,0,0,49911,6956,88,0,4517,2259,3536,84,0,0,1,0,872,0,0,176,0,0,61,447,38,10,0,8504,108,17,265,81,0,0,0,0,0,0,4,0,13269,0,14281,3797,1065,40,733,3180,165351,0,4014615,568347,6180,4828,0,189,8,0,0,0,0,0,0,0,1,0,0,0,20,0,0,14,0,186,0,12,3,0,0,0,0,0,0,0,0,0,0,0,0,0,1,0,0,70,17,0,0,0,0,33900,0,99,0,632,0,10677,340,0,12
ID,16075,11652,0,0,14,0,0,0,0,99,14,0,302,0,983,6059,0,0,5,86,0,0,0,0,0,0,0,20185,3472,9,0,1919,1354,1903,187,0,0,4,0,2233,0,0,155,0,0,66,1251,18,4,0,3737,70,22,433,69,0,1,0,0,0,0,4,0,3641,0,6446,2476,512,9,2,0,161,0,38598,151980,219,1478,0,107,8,0,0,0,0,0,0,0,41,0,0,0,19,0,0,12,0,25,0,144,2,0,0,0,0,0,0,0,0,0,0,0,0,0,0,0,0,164,24,0,0,0,0,11677,0,14,0,302,0,6084,86,0,144
ID,16077,3611,0,0,0,0,0,0,0,0,0,0,3160,115,39110,72627,0,0,0,229,0,0,12,5,8997,0,0,12508,1119,0,0,14509,17,34641,0,0,0,0,0,0,0,0,149,0,0,0,0,0,79,0,45746,0,0,0,0,0,0,0,0,0,0,0,0,23030,0,17270,2817,977,265,35350,5556,43694,2,522390,29626,5575,52,0,7,0,0,0,0,0,0,0,0,0,0,0,0,0,0,0,0,0,0,0,0,0,0,0,0,0,0,0,0,0,0,0,0,0,0,0,0,0,0,0,0,0,0,0,3611,0,0,0,3160,115,72627,229,0,0
ID,16079,0,0,0,0,0,0,0,0,0,0,0,3,0,9,13,0,0,0,0,0,0,2,0,0,0,0,36,137,0,0,0,4,0,0,0,0,0,0,0,0,0,1,0,0,0,0,1,1,0,13,0,0,0,0,0,0,0,0,0,0,0,0,775,11,1754,2680,1853,238,40,44,1339090,3,333488,3455,709,2275,0,0,0,0,0,0,0,0,0,0,0,0,0,0,0,0,0,0,0,0,0,0,0,0,0,0,0,0,0,0,0,0,0,0,0,0,0,0,0,0,0,0,0,0,0,0,0,0,0,3,0,13,0,0,0
ID,16081,52,0,0,0,0,0,0,0,0,0,0,35531,3,6786,2526,0,0,0,568,0,0,145,1,3,0,1,23103,3985,3,0,0,0,4416,0,0,0,0,0,0,0,0,36,0,0,0,0,0,30,0,2893,0,0,0,0,0,0,0,0,0,0,0,0,358,0,6997,635,26,12,12,8922,81389,169,76641,12140,10520,10453,0,10,0,0,0,0,0,0,0,0,0,0,0,0,0,0,0,0,0,0,0,0,0,0,0,0,0,0,0,0,0,0,0,0,0,0,0,0,0,0,0,0,0,0,0,52,0,0,0,35531,3,2526,568,0,0
ID,16083,54646,0,0,8,0,0,0,0,3045,0,0,37920,8,2658,24343,0,0,33,2021,0,0,0,0,12,0,0,67144,3994,2,0,8553,23636,9283,189,0,0,0,0,6,0,0,4746,0,0,0,9,0,0,0,19470,0,0,0,2,0,0,0,0,0,0,0,0,5624,0,25967,9819,4151,905,3,892,2527,0,698635,222021,660,50,0,848,95,0,0,0,0,0,0,0,0,0,0,0,0,0,0,0,0,279,0,0,0,0,0,0,0,0,0,0,10,0,0,0,0,0,0,0,0,0,0,0,0,0,0,54935,0,8,0,37930,8,24622,2021,0,0
ID,16085,1,0,0,0,0,0,0,0,0,0,0,0,0,0,2,0,0,0,147,0,0,0,0,0,0,0,941,543,0,0,0,0,126,6,0,0,0,0,0,0,0,0,0,0,0,19,39,0,0,8,0,0,0,0,0,0,0,0,0,0,0,0,35509,259,4187,1916,395,40,556,912,1574351,0,521477,238251,7201,2416,0,0,0,0,0,0,0,0,0,0,0,0,0,0,0,0,0,0,0,0,0,0,0,0,0,0,0,0,0,0,0,0,0,0,0,0,0,0,0,0,0,0,0,0,0,1,0,0,0,0,0,2,147,0,0
ID,16087,2776,0,0,1,0,0,0,0,68,0,0,1123,0,1498,7262,0,0,15,265,0,0,0,0,0,0,0,39520,4163,2,0,1357,855,10,126,0,0,0,0,1915,0,0,216,0,0,13,139,54,1,0,2845,30,5,40,9,0,0,0,0,0,0,1,0,12169,0,5581,2190,572,33,7,4,128979,0,557348,170068,367,1185,0,182,1,0,0,0,0,0,0,0,0,0,8,0,0,0,0,4,0,0,0,2,0,0,0,0,0,0,0,0,0,0,0,0,0,0,0,0,0,3,2,0,0,0,0,2776,0,1,0,1123,0,7262,265,0,2
IL,17001,135953,0,0,0,108119,2,0,0,3,3,0,0,0,0,6346,0,1331,7,28,0,0,0,0,0,0,0,1706,1713,0,0,0,0,0,5,0,0,0,0,0,0,0,0,0,0,0,0,281,0,0,423,0,0,0,0,0,0,0,0,0,12,0,0,9847,0,13202,22409,7873,1447,268,125680,5,0,3,105161,12557,3012,0,0,0,0,0,0,0,0,0,0,0,0,0,0,0,0,0,0,0,1,0,0,49,0,0,0,0,0,0,0,0,0,0,0,177,0,0,0,0,0,0,0,0,0,0,136131,0,0,109627,0,0,7678,28,0,0
IL,17003,10127,0,288,21,30897,0,0,0,2,0,0,0,0,0,141,0,3825,0,0,0,0,0,0,0,0,0,4,51,0,7,0,0,3,0,0,0,53,0,0,3,0,0,0,0,0,0,3,2,0,164,0,0,0,0,0,0,0,0,0,0,0,0,15720,0,8212,2886,576,152,352,66406,31,3,2,11316,8636,1237,0,0,0,0,0,0,0,0,0,0,0,0,0,0,0,0,60,0,0,5,0,0,21,0,0,0,0,0,0,0,0,0,0,0,427,0,0,0,0,0,0,0,2,0,0,10559,0,21,35149,0,0,3971,0,0,0
IL,17005,58930,0,0,12,57060,1,0,0,0,0,0,0,0,0,917,0,12741,0,10,0,0,0,0,0,0,0,574,212,0,0,0,0,0,0,0,0,0,0,0,0,0,0,0,0,0,0,33,0,0,1,0,0,0,0,0,0,0,0,0,0,0,0,2280,0,14262,5067,590,123,44,53945,0,0,0,37318,674,9,0,1,0,0,0,0,0,0,0,0,0,0,0,0,0,0,0,0,0,55,0,0,0,0,0,0,0,0,0,0,0,0,0,0,17,0,0,0,0,0,0,0,0,0,24,59002,0,12,69842,24,0,13713,10,0,0
IL,17007,79092,0,0,0,40753,0,0,0,37,0,0,0,0,0,2576,0,1,0,4,0,0,0,0,0,0,0,1493,185,0,0,0,1,0,3,0,0,0,0,0,0,0,38,0,0,0,0,0,1,0,7,0,0,0,0,0,0,0,0,0,7,0,0,619,0,8529,9601,2264,811,295,11350,20,2,1,22096,386,58,0,0,0,0,0,0,0,0,0,0,0,0,0,0,0,0,0,0,0,231,0,0,0,0,0,0,0,0,0,0,0,0,0,0,0,0,0,0,0,0,0,0,0,0,0,79323,0,0,40754,0,0,2808,4,0,0
IL,17009,36601,0,0,0,25396,0,0,0,0,4,0,0,0,0,967,0,73,0,12,0,0,0,0,0,0,0,729,298,0,0,0,0,0,12,0,0,0,0,0,0,0,0,0,0,0,0,44,0,0,46,0,0,0,0,0,0,0,0,0,29,0,0,1665,0,4006,4940,652,93,59,83097,0,0,0,33030,2212,2646,0,0,0,0,0,0,0,0,0,0,0,0,0,0,0,0,0,0,0,0,0,0,26,0,0,0,0,0,0,0,0,0,0,0,1,0,0,0,0,0,0,0,0,0,0,36602,0,0,25470,0,0,1040,12,0,0
IL,17011,286731,0,0,0,132009,0,0,0,171,1,0,1,0,1,3332,0,72,4,38,0,0,0,0,0,0,0,2342,23,0,0,0,14,0,7,0,0,0,0,0,0,0,57,0,0,0,0,0,4,0,10,0,0,0,0,0,0,0,0,0,62,0,0,4541,0,22796,11392,2622,677,154,49048,5,0,0,35848,6177,637,0,0,0,0,0,0,0,0,0,0,0,0,0,0,0,0,0,0,0,75,0,0,25,0,0,0,0,0,0,0,0,0,0,0,7,0,0,0,0,0,0,0,0,0,0,286813,0,0,132088,1,0,3479,38,0,0
IL,17013,17579,0,0,3,12242,0,0,0,0,4,0,0,0,0,440,0,1205,0,0,0,0,0,0,0,0,0,231,235,0,0,0,0,0,0,0,0,0,0,0,0,0,0,0,0,0,0,1,0,0,0,0,1,0,0,0,0,0,0,0,1,0,0,19490,0,8663,1590,135,27,37,73975,0,0,0,22658,16698,6343,0,0,0,0,0,0,0,0,0,0,0,0,0,0,0,0,0,0,0,1,0,0,0,0,0,0,0,0,0,0,0,0,0,0,1,0,0,0,0,0,0,0,0,0,0,17581,0,3,13448,0,0,1646,0,0,0
IL,17015,140874,0,0,1,31342,0,0,0,2,642,0,0,0,0,1265,0,24,27,8,0,0,0,0,0,0,0,1736,20,0,0,0,101,106,0,0,0,0,0,0,0,0,0,0,0,0,0,8,0,3,0,0,0,0,9,0,0,0,0,0,2,0,0,12675,0,9859,6127,966,278,130,34966,34,0,77,49066,4981,2600,0,0,0,0,0,0,0,0,0,0,0,0,0,0,0,0,0,0,0,1,0,0,175,0,0,0,0,0,0,0,0,0,0,0,0,0,0,0,0,0,0,0,0,0,0,140875,0,1,31366,0,0,1290,8,0,0
IL,17017,87884,0,0,1,48529,6,0,0,10,97,0,0,0,5,2074,0,180,22,11,0,0,0,0,0,0,0,542,138,0,0,0,1,0,0,0,0,0,0,0,0,0,0,0,0,0,0,16,0,0,448,0,0,0,0,0,0,0,0,0,41,0,0,5381,0,5225,6768,1528,302,100,42055,26,0,0,23958,11621,8483,0,0,0,0,0,0,0,0,0,0,0,0,0,0,0,0,0,0,0,1,0,0,125,0,0,0,0,0,0,0,0,0,0,0,3,0,0,0,0,0,0,0,0,0,0,87888,0,1,48712,0,0,2255,11,0,0
IL,17019,285762,0,0,4,237379,0,0,0,0,1,0,0,0,0,3081,0,383,0,54,0,0,0,0,0,0,0,796,497,0,1,0,0,38,0,0,0,0,0,0,0,0,0,0,0,0,0,15,3,0,27,0,0,0,0,0,0,0,0,0,0,0,0,1323,0,27329,34086,7428,2433,299,10906,0,0,10,25650,912,4,0,0,0,0,0,0,0,0,0,0,0,0,0,0,0,0,1,0,0,1,0,0,0,0,0,0,0,0,1,0,0,0,0,0,5,0,0,0,0,0,0,0,0,0,0,285768,0,5,237767,1,0,3465,54,0,0
IL,17021,203341,0,0,0,155112,6,0,0,0,66,0,0,0,0,1471,0,960,38,4,0,0,0,0,0,0,0,378,136,0,0,0,0,0,0,0,0,0,0,0,0,0,0,0,0,0,0,46,0,0,4,0,0,0,0,0,0,0,0,0,0,0,0,4505,0,20613,11489,1442,425,220,25936,0,0,0,28783,3050,26,0,0,0,0,0,0,0,0,0,0,0,0,0,0,0,0,0,0,0,1,0,0,0,0,0,0,0,0,0,0,0,0,0,0,0,0,0,0,0,0,0,0,0,0,0,203342,0,0,156072,0,0,2432,4,0,0
IL,17023,91467,0,0,30,87046,0,0,1,1,3,0,0,0,0,1629,0,3263,0,2,0,0,0,0,0,0,0,71,302,0,0,0,0,0,0,0,0,0,0,0,0,0,0,0,0,0,0,2,1,0,117,0,0,0,0,0,0,0,0,0,0,0,0,4598,0,16314,6028,736,152,324,75839,1,0,0,34643,465,54,0,0,0,0,0,0,0,0,0,0,0,0,0,0,0,0,0,0,0,11,0,0,0,0,0,0,0,0,0,0,0,0,0,0,66,0,0,0,0,0,0,0,0,0,0,91544,0,30,90375,0,0,4903,2,0,0
IL,17025,73532,0,2,94,72607,0,0,0,0,449,0,0,0,0,2899,0,17739,0,2,0,0,0,0,0,0,0,45,1075,0,10,0,0,2,0,0,0,3,0,0,0,0,0,0,0,0,0,5,10,0,53,0,0,0,0,0,0,0,0,0,0,0,0,915,0,17252,3502,497,153,66,63197,0,0,0,44594,1411,67,0,0,0,0,0,0,0,0,0,0,0,0,0,0,0,0,0,0,1,44,0,0,59,0,0,0,0,0,0,0,0,0,0,0,387,2,0,0,0,0,0,0,1,0,16,73963,0,94,90749,16,0,20682,2,0,0
IL,17027,75996,0,0,12,76701,1,0,0,0,0,0,0,0,0,600,0,22598,0,18,1,0,0,0,0,0,0,2921,86,0,0,0,0,0,0,0,0,0,0,0,0,0,0,0,0,0,0,54,0,0,8,0,0,0,0,0,0,0,36,0,0,0,0,21850,0,15585,10290,2334,473,79,30082,0,0,0,39387,21735,95,0,0,0,0,0,0,0,0,0,0,0,0,0,0,0,0,0,0,0,535,0,0,0,0,0,0,0,0,8,0,16,0,0,0,115,0,0,0,0,0,0,0,0,0,181,76662,0,20,99595,205,0,23733,18,0,0
IL,17029,117834,0,0,14,109257,0,0,0,1,7,0,0,0,0,2065,0,415,17,8,0,0,0,0,0,0,0,284,535,0,0,0,0,16,0,0,0,0,0,0,0,0,0,0,0,0,0,20,0,0,18,0,0,0,0,0,0,0,0,0,0,0,0,1707,0,13682,12941,2213,710,174,38404,0,0,0,25662,450,2,0,0,0,0,0,0,0,0,0,0,0,0,0,0,0,0,0,0,0,0,0,0,0,0,0,0,0,0,0,0,0,0,0,0,1,0,0,0,0,0,0,0,0,0,0,117835,0,14,109673,0,0,2480,8,0,0
IL,17031,3626,0,0,2,5082,1,0,0,8,0,0,4,0,0,269,0,0,0,25,0,0,0,0,0,0,0,68,13,0,0,0,0,0,0,0,0,0,0,0,0,0,0,0,0,0,0,0,12,0,7,0,0,0,0,0,0,0,0,0,0,0,0,10497,0,57924,218881,159505,84922,1346,32396,24,1610,1600,14205,20145,578,0,0,0,0,0,0,0,0,0,0,0,0,0,0,0,0,3,0,0,0,0,0,1,0,0,0,0,0,0,0,0,0,0,0,0,0,0,0,0,0,0,0,0,0,0,3626,0,2,5082,4,0,269,25,0,0
IL,17033,71638,0,0,31,80600,0,0,7,18,10,0,0,0,0,2137,0,6969,0,1,0,0,0,0,0,0,0,141,279,0,0,0,0,90,0,0,0,0,0,0,0,0,0,0,0,0,0,3,4,0,106,0,0,0,0,0,0,0,0,0,0,0,0,5675,0,18141,4269,718,277,108,61191,7,0,0,30880,1560,302,0,0,0,0,0,0,0,0,0,0,0,0,0,0,0,0,0,0,0,15,0,0,0,0,0,0,0,0,0,0,0,0,0,0,130,1,0,0,0,0,0,0,0,0,1,71783,0,31,87700,1,0,9121,1,0,0
IL,17035,67576,0,0,36,64716,0,0,0,0,5,0,0,0,0,1535,0,1104,1,1,0,0,0,0,0,0,0,355,266,0,21,0,0,28,0,0,0,0,0,0,0,0,0,0,0,0,0,11,0,0,20,0,0,0,0,0,0,0,0,0,0,0,0,1345,0,11889,3330,255,51,91,41124,0,0,0,28240,66,1,0,0,0,0,0,0,0,0,0,0,0,0,0,0,0,0,0,0,3,1,0,0,5,0,0,0,0,0,0,2,0,0,0,0,8,0,0,0,0,0,0,0,0,0,0,67585,0,38,65828,0,0,2642,1,0,0
IL,17037,233196,0,0,0,91716,0,0,0,267,0,0,0,0,0,6124,0,1,0,185,0,0,0,0,0,0,0,1579,152,0,0,0,34,0,2,0,0,0,0,0,0,0,276,0,0,0,0,0,9,0,13,0,0,0,0,0,0,0,0,0,4,0,0,943,0,13914,17468,5153,1629,541,10800,4,1,6,21564,544,21,0,0,0,0,0,0,0,0,0,0,0,0,0,0,0,0,0,0,0,0,0,0,0,0,0,0,0,0,0,0,0,0,0,0,1,0,0,0,0,0,0,0,0,0,0,233197,0,0,91718,0,0,6125,185,0,0
IL,17039,109265,0,0,0,91467,0,0,0,2,0,0,0,0,0,497,0,11,0,5,0,0,0,0,0,0,0,314,32,0,0,0,0,0,0,0,0,0,0,0,0,0,0,0,0,0,0,1,0,2,3,0,0,0,0,0,0,0,0,0,0,0,0,5440,0,7740,6801,1368,346,175,17086,0,0,0,18653,83,2,0,0,0,0,0,0,0,0,0,0,0,0,0,0,0,0,3,0,0,0,0,0,0,0,0,0,0,0,0,0,0,0,0,0,0,0,0,0,0,0,0,0,0,0,0,109265,0,0,91478,0,0,508,5,0,0
IL,17041,119624,0,0,4,102123,0,0,0,1,4,0,0,0,2,1371,0,440,12,23,0,0,0,0,0,0,0,624,348,0,0,0,0,1,0,0,0,0,0,0,0,0,0,0,0,0,0,61,0,0,12,0,0,0,0,0,0,0,0,0,0,0,0,670,0,9519,9535,1172,414,169,6735,0,0,0,13045,1223,1,0,0,0,0,0,0,0,0,0,0,0,0,0,0,0,0,0,0,0,0,0,0,1,0,0,0,0,0,2,0,0,0,0,0,3,0,0,0,0,0,0,0,0,0,3,119627,0,6,102569,5,0,1811,23,0,0
IL,17043,2403,0,0,0,1669,0,0,0,1,0,0,0,0,0,64,0,0,0,1,0,0,0,0,0,0,0,97,101,0,0,0,0,0,0,0,0,0,0,0,0,0,0,0,0,0,0,0,0,0,8,0,0,0,0,1,0,0,0,0,0,0,0,2866,0,34250,92904,37007,16150,236,14078,116,761,33,9574,2964,134,0,0,0,0,0,0,0,0,0,0,0,0,0,0,0,0,0,0,0,0,0,0,0,0,0,0,0,0,0,0,0,0,0,0,0,0,0,0,0,0,0,0,0,0,0,2403,0,0,1669,0,0,64,1,0,0
IL,17045,167373,0,0,7,141536,0,0,0,0,0,0,0,0,0,813,0,1354,0,4,0,0,0,0,0,0,0,366,186,0,0,0,0,3,0,0,0,0,0,0,0,0,0,0,0,0,0,0,0,0,4,0,0,0,0,0,0,0,0,0,0,0,0,539,0,17032,7226,625,205,91,34664,0,0,0,27422,21,1,0,0,0,0,0,0,0,0,0,0,0,0,0,0,0,0,0,0,0,2,0,0,0,0,0,0,0,0,0,0,0,0,0,0,3,0,0,0,0,0,0,0,0,0,2,167378,0,7,142895,2,0,2169,4,0,0
IL,17047,38077,0,0,150,37274,0,0,4,0,2,0,0,0,0,770,0,7450,0,0,0,0,1,0,0,0,0,10,380,0,0,0,0,0,0,0,0,0,0,0,0,0,0,0,0,0,0,0,0,0,101,0,0,0,0,0,0,0,0,0,0,0,0,422,0,8009,2068,213,75,16,19358,17,0,0,25815,1680,4,0,0,0,0,0,0,0,0,0,0,0,0,0,0,0,0,0,0,0,1,0,0,1,0,0,0,0,0,0,0,0,0,0,0,599,0,0,0,0,0,0,0,0,0,0,38677,0,150,45323,0,0,8221,0,0,0
IL,17049,80106,0,0,11,79454,0,0,0,0,59,0,0,0,1,3075,0,5472,8,3,0,0,0,0,0,0,0,515,832,0,2,0,0,0,0,0,0,0,0,0,0,0,0,0,0,0,0,52,0,0,31,0,0,0,0,0,0,0,0,0,0,0,0,1148,0,22306,6647,1533,752,166,67573,0,0,0,37335,9,1,0,0,0,0,0,0,0,0,0,0,0,0,0,0,0,0,0,0,0,25,0,0,7,0,0,0,0,0,0,14,0,0,0,0,2,0,0,0,0,0,0,0,0,0,1,80133,0,25,84929,1,0,8586,3,0,0
IL,17051,99701,0,1,3,119869,16,0,0,0,60,0,0,0,0,2070,0,8936,0,11,0,0,0,0,0,0,0,271,499,0,0,0,0,0,0,0,0,0,0,0,0,0,0,0,0,0,0,122,0,0,8,0,0,0,0,0,0,0,1,0,0,0,0,10555,0,29057,5780,963,244,115,124882,0,0,0,57170,3353,490,0,0,0,0,0,0,0,0,0,0,0,0,0,0,0,0,0,0,0,18,0,0,0,0,0,0,0,0,0,0,0,0,0,0,3,0,0,0,0,0,0,0,0,0,10,99722,0,3,128818,10,0,11024,11,0,0
IL,17053,148903,0,0,0,121643,0,0,0,0,0,0,0,0,0,4774,0,149,0,85,0,0,0,0,0,0,0,348,262,0,0,0,0,25,6,0,0,0,0,0,0,0,0,0,0,0,0,1,8,0,11,0,0,0,1,0,0,0,0,0,0,0,0,514,0,9984,9628,896,301,120,2154,0,1,6,11454,22,2,0,0,0,0,0,0,0,0,0,0,0,0,0,0,0,0,0,0,0,0,0,0,0,0,0,0,0,0,0,0,0,0,0,0,2,0,0,0,0,0,0,0,0,0,0,148905,0,0,121794,0,0,4923,85,0,0
IL,17055,36165,0,0,71,50516,0,0,1,0,0,0,0,0,0,246,0,16984,0,0,0,0,0,0,0,0,0,8,800,0,0,0,0,0,0,0,0,0,0,0,0,0,0,0,0,0,0,13,0,0,2875,0,0,0,0,0,0,0,0,0,0,0,0,15179,0,16896,10106,1647,293,104,62045,49,0,0,56007,5476,581,0,0,0,0,0,0,0,0,0,0,0,0,0,0,0,0,0,0,0,9,0,0,3,0,0,0,0,0,3,0,0,0,0,0,18,0,0,0,0,0,0,0,2,0,1,36192,0,74,67519,4,0,17239,0,0,0
IL,17057,128650,0,0,2,105641,1,0,0,29,256,0,0,0,0,1722,0,28,42,4,0,0,0,0,0,0,0,1387,808,0,0,0,0,4,8,0,0,0,0,0,0,0,0,0,0,0,0,3,0,0,1304,0,0,0,0,0,0,0,0,0,26,0,0,21059,0,16338,18294,2533,413,162,179876,4,0,0,73304,6769,5704,0,0,0,0,0,0,0,0,0,0,0,0,0,0,0,0,0,0,0,1,0,0,161,0,0,0,0,0,0,0,0,0,0,0,345,0,0,0,0,0,0,0,0,0,0,128996,0,2,106014,0,0,1751,4,0,0
IL,17059,70579,0,0,121,45885,0,0,0,0,0,0,0,0,0,375,0,10240,0,1,0,0,272,0,0,0,0,1,242,0,0,0,0,0,0,0,0,0,0,0,0,0,0,0,0,0,0,6,0,0,69,0,0,0,0,0,0,0,0,0,0,0,0,4210,0,8882,2622,260,67,118,44196,1109,2,0,15744,4869,285,0,0,0,0,0,0,0,0,0,0,0,0,0,0,0,0,0,0,0,0,0,0,0,0,0,0,0,0,0,2,0,0,0,0,35,0,0,0,0,0,0,0,0,0,0,70614,0,123,56160,0,0,10617,1,0,0
IL,17061,105199,0,0,87,89366,1,0,0,49,5,0,2,0,0,1695,0,2085,0,2,0,0,0,0,0,0,0,442,480,0,0,0,2,0,0,0,0,0,0,0,0,0,0,0,0,0,3,19,0,0,6,0,0,0,0,0,0,0,0,0,5,0,0,2958,0,11887,5991,590,134,80,74456,0,0,0,44122,7901,2069,0,0,0,0,0,0,0,0,0,0,0,0,0,0,0,0,0,0,0,5,0,0,0,0,0,0,0,0,0,0,0,0,0,0,18,0,0,0,0,0,0,0,0,0,0,105222,0,87,91469,2,0,3785,2,0,0
IL,17063,111241,0,0,0,79617,0,0,0,18,12,0,0,0,0,1478,0,1,0,15,0,0,0,0,0,0,0,576,73,0,0,0,0,0,0,0,0,0,0,0,0,0,0,0,0,0,0,0,30,0,52,0,0,0,0,0,0,0,1,0,0,0,0,8963,0,12084,11038,3012,1650,645,21772,0,8,0,20821,2321,34,0,0,0,0,0,0,0,0,0,0,0,0,0,0,0,0,0,0,0,0,0,0,0,0,0,0,0,0,0,0,0,0,0,0,0,0,0,0,0,0,0,0,0,0,0,111241,0,0,79618,0,0,1479,15,0,0
IL,17065,58998,0,0,286,64870,0,0,14,0,1,0,0,0,0,432,0,19281,0,0,0,0,0,0,0,0,0,6,554,0,0,0,0,4,0,0,0,1,0,0,0,0,0,0,0,0,0,10,0,0,341,0,0,0,0,0,0,0,0,0,0,0,0,877,0,13835,4229,275,54,64,56361,67,0,0,56023,95,13,0,0,0,0,0,0,0,0,0,0,0,0,0,0,0,0,0,0,0,1,0,0,16,0,0,0,0,0,14,3,0,0,0,0,2207,0,0,0,0,0,0,0,2,0,3,61206,0,303,86361,17,0,19717,0,0,0
IL,17067,157699,0,0,0,135710,1,0,0,0,2,0,0,0,0,3893,0,501,4,46,0,0,0,0,0,0,0,1000,598,0,0,0,0,0,3,0,0,0,0,0,0,0,0,0,0,0,0,103,1,0,86,0,0,0,0,0,0,0,0,0,54,0,0,12941,0,10533,17797,2974,347,224,93916,0,0,4,78295,3776,772,0,0,0,0,0,0,0,0,0,0,0,0,0,0,0,0,0,0,0,1,0,0,1,0,0,0,0,0,0,23,0,0,0,0,4,0,0,0,0,0,0,0,0,0,0,157704,0,23,136215,0,0,4418,46,0,0
IL,17069,1851,0,0,21,3575,0,0,0,0,0,0,0,0,0,5,0,334,0,0,0,0,0,0,0,0,0,1,432,0,0,0,0,0,0,0,0,0,0,0,0,0,0,0,0,0,0,1,0,0,10,0,0,0,0,0,0,0,0,0,0,0,0,2747,0,6097,758,152,78,497,75901,3606,17,2,19363,690,95,0,0,0,0,0,0,0,0,0,0,0,0,0,0,0,0,0,0,0,0,0,0,0,0,0,0,0,0,0,1,0,0,0,0,2,0,0,0,0,0,0,0,0,0,0,1853,0,22,3911,0,0,340,0,0,0
IL,17071,90916,0,0,7,58674,22,0,0,30,2,0,0,0,0,383,0,8,25,17,0,0,0,0,0,0,0,1053,50,0,0,0,40,1,0,0,0,0,0,0,0,0,0,0,0,0,0,4,10,0,150,0,0,0,0,0,0,0,0,0,34,0,0,11673,0,5944,7034,915,83,131,36802,834,1,0,26157,9057,2817,0,0,0,0,0,0,0,0,0,0,0,0,0,0,0,0,0,0,0,0,0,0,0,0,0,0,0,0,0,0,0,0,0,0,0,0,0,0,0,0,0,0,0,0,0,90916,0,7,58682,0,0,391,17,0,0
IL,17073,238162,0,0,0,157587,0,0,0,28,18,0,1,0,0,1389,0,16,114,25,0,0,0,0,0,0,0,3313,69,0,0,0,1,1,1,0,0,0,0,0,0,0,2,0,0,0,0,0,0,0,10,0,0,0,0,0,0,0,0,0,1340,0,0,2347,0,20523,15474,3537,1016,191,32657,10,0,0,47797,2364,377,0,0,0,0,0,0,0,0,0,0,0,0,0,0,0,0,0,0,0,9,0,0,2,0,0,0,0,0,0,0,0,0,0,0,0,0,0,0,0,0,0,0,0,0,0,238171,0,0,157603,1,0,1414,25,0,0
IL,17075,369788,0,0,1,232822,0,0,0,1,0,0,0,0,0,7977,0,405,0,209,0,0,0,0,0,0,0,976,624,0,0,0,0,145,8,0,0,0,0,0,0,0,0,0,0,0,0,36,75,0,53,0,0,0,0,0,0,0,0,0,0,0,0,2130,0,28465,17777,1929,432,288,17645,2,6,14,30186,3586,20,0,0,0,0,0,0,0,0,0,0,6,0,0,0,0,0,0,0,0,12,0,0,2,0,0,0,0,0,0,0,0,0,0,0,4,0,0,0,0,0,0,0,0,0,0,369804,0,1,233231,0,0,8394,209,0,0
IL,17077,31620,0,0,450,51803,0,0,0,0,0,0,0,0,0,293,0,18668,0,0,0,0,0,0,0,0,0,237,1136,0,0,0,0,0,0,0,0,0,0,0,1,0,0,0,0,0,0,70,0,0,65,0,2,0,0,0,0,0,0,0,0,0,0,15592,0,20355,12075,1611,267,190,150753,230,8,1,66177,13215,777,0,0,0,0,0,0,0,0,0,0,0,0,0,0,0,0,0,0,0,6,0,0,0,0,0,0,0,0,0,0,0,0,0,0,12,0,0,0,0,0,0,0,0,0,1,31638,0,450,70484,1,0,18967,0,0,0
IL,17079,93306,0,0,114,101904,0,0,0,0,69,0,0,0,0,3291,0,7194,0,2,0,0,0,0,0,0,0,181,731,0,3,0,0,0,0,0,0,0,0,0,0,0,0,0,0,0,0,16,2,0,32,0,0,0,0,0,0,0,0,0,0,0,0,3629,0,16430,2864,438,115,155,49180,0,0,0,38326,333,8,0,0,0,0,0,0,0,0,0,0,0,0,0,0,0,0,0,0,0,6,0,0,5,0,0,0,0,0,0,8,0,0,0,0,293,0,0,0,0,0,0,0,0,0,92,93605,0,122,109483,92,0,10499,2,0,0
IL,17081,41489,0,0,168,63284,0,0,19,0,0,0,0,0,0,751,0,19590,0,0,0,0,0,0,0,0,0,149,2810,0,2,0,0,1,0,0,0,0,0,0,0,0,0,0,0,0,0,48,1,0,228,0,0,0,0,0,0,0,1,0,0,0,0,13090,0,24063,10183,1987,685,111,98780,9,0,0,90917,4636,158,0,0,0,0,0,0,0,0,0,0,0,0,0,0,0,0,0,0,0,5,0,0,167,0,0,0,0,0,2,0,0,0,0,0,24,0,0,0,0,0,0,0,31,0,185,41518,0,170,83083,187,0,20346,0,0,0
IL,17083,61025,0,0,2,43476,0,0,0,0,1,0,0,0,0,730,0,2180,0,0,0,0,0,0,0,0,0,382,108,0,0,0,0,0,0,0,0,0,0,0,0,0,0,0,0,0,67,14,0,0,1,0,0,0,0,0,0,0,0,0,1,0,0,5297,0,11393,4751,757,279,60,78056,0,0,0,27227,4184,1300,0,0,0,0,0,0,0,0,0,0,0,0,0,0,0,0,0,0,0,0,0,0,0,0,0,0,0,0,0,0,0,0,0,0,0,0,0,0,0,0,0,0,0,0,0,61025,0,2,45656,0,0,2910,0,0,0
IL,17085,83131,0,0,0,26966,0,0,0,4,0,0,0,0,0,1406,0,3,10,17,0,0,0,0,0,0,0,4670,162,0,0,0,0,4,0,0,0,0,0,0,0,0,0,0,0,0,0,5,3,44,0,0,0,0,12,0,0,0,0,0,2,0,0,11582,0,16832,6181,759,180,153,79807,688,1,622,154116,7225,1352,0,0,0,0,0,0,0,0,0,0,0,0,0,0,0,0,0,0,0,3,25,0,1,0,0,0,0,0,0,0,0,0,0,0,0,0,0,0,0,0,0,0,0,0,0,83159,0,0,26969,0,0,1412,42,0,0
IL,17087,5571,0,0,32,12156,0,0,0,0,0,0,0,0,0,101,0,1990,0,0,0,0,0,0,0,0,0,3,2075,0,0,0,0,0,0,0,0,1,0,0,0,0,0,67,0,0,0,24,0,0,146,0,0,0,0,0,0,0,0,0,0,0,0,3164,0,10901,5575,343,32,215,113540,2384,2,0,59799,3210,1939,0,0,0,0,0,0,0,0,0,0,0,0,0,0,0,0,1,0,0,2,0,0,0,0,0,0,0,0,1,0,0,0,0,0,0,0,0,0,0,0,0,0,0,0,0,5573,0,33,14146,1,0,2093,0,0,0
IL,17089,90033,0,0,3,43891,0,0,0,140,0,0,0,0,0,2975,0,1,0,58,0,0,0,0,0,0,0,1631,740,0,0,0,0,0,2,0,0,0,0,0,0,0,1,0,0,0,0,0,158,0,30,0,0,0,0,1,0,0,0,0,0,0,0,4298,0,31813,58585,19823,6861,1692,23363,6,250,86,47974,941,128,0,0,0,0,0,0,0,0,0,0,0,0,0,0,0,0,2,0,0,0,0,0,0,0,0,0,0,0,0,0,0,0,0,0,0,0,0,0,0,0,0,0,0,0,0,90033,0,3,43892,0,0,2976,58,0,0
IL,17091,209719,0,0,1,112541,0,0,0,6,0,0,0,0,0,6638,0,8,0,217,0,0,0,0,0,0,0,853,166,0,0,0,0,2724,403,0,0,0,2,0,0,0,0,0,0,0,0,0,496,0,145,0,0,0,0,4,0,0,0,0,0,0,0,3772,0,13205,25614,4437,1763,953,18960,4,79,112,30403,2765,37,0,0,0,0,0,0,0,0,0,0,63,0,0,0,0,0,19,0,0,0,0,0,1,0,0,0,0,0,0,0,0,0,0,0,1,0,4,0,0,0,0,0,0,0,0,209720,0,1,112550,0,0,6646,217,0,0
IL,17093,87371,0,0,0,49005,0,0,0,16,0,0,0,0,0,1755,0,5,0,16,0,0,0,0,0,0,0,710,38,0,0,0,0,0,0,0,0,0,0,0,0,0,0,0,0,0,0,0,567,0,16,0,0,0,0,0,0,0,0,0,0,0,0,2100,0,11848,13839,4055,1312,1544,11892,1,1,2,20028,182,20,0,0,0,0,0,0,0,0,0,0,0,0,0,0,0,0,0,0,0,0,0,0,0,0,0,0,0,0,0,0,0,0,0,0,0,0,0,0,0,0,0,0,0,0,0,87371,0,0,49010,0,0,1760,16,0,0
IL,17095,153263,0,0,0,117030,0,0,0,0,0,0,0,0,0,988,0,10,5,4,0,0,0,0,0,0,0,2132,155,0,0,0,0,0,10,0,0,0,0,0,0,0,0,0,0,0,0,0,0,0,0,0,0,0,0,0,0,0,0,0,25,0,0,4058,0,16554,16649,3854,1352,161,86113,0,0,0,57872,313,42,0,0,0,0,0,0,0,0,0,0,0,0,0,0,0,0,0,0,0,0,0,0,1,0,0,0,0,0,0,0,0,0,0,0,68,0,0,0,0,0,0,0,0,0,0,153331,0,0,117108,0,0,998,4,0,0
IL,17097,10129,0,0,0,8229,0,0,0,115,0,0,0,0,0,1753,0,0,0,12,0,0,0,0,0,0,0,451,144,0,0,0,0,0,4,0,0,0,0,0,0,0,0,0,0,0,0,0,10,0,2,0,0,0,0,0,0,0,0,0,0,0,0,17451,0,55660,75609,26670,10140,1078,42019,43,905,377,30565,12482,7565,0,0,0,0,0,0,0,0,0,0,0,0,0,0,0,0,0,0,0,0,0,0,0,0,0,0,0,0,0,0,0,0,0,0,0,0,0,0,0,0,0,0,0,0,0,10129,0,0,8229,0,0,1753,12,0,0
IL,17099,314314,0,0,0,225376,0,0,0,546,2,0,1,0,40,5444,0,190,2,29,0,0,0,0,0,0,0,2491,48,0,0,0,62,0,129,0,0,0,0,0,0,0,286,0,0,0,0,0,15,0,56,0,0,0,0,0,0,0,0,0,9,0,0,11187,0,27735,32016,7222,2752,1790,49513,1,2,0,50434,2911,172,0,0,0,0,0,0,0,0,0,0,0,0,0,0,0,0,0,0,0,1,0,0,33,0,0,0,0,0,0,0,0,0,0,0,5,0,0,0,0,0,0,0,0,0,0,314320,0,0,225571,1,0,5635,29,0,0
IL,17101,62845,0,0,41,66624,0,0,1,580,56,0,0,0,0,923,0,15351,0,6,0,0,0,0,0,0,0,5,201,0,0,0,0,338,0,0,0,0,215,0,0,0,0,0,0,0,0,2,1,0,71,0,0,0,0,0,0,0,0,0,0,0,0,5606,0,17875,4157,623,109,112,40365,2,0,1,21448,1418,190,0,0,0,0,0,0,0,0,0,0,0,0,0,0,0,0,0,0,0,4,0,0,3,0,0,0,0,0,0,0,0,0,0,0,142,10,0,0,0,0,0,0,0,0,7,62991,0,41,82124,7,0,16278,6,0,0
IL,17103,276392,0,0,0,92845,0,0,0,399,0,0,0,0,0,2722,0,8,6,10,0,0,0,0,0,0,0,1503,26,0,0,0,35,0,78,0,0,0,0,0,0,0,420,0,0,0,0,0,12,0,7,0,0,0,0,0,0,0,0,0,22,0,0,3032,0,18931,11862,3039,865,240,27389,175,1,1,26275,367,58,0,0,0,0,0,0,0,0,0,0,0,0,0,0,0,0,0,0,0,1,0,0,16,0,0,0,0,0,0,0,0,0,0,0,0,0,0,0,0,0,0,0,0,0,0,276393,0,0,92853,0,0,2731,10,0,0
IL,17105,304728,0,0,0,263891,0,0,0,16,0,0,0,0,1,9311,0,13,0,30,0,0,0,0,0,0,0,1469,25,0,0,0,0,6,7,0,0,0,0,0,0,0,0,0,0,0,0,0,46,0,13,0,0,0,0,0,0,0,0,0,0,0,0,2972,0,19148,21392,3383,760,938,11183,0,0,1,29912,33,9,0,0,0,0,0,0,0,0,0,0,0,0,0,0,0,0,0,0,0,0,0,0,1,0,0,0,0,0,0,0,0,0,0,0,4,0,0,0,0,0,0,0,0,0,0,304732,0,0,263908,0,0,9324,30,0,0
IL,17107,200196,0,0,0,126644,0,0,0,9,15,0,0,0,1,1491,0,104,14,8,0,0,0,0,0,0,0,424,55,0,0,0,13,0,0,0,0,0,0,0,0,0,1,0,0,0,0,50,0,0,82,0,0,0,0,0,0,0,0,0,4,0,0,1900,0,14499,11330,1883,474,93,12129,0,0,0,23817,889,4,0,0,0,0,0,0,0,0,0,0,0,0,0,0,0,0,0,0,0,0,0,0,30,0,0,0,0,0,0,0,0,0,0,0,1,0,8,0,0,0,0,0,0,0,0,200197,0,0,126749,0,0,1595,8,0,0
IL,17109,137131,0,0,0,105643,0,0,0,0,0,0,0,0,0,1008,0,86,44,20,0,0,0,0,0,0,0,903,463,0,0,0,0,0,1,0,0,0,0,0,0,0,0,0,0,0,0,15,0,0,11,0,0,0,0,0,0,0,0,0,9,0,0,1033,0,9709,11771,2408,564,223,58539,0,0,0,47117,856,68,0,0,0,0,0,0,0,0,0,0,0,0,0,0,0,0,0,0,0,0,0,0,0,0,0,0,0,0,0,0,0,0,0,0,0,0,0,0,0,0,0,0,0,0,0,137131,0,0,105729,0,0,1094,20,0,0
IL,17111,102423,0,0,3,47495,0,0,0,1013,0,0,0,0,0,5652,0,2,0,73,0,0,0,0,0,0,0,2365,346,0,0,0,2,0,4,0,0,0,0,0,0,0,14,0,0,0,0,1,13,0,40,0,0,0,0,0,0,0,0,0,1,0,0,7646,0,28570,43335,9365,3246,1869,47998,63,761,132,82384,4733,1428,0,0,0,0,0,0,0,0,0,0,0,0,0,0,0,0,0,0,0,35,0,0,0,0,0,0,0,0,0,0,0,0,0,0,0,0,0,0,0,0,0,0,0,0,0,102458,0,3,47497,0,0,5689,73,0,0
IL,17113,329355,0,0,2,285528,0,0,0,20,0,0,0,0,0,2792,0,284,0,24,0,0,0,0,0,0,0,956,83,0,0,0,5,0,0,0,0,0,0,0,0,0,0,0,0,0,0,7,24,0,9,0,0,0,0,1,0,0,0,0,0,0,0,2916,0,29279,31646,11238,3317,608,20731,0,0,0,40195,13,18,0,0,0,0,0,0,0,0,0,0,0,0,0,0,0,0,0,0,0,0,0,0,117,0,0,0,0,0,0,8,0,0,0,0,1,0,0,0,0,0,0,0,0,0,0,329356,0,10,285813,0,0,3084,24,0,0
IL,17115,154556,0,0,0,121671,0,0,0,14,0,0,0,0,0,1116,0,98,0,1,0,0,0,0,0,0,0,215,28,0,0,0,0,0,0,0,0,0,0,0,0,0,0,0,0,0,0,2,0,0,0,0,0,0,0,0,0,0,0,0,0,0,0,4032,0,19980,24337,6583,3295,163,18204,0,0,0,19498,855,3,0,0,0,0,0,0,0,0,0,0,0,0,0,0,0,0,0,0,0,0,0,0,0,0,0,0,0,0,0,0,0,0,0,0,0,0,0,0,0,0,0,0,0,0,0,154556,0,0,121769,0,0,1214,1,0,0
IL,17117,175850,0,0,8,137214,0,0,0,8,1,0,0,0,1,2665,0,6150,0,1,0,0,0,0,0,0,0,1141,420,0,0,0,13,0,0,0,0,0,0,0,0,0,0,0,0,0,4,211,0,0,9,0,0,0,6,0,0,0,0,0,0,0,0,4508,0,25821,14954,2273,604,310,127033,0,0,0,55687,299,61,0,0,0,0,0,0,0,0,0,0,0,0,0,0,0,0,0,0,0,8,0,0,0,0,0,0,0,0,0,6,0,0,0,0,54,0,0,0,0,0,0,0,0,0,3,175912,0,14,143421,3,0,8829,1,0,0
IL,17119,94114,0,0,220,89040,1,0,0,21,0,0,0,0,0,1993,0,17699,4,2,0,0,0,0,0,0,0,1538,115,0,0,0,0,0,0,0,0,0,0,0,0,0,0,1,0,0,254,112,7,0,14,0,0,0,5,0,0,0,0,0,0,0,0,13635,0,43638,41146,13532,6537,713,81216,2,5,0,56382,10817,1077,0,0,0,0,0,0,0,0,0,0,0,0,0,0,0,0,0,0,0,14,0,0,5,0,0,0,0,0,0,6,0,0,0,0,12,0,1,0,0,0,0,0,0,0,53,94140,0,226,106804,53,0,19712,2,0,0
IL,17121,69324,0,0,172,70814,2,0,0,0,16,0,0,0,0,1104,0,13004,0,2,0,0,0,0,0,0,0,46,912,0,0,0,0,0,0,0,0,0,0,0,0,0,0,0,0,0,12,106,1,0,22,0,0,0,0,0,0,0,0,0,0,0,0,2774,0,22264,9154,1862,713,84,101521,2,1,0,74302,140,2,0,0,0,0,0,0,0,0,0,0,0,0,0,0,0,0,0,0,0,4,0,0,14,0,0,0,0,0,0,0,0,0,0,0,62,0,0,0,0,0,0,0,0,0,39,69390,0,172,83919,39,0,14112,2,0,0
IL,17123,102415,0,0,0,72721,0,0,0,651,0,0,0,0,0,724,0,1,14,1,0,0,0,0,0,0,0,1205,3,0,0,0,12,0,0,0,0,0,0,0,0,0,9,0,0,0,0,0,2,0,8,0,0,0,0,1,0,0,0,0,9,0,0,8101,0,8050,6732,847,239,106,28565,0,0,0,19302,4770,575,0,0,0,0,0,0,0,0,0,0,0,0,0,0,0,0,0,0,0,0,0,0,20,0,0,0,0,0,0,0,0,0,0,0,4,0,0,0,0,0,0,0,0,0,0,102419,0,0,72726,0,0,725,1,0,0
IL,17125,150631,0,0,11,70446,0,0,0,1416,18076,0,0,0,0,2170,0,1590,588,30,11,0,0,0,0,0,0,626,117,0,0,0,284,469,2,0,0,0,0,0,0,0,0,0,0,0,0,8,2,0,273,0,0,0,0,50,0,0,0,0,35,0,0,14920,0,10475,9063,1141,232,135,33844,532,0,0,19557,12155,9839,0,0,0,0,0,0,0,0,0,0,0,0,0,0,0,0,0,0,0,1,0,0,1539,0,0,0,0,0,0,0,0,0,0,0,4,0,287,0,0,0,0,0,0,0,0,150636,0,11,72040,0,0,3761,30,0,0
IL,17127,20868,0,4,112,26036,0,0,0,0,0,0,0,0,0,57,0,5296,0,0,0,0,0,0,0,0,0,7,1545,0,0,0,0,0,0,0,0,0,0,0,0,0,0,10,0,0,0,1,0,0,140,0,0,0,0,0,0,0,0,0,0,0,0,2847,0,9609,3039,610,272,81,43974,462,0,0,37557,1817,552,0,0,0,0,0,0,0,0,0,0,0,0,0,0,0,0,0,0,0,6,0,0,9,0,0,0,0,0,1,14,0,0,0,1,37,0,0,0,0,0,0,0,0,0,1,20911,0,127,31371,2,0,5373,1,0,0
IL,17129,80388,0,0,3,58897,0,0,0,16,74,0,0,0,0,1264,0,132,30,15,0,0,0,0,0,0,0,559,94,0,0,0,25,0,0,0,0,0,0,0,0,0,0,0,0,0,0,8,0,0,23,0,0,0,0,0,0,0,0,0,4,0,0,1550,0,7124,5210,651,137,64,22359,0,0,0,22089,939,31,0,0,0,0,0,0,0,0,0,0,0,0,0,0,0,0,0,0,0,9,0,0,30,0,0,0,0,0,0,0,0,0,0,0,23,0,95,0,0,0,0,0,0,0,0,80420,0,3,59052,0,0,1405,15,0,0
IL,17131,142003,0,0,0,95861,4,0,0,0,0,0,0,0,0,535,0,6,40,46,0,0,0,0,0,0,0,2470,112,0,0,0,0,0,2,0,0,0,0,0,0,0,0,0,0,0,0,0,0,0,4,0,0,0,0,0,0,0,2,0,197,0,0,5863,0,10930,7898,675,191,58,43614,6,0,1,47225,5573,723,0,0,0,0,0,0,0,0,0,0,0,0,0,0,0,0,0,0,0,1,0,0,0,0,0,0,0,0,0,0,0,0,0,0,1,0,0,0,0,0,0,0,0,0,0,142005,0,0,95868,0,0,542,46,0,0
IL,17133,44890,0,0,51,45015,0,0,0,22,1,0,2,0,0,1948,0,19172,0,0,0,0,0,0,0,0,0,505,192,0,0,0,0,0,0,0,0,0,0,0,0,0,0,2,0,0,46,24,39,0,116,0,0,0,7,0,0,0,0,0,0,0,0,8361,0,5882,11473,2928,356,453,62748,6,53,0,40217,5407,4169,0,0,0,0,0,0,0,0,0,0,0,0,0,0,0,0,1,0,0,191,11,0,2,0,0,0,0,0,0,298,0,0,0,0,12,0,14,0,0,0,0,0,0,0,0,45104,0,349,64199,2,0,21609,11,0,0
IL,17135,158063,0,0,7,132488,0,0,0,0,3,0,0,0,1,2705,0,8013,0,1,0,0,0,0,0,0,0,290,325,0,0,0,16,0,0,0,0,0,0,0,0,0,0,0,0,0,0,77,0,0,33,0,0,0,0,0,0,0,0,0,0,0,0,5248,0,21633,12309,1735,386,248,65520,0,0,0,44934,6,11,0,0,0,0,0,0,0,0,0,0,0,0,0,0,0,0,0,0,0,126,0,0,0,0,0,0,0,0,0,0,0,0,0,0,10,0,0,0,0,0,0,0,0,0,9,158199,0,7,140520,9,0,10844,1,0,0
IL,17137,137888,0,0,1,99307,0,0,0,19,5,0,0,0,0,1637,0,925,8,10,0,0,0,0,0,0,0,464,414,0,0,0,4,0,0,0,0,0,0,0,0,0,0,0,0,0,0,36,0,0,142,0,0,0,0,0,0,0,0,0,12,0,0,2910,0,9848,13497,4204,713,124,51144,0,0,0,38745,1822,2294,0,0,0,0,0,0,0,0,0,0,0,0,0,0,0,0,0,0,0,2,0,0,3,0,0,0,0,0,0,7,0,0,0,0,59,0,0,0,0,0,0,0,0,0,0,137949,0,8,100291,0,0,2571,10,0,0
IL,17139,92758,0,0,2,74654,2,0,0,0,1,0,0,0,0,962,0,171,1,1,0,0,0,0,0,0,0,380,134,0,0,0,0,37,0,0,0,0,0,0,0,0,0,0,0,0,0,37,0,0,16,0,0,0,0,0,0,0,0,0,0,0,0,6418,0,6787,6704,671,199,63,16396,0,0,0,13997,40,1,0,0,0,0,0,0,0,0,0,0,0,0,0,0,0,0,0,0,0,1,0,0,27,0,0,0,0,0,0,0,0,0,0,0,0,0,0,0,0,0,0,0,0,0,0,92759,0,2,74825,0,0,1134,1,0,0
IL,17141,253685,0,0,0,77854,0,0,0,467,21,0,0,0,11,4890,0,13,1,15,0,0,0,0,0,0,0,3024,292,0,0,0,42,0,243,0,0,0,0,0,0,0,195,0,0,0,0,0,63,0,3,0,0,0,0,0,0,0,0,0,7,0,0,3340,0,19700,13887,3210,1431,501,52743,277,2,17,51408,969,101,0,0,0,0,0,0,0,0,0,0,0,0,0,0,0,0,0,0,0,1,0,0,0,0,0,0,0,0,0,0,0,0,0,0,0,0,0,0,0,0,0,0,0,0,0,253686,0,0,77867,0,0,4904,15,0,0
IL,17143,103376,0,0,0,80618,0,0,0,725,2,0,1,0,0,1244,0,63,19,6,0,0,0,0,0,0,0,1556,82,0,0,0,151,0,5,0,0,0,0,0,0,0,11,0,0,0,0,0,31,0,60,0,0,0,0,13,0,0,0,0,20,0,0,9923,0,19967,25194,12287,3768,491,96234,1,0,0,41704,4117,362,0,0,0,0,0,0,0,0,0,0,0,0,0,0,0,0,0,0,0,461,0,0,1000,0,0,0,0,0,0,0,0,0,0,0,33,0,32,0,0,0,0,0,0,0,0,103870,0,0,80714,1,0,1768,6,0,0
IL,17145,42022,0,1,56,51754,0,0,0,0,0,0,0,0,0,1125,0,25213,0,1,0,0,0,0,0,0,0,600,534,0,0,0,0,0,0,0,0,0,0,0,1,0,3,0,0,0,0,54,0,0,14,0,0,0,0,0,0,0,0,0,0,0,0,9232,0,14108,6800,863,141,130,66070,2,0,0,63528,3461,168,0,0,0,0,0,0,0,0,0,0,0,0,0,0,0,0,0,0,0,18,0,0,0,0,0,0,0,0,0,0,0,0,0,0,18,0,0,0,0,0,0,0,0,0,31,42058,0,56,77016,31,0,26356,1,0,0
IL,17147,134234,0,0,0,105920,0,0,0,4,0,0,0,0,0,1781,0,31,1,4,0,0,0,0,0,0,0,250,87,0,0,0,0,2,0,0,0,0,0,0,0,0,0,0,0,0,0,3,0,0,3,0,0,0,0,0,0,0,0,0,0,0,0,378,0,10163,7692,1054,211,62,8040,0,0,0,10943,914,0,0,0,0,0,0,0,0,0,0,0,0,0,0,0,0,0,0,0,0,0,0,0,0,0,0,0,0,0,0,0,0,0,0,0,8,0,0,0,0,0,0,0,0,0,0,134242,0,0,105959,0,0,1812,4,0,0
IL,17149,143377,0,0,1,95582,2,0,0,4,2,0,2,0,0,2707,0,1888,2,25,0,0,0,0,0,0,0,1977,163,0,0,0,0,9,1,0,0,0,0,0,0,0,0,0,0,0,0,66,0,0,358,0,0,0,0,0,0,0,0,0,42,0,0,11331,0,15190,13418,2408,322,215,147834,0,0,1,89435,12879,3988,0,0,0,0,0,0,0,0,0,0,0,0,0,0,0,0,0,0,0,2,0,0,44,0,0,0,0,0,0,0,0,0,0,0,0,0,0,0,0,0,0,0,0,0,0,143379,0,1,97470,2,0,4597,25,0,0
IL,17151,5841,0,1,14,11079,0,0,0,0,0,0,0,0,0,22,0,1180,0,0,0,0,0,0,0,0,0,4,1607,0,0,0,0,0,0,0,0,0,0,0,0,0,0,0,0,0,0,10,0,0,46,0,0,0,0,0,0,0,0,0,0,0,0,3446,0,8657,940,93,25,14,149048,16342,46,1,39027,1648,633,0,0,0,0,0,0,0,0,0,0,0,0,0,0,0,0,0,0,0,0,0,0,0,0,0,0,0,0,2,42,0,0,0,0,2,0,0,0,0,0,0,0,0,0,0,5843,0,58,12261,2,0,1244,0,0,0
IL,17153,19852,0,2,14,27201,0,0,0,0,0,0,0,0,0,20,0,6291,0,1,0,0,0,0,0,0,0,6,187,0,0,0,0,1,0,0,0,29,0,0,0,0,0,0,0,0,0,2,0,0,480,0,0,0,0,0,0,0,0,0,0,0,0,3067,0,6341,3544,355,30,58,32914,35,0,0,24502,4518,653,0,0,0,0,0,0,0,0,0,0,0,0,0,0,0,0,6,0,0,0,0,0,18,0,0,0,0,0,1,0,0,0,0,0,1,0,0,0,0,0,0,0,0,0,0,19853,0,15,33493,1,0,6311,1,0,0
IL,17155,35466,0,0,0,22110,0,0,0,219,1,0,5,0,0,1021,0,4,1,2,0,0,0,0,0,0,0,277,5,0,0,0,11,0,3,0,0,0,0,0,0,0,14,0,0,0,0,0,1,0,5,0,0,0,0,0,0,0,0,0,5,0,0,9916,0,3927,3531,360,152,215,17295,1,0,0,10022,4472,1180,0,0,0,0,0,0,0,0,0,0,0,0,0,0,0,0,0,0,0,0,0,0,6,0,0,0,0,0,0,0,0,0,0,0,1,0,0,0,0,0,0,0,0,0,0,35467,0,0,22115,5,0,1025,2,0,0
IL,17157,49750,0,0,210,65693,0,0,0,1,196,0,0,0,0,900,0,28388,0,1,0,0,0,0,0,0,0,550,401,0,0,0,0,0,0,0,0,0,0,0,0,0,0,0,0,0,4,165,0,0,48,0,0,0,0,0,0,0,2,0,0,0,0,19248,0,15855,11345,1619,277,466,96112,9,9,9,86063,3588,1596,0,0,0,0,0,0,0,0,0,0,0,0,0,0,0,0,0,0,0,32,2,0,0,0,0,0,0,0,0,109,0,0,0,0,1,0,1,0,0,0,0,0,0,0,1,49785,0,319,94083,1,0,29429,3,0,0
IL,17159,62007,0,0,31,68061,0,0,0,0,24,0,0,0,0,2830,0,12797,0,1,0,0,0,0,0,0,0,14,294,0,0,0,0,0,0,0,0,0,0,0,0,0,0,0,0,0,0,15,3,0,37,0,0,0,0,0,0,0,0,0,0,0,0,1525,0,14678,3241,481,201,61,36268,2,0,0,27242,1639,12,0,0,0,0,0,0,0,0,0,0,0,0,0,0,0,0,0,0,0,18,0,0,3,0,0,0,0,0,0,0,0,0,0,0,181,1,0,0,0,0,0,0,0,0,17,62206,0,31,81056,17,0,15645,1,0,0
IL,17161,70100,0,0,0,45922,0,0,0,4,0,0,2,0,0,487,0,36,24,19,0,0,0,0,0,0,0,1697,12,0,0,0,14,754,12,0,0,0,0,0,0,0,0,0,0,0,0,0,0,0,1,0,0,0,0,0,0,0,0,0,104,0,0,16746,0,16519,19914,10464,5215,167,50363,33,0,2,39104,10190,958,0,0,0,0,0,0,0,0,0,0,0,0,0,0,0,0,0,0,0,0,0,0,2,0,0,0,0,0,0,0,0,0,0,0,0,0,0,0,0,0,0,0,0,0,0,70100,0,0,45958,2,0,523,19,0,0
IL,17163,79487,0,0,70,83955,0,0,0,10,1,0,10,0,0,1915,0,20209,1,1,0,0,0,0,0,0,0,584,173,0,0,0,0,0,0,0,0,0,0,0,0,0,0,6,0,0,45,17,0,0,43,0,4,2,1,0,0,0,0,0,0,0,0,10240,0,36032,42825,14071,5029,1162,61960,9,29,1,55660,16575,1188,0,0,0,0,0,0,0,0,0,0,0,0,0,0,0,0,1,0,0,11,1,0,6,0,0,0,0,0,0,12,0,0,0,0,26,0,2,0,0,0,0,0,0,0,0,79525,0,82,104190,10,0,22147,2,0,0
IL,17165,47780,0,1,130,47232,0,0,0,0,6,0,0,0,0,240,0,4173,0,0,0,0,0,0,0,0,0,14,934,0,0,0,0,0,0,0,0,1,0,0,0,0,0,1,0,0,0,8,0,0,592,0,0,0,0,0,0,0,0,0,0,0,0,5112,0,14713,5408,947,277,364,68650,2209,3,0,47508,1027,286,0,0,0,0,0,0,0,0,0,0,0,0,0,0,0,0,0,0,0,2,0,0,1,0,0,0,0,0,1,3,0,0,0,0,15,0,0,0,0,0,0,0,1,0,28,47797,0,134,51448,29,0,4418,0,0,0
IL,17167,230498,0,0,1,139655,4,0,0,26,2,0,2,0,0,1164,0,463,14,12,0,0,0,0,0,0,0,799,795,0,0,0,48,0,0,0,0,0,0,0,0,0,0,0,0,0,0,89,7,1,22,0,0,0,2,0,0,0,0,0,3,0,0,6995,0,26222,34259,15238,3730,291,44695,1,0,0,52168,3580,273,0,0,0,0,0,0,0,0,0,0,0,0,0,0,0,0,0,0,0,0,0,0,1,0,0,0,0,0,0,4,0,0,0,0,41,0,179,0,0,0,0,0,0,0,1,230539,0,5,140160,3,0,1631,12,0,0
IL,17169,53823,0,0,0,46713,0,0,0,5,8,0,0,0,0,1781,0,211,6,13,0,0,0,0,0,0,0,1162,402,0,0,0,0,0,23,0,0,0,0,0,0,0,0,0,0,0,0,115,0,0,269,0,0,0,0,0,0,0,0,0,4,0,0,4004,0,6359,7786,1024,109,47,108567,0,0,0,42098,5025,2846,0,0,0,0,0,0,0,0,0,0,0,0,0,0,0,0,0,0,0,0,0,0,22,0,0,0,0,0,0,0,0,0,0,0,54,0,0,0,0,0,0,0,0,0,0,53877,0,0,46978,0,0,1992,13,0,0
IL,17171,49113,0,0,1,41725,4,0,0,2,234,0,0,0,0,1041,0,678,4,8,0,0,0,0,0,0,0,275,66,0,0,0,0,4,1,0,0,0,0,0,0,0,0,0,0,0,0,11,1,0,92,0,0,0,0,0,0,0,0,0,22,0,0,1793,0,3558,5036,1084,95,60,31499,0,0,0,20626,2386,2342,0,0,0,0,0,0,0,0,0,0,0,0,0,0,0,0,0,0,0,1,0,0,0,0,0,0,0,0,0,0,0,0,0,0,4,0,0,0,0,0,0,0,0,0,0,49118,0,1,42407,0,0,1720,8,0,0
IL,17173,170113,0,0,4,149575,4,0,0,0,5,0,0,0,6,3778,0,3951,5,8,0,0,0,0,0,0,0,586,420,0,0,0,0,1,0,0,0,0,0,0,0,0,0,0,0,0,0,68,0,0,7,0,0,0,0,0,0,0,0,0,0,0,0,6978,0,22735,6686,779,218,137,76168,0,0,0,49110,52,2,0,0,0,0,0,0,0,0,0,0,0,0,0,0,0,0,0,0,0,1,0,0,2,0,0,0,0,0,0,4,0,0,0,0,126,0,0,0,0,0,0,0,0,0,10,170240,0,8,153662,10,0,7734,8,0,0
IL,17175,87103,0,0,0,64129,0,0,0,16,0,0,0,0,0,274,0,0,3,2,0,0,0,0,0,0,0,574,14,0,0,0,1,0,0,0,0,0,0,0,0,0,2,0,0,0,0,0,0,0,0,0,0,0,0,0,0,0,0,0,13,0,0,367,0,6489,2402,209,92,30,9324,0,0,0,12576,4,2,0,0,0,0,0,0,0,0,0,0,0,0,0,0,0,0,0,0,0,0,0,0,452,0,0,0,0,0,0,0,0,0,0,0,452,0,0,0,0,0,0,0,0,0,0,87555,0,0,64581,0,0,274,2,0,0
IL,17177,164835,0,0,0,61130,0,0,0,0,2,0,0,0,0,3018,0,1,2,10,0,0,0,0,0,0,0,5883,44,0,0,0,1,1,3,0,0,0,0,0,0,0,0,0,0,0,0,21,9,7,1,0,0,0,1,0,0,0,0,0,8,0,0,850,0,15620,9525,2033,496,314,23071,68,3,112,72148,1313,1109,0,5,0,0,0,0,0,0,0,0,0,0,0,0,0,0,0,0,0,16,0,0,0,0,0,0,0,0,0,0,0,0,0,0,0,0,0,0,0,0,0,0,0,0,0,164851,0,0,61131,0,0,3035,10,0,0
IL,17179,153499,0,0,0,109351,0,0,0,217,1672,0,0,0,1,2781,0,341,161,16,1,0,0,0,0,0,0,1225,46,0,0,0,575,3,1,0,0,0,0,0,0,0,1,0,0,0,0,25,7,0,66,0,0,0,0,57,0,0,0,0,17,0,0,8686,0,20778,25276,7508,2895,419,41155,8,0,0,37490,3545,896,0,0,0,0,0,0,0,0,0,0,0,0,0,0,0,0,0,0,0,0,0,0,1924,0,0,0,0,0,0,0,0,0,0,0,20,0,416,0,0,0,0,0,0,0,0,153519,0,0,109712,0,0,3122,16,0,0
IL,17181,13484,0,11,26,20883,0,0,0,0,0,0,0,0,0,54,0,2748,0,4,0,0,0,0,0,0,0,32,820,0,0,0,0,0,0,0,0,1,0,0,24,0,0,0,0,0,0,7,0,0,228,0,0,4,0,0,0,0,0,0,0,0,0,7949,0,15810,5142,421,58,189,134224,711,1,0,60737,5645,906,0,0,0,0,0,0,0,0,0,0,0,0,0,0,0,0,19,0,0,2,0,0,0,0,0,0,0,0,0,0,0,0,0,2,4,0,0,0,0,0,0,0,0,0,0,13490,0,26,23637,0,0,2804,6,0,0
IL,17183,244620,0,0,3,184325,0,0,0,1,0,0,0,0,0,3918,0,458,0,48,0,0,0,0,0,0,0,350,257,0,0,0,0,7,0,0,0,0,0,0,0,0,0,0,0,0,0,18,4,0,15,0,0,0,0,0,0,0,0,0,0,0,0,3633,0,28324,20238,2337,1324,529,52979,0,0,2,33544,439,1,0,0,0,0,0,0,0,0,0,0,0,0,0,0,0,0,0,0,1,0,0,0,0,0,0,0,0,0,0,0,0,0,0,0,7,0,0,0,0,0,0,0,0,0,0,244627,0,3,184790,0,0,4376,48,0,0
IL,17185,44418,0,0,249,44789,0,0,0,2,0,0,0,0,0,317,0,7691,0,0,0,0,0,0,0,0,0,1,89,0,0,0,0,0,0,0,0,0,0,0,0,0,0,0,0,0,0,0,0,0,21,0,0,0,0,0,0,0,0,0,0,0,0,3924,0,8987,2613,455,106,67,18146,1,0,0,12252,932,107,0,0,0,0,0,0,0,0,0,0,0,0,0,0,0,0,0,0,0,1,0,0,0,0,0,0,0,0,0,0,0,0,0,0,546,0,0,0,0,0,0,0,0,0,1,44965,0,249,53027,1,0,8009,0,0,0
IL,17187,147649,0,0,0,110092,0,0,0,2,0,0,0,0,0,871,0,37,3,16,0,0,0,0,0,0,0,820,418,0,0,0,0,1,0,0,0,0,0,0,0,0,0,0,0,0,0,0,0,0,7,0,0,0,0,0,0,0,0,0,37,0,0,690,0,9004,10124,1683,322,173,31197,0,0,0,34393,65,10,0,0,0,0,0,0,0,0,0,0,0,0,0,0,0,0,0,0,0,0,0,0,0,0,0,0,0,0,0,0,0,0,0,0,0,0,0,0,0,0,0,0,0,0,0,147649,0,0,110129,0,0,908,16,0,0
IL,17189,85585,0,0,8,85522,0,0,0,0,0,0,0,0,0,1752,0,47237,0,11,22,0,0,0,0,0,0,2960,278,0,0,0,0,0,0,0,0,0,0,0,0,0,0,0,0,0,1,76,0,0,14,0,0,0,0,0,0,0,2,0,0,0,0,2360,0,16510,6761,1221,301,226,52143,0,0,0,48653,9053,20,0,0,0,0,0,0,0,0,0,0,0,0,0,0,0,0,0,0,0,83,0,0,0,0,0,0,0,0,0,0,30,0,0,0,244,0,0,0,0,0,0,0,0,0,155,85942,0,8,133158,185,0,49072,11,0,0
IL,17191,99713,0,0,723,124040,0,0,41,3,5,0,0,0,0,1550,0,20682,0,3,0,0,0,0,0,0,0,74,1282,0,11,0,0,5,0,0,0,0,0,0,0,0,0,0,0,0,0,14,1,0,495,0,0,0,0,0,0,0,0,0,0,0,2,3329,0,24807,6418,532,155,98,66170,5,0,0,94893,7395,131,0,0,0,0,0,0,0,0,0,0,0,0,0,0,0,0,0,0,0,3,0,0,582,0,0,0,0,0,0,74,0,0,0,0,4658,0,0,0,0,0,0,0,56,0,7,104374,0,797,149387,7,0,22309,3,0,0
IL,17193,90280,0,0,273,89346,0,0,101,7,0,0,0,0,0,243,0,19588,0,1,0,0,0,0,0,0,0,6,463,0,0,0,0,0,0,0,0,0,0,0,0,0,0,0,0,0,0,2,0,0,168,0,0,0,0,0,0,0,0,0,0,0,0,6168,0,20164,5249,540,171,68,48656,41,0,0,35134,2899,302,0,0,0,0,0,0,0,0,0,0,0,0,0,0,0,0,0,0,0,0,0,0,6,0,0,0,0,0,0,1,0,0,0,0,1292,0,0,0,0,0,0,0,0,0,3,91572,0,274,110229,3,0,19832,1,0,0
IL,17195,251573,0,0,1,69032,1,0,0,125,1,0,1,0,0,3341,0,42,120,20,0,0,0,0,0,0,0,1611,24,0,0,0,1,5,0,0,0,0,0,0,0,0,64,0,0,0,0,0,4,0,6,0,0,0,0,0,0,0,0,0,78,0,0,9573,0,16350,13047,3916,1529,268,29658,18,0,3,39450,5147,1016,0,0,0,0,0,0,0,0,0,0,0,0,0,0,0,0,0,0,0,8,0,0,10,0,0,0,0,0,0,0,0,0,0,0,0,0,0,0,0,0,0,0,0,0,0,251581,0,1,69074,1,0,3391,20,0,0
IL,17197,111175,0,0,2,92978,0,0,0,5,0,0,0,0,0,9683,0,3,0,489,0,0,0,0,0,0,0,1156,155,0,0,0,1,38,14,0,0,0,0,0,0,0,0,0,0,0,0,0,506,0,165,0,0,0,0,4,0,0,0,0,0,0,0,14732,0,40157,87733,33672,12889,5031,43771,14,1398,562,76826,10105,243,0,0,0,0,0,0,0,0,0,0,1,0,0,0,0,0,16,0,0,0,0,0,5,0,0,0,0,0,0,0,0,0,0,0,1,0,0,0,0,0,0,0,0,0,0,111176,0,2,92982,0,0,9686,489,0,0
IL,17199,16142,0,0,216,22164,0,0,0,0,0,0,0,0,0,354,0,3058,0,0,0,0,0,0,0,0,0,2,904,0,0,0,0,0,0,0,0,3,0,0,0,0,0,8,0,0,0,13,0,0,1018,0,0,0,0,0,0,0,0,0,0,0,0,15362,0,20540,13439,3262,652,161,113061,1967,0,0,70511,1186,342,0,0,0,0,0,0,0,0,0,0,0,0,0,0,0,0,1,0,0,3,0,0,25,0,0,0,0,0,1,0,0,0,0,1,3,0,0,0,0,0,0,0,3,0,0,16148,0,217,25226,1,0,3415,1,0,0
IL,17201,96426,0,0,0,44189,0,0,0,24,0,0,0,0,0,4900,0,2,1,30,0,0,0,0,0,0,0,2069,155,0,0,0,5,0,34,0,0,0,0,0,0,0,37,0,0,0,0,3,11,0,82,0,0,0,0,0,0,0,0,0,1,0,0,4263,0,26411,38200,14309,5755,578,36253,178,6,293,49508,5101,3466,0,0,0,0,0,0,0,0,0,0,0,0,0,0,0,0,0,0,0,9,0,0,0,0,0,0,0,0,0,0,0,0,0,0,0,0,0,0,0,0,0,0,0,0,0,96435,0,0,44191,0,0,4911,30,0,0
IL,17203,129120,0,0,0,108191,0,0,0,4,0,0,9,0,0,2353,0,5,4,4,0,0,0,0,0,0,0,1203,29,0,0,0,4,0,0,0,0,0,0,0,0,0,0,0,0,0,0,0,16,0,4,0,0,3,0,0,0,0,0,0,15,0,0,10812,0,12074,14620,2137,489,173,34879,0,0,0,28624,1890,463,0,0,0,0,0,0,0,0,0,0,0,0,0,0,0,0,0,0,0,1,0,0,173,0,0,0,0,0,0,0,0,0,0,0,2,0,0,0,0,0,0,0,0,0,0,129123,0,0,108198,9,0,2359,4,0,0
IN,18001,70276,0,0,83,75434,0,0,0,0,728,0,0,0,0,7979,0,16,1,113,0,0,0,0,0,0,0,3562,148,0,13,0,2,1,0,0,0,0,0,0,0,0,0,9,0,0,0,0,0,0,50,0,1,0,0,0,0,0,0,0,0,0,0,925,0,12727,3278,1015,507,75,13142,12,0,185,26643,266,327,0,0,0,0,0,0,0,0,0,0,0,0,0,0,0,0,0,0,0,0,0,0,0,0,0,0,0,0,0,0,0,0,0,0,0,0,0,0,0,0,0,0,0,0,39,70276,0,83,75489,39,0,7995,113,0,0
IN,18003,85802,0,0,2,96448,0,0,0,1,5,0,1,0,0,14885,0,1,6,73,0,0,0,0,0,0,0,3249,555,0,1,0,34,9,0,0,0,0,0,0,0,0,0,71,0,0,0,0,66,6,53,0,0,0,1,0,0,0,0,0,0,0,0,5576,0,48426,38997,12714,6230,414,40508,258,2,3324,60728,2178,1772,0,0,0,0,0,0,0,0,0,0,0,0,0,0,0,0,0,0,0,0,0,0,0,0,0,0,0,0,0,0,0,0,0,0,0,0,0,0,0,0,0,0,0,0,28,85802,0,2,96477,29,0,14886,73,0,0
IN,18005,64019,0,0,1,50782,0,0,0,0,28,0,3,0,0,383,0,8212,0,3,0,0,0,0,0,0,0,180,999,0,0,0,0,0,0,0,0,0,5,0,0,0,0,0,0,0,0,2,1,0,14,0,0,0,0,0,0,0,0,0,0,0,0,3065,0,16590,6108,2428,811,135,76414,397,0,103,31147,2,3,0,2,0,0,0,0,0,0,0,0,0,0,0,0,0,0,0,0,0,113,0,0,10,0,0,0,0,0,0,0,0,0,0,0,27,0,0,0,0,0,0,0,0,0,3,64159,0,1,59024,6,0,8708,3,0,0
IN,18007,136396,0,0,0,93103,0,0,0,0,883,0,0,0,0,2864,0,18,0,0,0,0,0,0,0,0,0,945,13,0,0,0,0,0,0,0,0,0,0,0,0,0,0,0,0,0,5,2,0,0,5,0,0,0,0,0,0,0,0,0,0,0,0,207,0,6395,6682,373,116,90,3290,0,0,0,8695,5,0,0,0,0,0,0,0,0,0,0,0,0,0,0,0,0,0,0,0,0,0,0,0,0,0,0,0,0,0,0,0,0,0,0,0,0,0,0,0,0,0,0,0,0,0,0,136396,0,0,93121,0,0,2882,0,0,0
IN,18009,34523,0,0,0,41867,0,0,0,0,139,0,0,0,0,1319,0,1,0,0,0,0,0,0,0,0,0,370,284,0,0,0,3,0,0,0,0,0,0,0,0,0,0,8,0,0,0,0,0,0,15,0,0,0,0,0,0,0,0,0,0,0,0,372,0,6528,1496,298,149,26,10285,5,0,287,7825,50,87,0,0,0,0,0,0,0,0,0,0,0,0,0,0,0,0,0,0,0,0,0,0,0,0,0,0,0,0,0,0,0,0,0,0,0,0,0,0,0,0,0,0,0,0,10,34523,0,0,41878,10,0,1320,0,0,0
IN,18011,101384,0,0,0,92845,0,0,0,0,192,0,0,0,0,3060,0,20,0,29,0,0,0,0,0,0,0,791,2175,0,0,0,0,4,0,0,0,0,0,0,0,0,0,4,0,0,3,0,37,0,24,0,0,0,0,0,0,0,0,0,0,0,0,963,0,18540,6071,1624,595,274,14297,6,0,68,27742,42,46,0,0,0,0,0,0,0,0,0,0,0,0,0,0,0,0,0,0,0,0,0,0,4,0,0,0,0,0,0,0,0,0,0,0,0,0,0,0,0,0,0,0,0,0,0,101384,0,0,92865,0,0,3080,29,0,0
IN,18013,1786,0,0,0,1516,0,0,0,0,0,0,0,0,0,18,0,88,0,0,0,0,0,0,0,0,0,124,220,0,0,0,0,0,0,0,0,0,0,0,0,0,0,0,0,0,0,0,0,0,5,0,0,0,0,0,0,0,0,0,0,0,0,3422,0,3677,208,110,22,4,173258,2577,1,616,14978,0,10,0,0,0,0,0,0,0,0,0,0,0,0,0,0,0,0,0,0,0,1,0,0,0,0,0,0,0,0,0,0,0,0,0,0,0,0,0,0,0,0,0,0,0,0,0,1787,0,0,1604,0,0,107,0,0,0
IN,18015,104821,0,0,1,66108,0,0,0,0,990,0,0,0,0,5757,0,116,12,1,0,0,0,0,0,0,0,798,203,0,0,0,0,2,0,0,0,0,0,0,0,0,0,168,0,0,40,0,4,0,108,0,0,0,0,0,0,0,0,0,0,0,0,2098,0,12212,2036,455,176,239,27737,2,0,25,15387,489,18,0,0,0,0,0,0,0,0,0,0,0,0,0,0,0,0,0,0,0,12,5,0,0,0,0,0,0,0,0,0,0,0,0,0,0,0,0,0,0,0,0,0,0,0,0,104838,0,1,66224,0,0,5885,6,0,0
IN,18017,107601,0,0,0,68379,0,0,0,0,113,1,0,0,0,4003,0,20,13,160,0,0,0,0,0,0,0,4138,142,0,0,0,0,10,0,0,0,0,18,0,0,0,0,290,0,0,10,15,3,0,247,0,0,0,0,1,0,0,0,0,0,0,0,1835,0,17352,3885,1192,486,411,31875,29,0,161,22754,181,84,0,0,0,0,0,0,0,0,0,0,2,0,0,0,0,0,0,0,0,4,0,0,121,0,0,0,0,0,0,0,0,0,0,0,0,0,0,0,0,0,0,0,0,0,0,107605,0,0,68399,0,0,4027,160,0,0
IN,18019,14152,0,0,0,20771,0,0,20,0,223,0,0,0,0,302,0,3127,11,30,0,0,0,0,0,0,0,202,1203,0,0,0,0,0,0,0,0,0,0,0,0,0,0,0,0,0,0,4,65,2,35,0,0,0,0,0,0,0,0,0,0,0,0,2080,0,18033,8125,4436,2445,840,109637,1709,1,27,52942,138,8,0,0,0,0,0,0,0,0,0,0,0,0,0,0,0,6,0,0,0,23,1,0,0,0,0,0,0,0,0,0,0,0,0,0,0,0,6,0,0,0,0,0,0,0,1,14176,0,0,23899,1,0,3452,31,0,0
IN,18021,56483,0,0,12,54915,0,0,0,2,8,0,0,0,0,775,0,2169,0,1,0,0,0,0,0,0,0,121,959,0,0,0,0,1,2,0,0,0,1,0,0,0,0,0,0,0,1,1,1,1,18,0,0,0,0,0,0,0,0,0,0,0,0,2665,0,12043,2887,570,211,101,68603,2093,1,10,25541,13,441,0,0,0,0,0,0,0,0,0,0,0,0,0,0,0,0,0,0,0,2,0,0,0,0,0,0,0,0,0,0,0,0,0,0,1,0,0,0,0,0,0,0,0,0,0,56486,0,12,57085,0,0,2946,1,0,0
IN,18023,121320,0,0,0,89657,0,0,0,0,304,0,0,0,0,2140,0,6,0,8,0,0,0,0,0,0,0,608,394,0,0,0,0,0,0,0,0,0,0,0,0,0,0,7,0,0,1,3,8,0,18,0,0,0,0,0,0,0,0,0,0,0,0,278,0,13873,3303,1094,377,56,13693,2,0,24,12001,169,21,0,0,0,0,0,0,0,0,0,0,0,0,0,0,0,0,0,0,0,0,0,0,1,0,0,0,0,0,0,0,0,0,0,0,0,0,0,0,0,0,0,0,0,0,0,121320,0,0,89663,0,0,2146,8,0,0
IN,18025,2663,0,0,0,2072,0,0,0,0,139,0,0,0,0,63,0,199,0,1,0,0,0,0,0,0,0,10,930,0,0,0,0,0,0,0,0,0,0,0,0,0,0,0,0,0,0,2,0,0,4,0,0,0,0,0,0,0,0,0,0,0,0,2060,0,8233,626,191,53,748,134616,2606,32,211,42074,112,12,0,0,0,0,0,0,0,0,0,0,0,0,0,0,0,0,0,0,0,1,0,0,0,0,0,0,0,0,0,0,1,0,0,0,0,0,0,0,0,0,0,0,0,0,0,2665,0,0,2271,1,0,263,1,0,0
IN,18027,93081,0,0,129,52337,0,0,0,7,817,0,0,0,0,602,0,6558,0,1,0,0,0,0,0,0,0,367,1134,0,0,0,0,19,17,0,0,0,522,0,0,0,0,0,0,0,1,9,1,1,351,0,0,1,0,0,0,0,0,0,0,0,0,5482,0,16320,2091,755,305,304,50343,170,0,7,47458,31,238,0,0,0,0,0,1,0,0,0,0,0,0,0,0,0,0,0,0,0,56,0,0,0,0,0,0,0,0,0,18,0,0,0,0,105,0,0,0,0,0,0,0,0,0,9,93242,0,147,59009,9,0,7234,1,1,0
IN,18029,6588,0,0,0,6932,0,0,0,0,4,0,0,0,0,124,0,348,0,0,0,0,0,0,0,0,0,90,999,0,0,0,0,0,0,0,0,0,0,0,0,0,0,0,0,0,0,0,0,0,3,0,0,0,3,0,0,0,0,0,0,0,0,1994,0,11341,2495,1463,558,57,103046,3545,13,673,56220,65,20,0,0,0,0,0,0,0,0,0,0,0,0,0,0,0,0,0,0,0,3,0,0,0,0,0,0,0,0,0,0,0,0,0,0,0,0,0,0,0,0,0,0,0,0,16,6591,0,0,7296,16,0,475,0,0,0
IN,18031,77520,0,0,0,69561,0,0,2,0,16,0,0,0,0,1451,0,3610,0,2,0,14,0,0,0,0,0,519,695,0,0,0,0,0,0,0,0,0,0,0,0,0,0,1,12,0,0,15,1,0,14,0,0,0,0,0,0,0,0,0,0,0,0,898,0,11579,3444,1127,394,186,42686,46,0,20,24717,7,6,0,2,0,0,0,0,0,0,0,0,0,0,0,0,0,0,0,0,0,52,0,0,0,0,0,0,0,0,0,0,24,0,0,0,0,0,0,0,0,0,0,0,0,0,345,77596,0,0,73516,369,0,5113,2,0,0
IN,18033,46960,0,0,0,57521,0,0,0,0,2,0,1,0,0,11285,0,2,4,6,0,0,0,0,0,0,0,2410,283,0,0,0,2,5,0,0,0,0,0,0,0,0,0,3,0,0,0,0,0,0,790,0,0,0,0,0,0,0,0,0,0,0,0,1981,0,13521,5087,1499,959,159,28276,106,12,2692,49323,9598,402,0,0,0,0,0,0,0,0,0,0,0,0,0,0,0,0,0,0,0,0,0,0,0,0,0,0,0,0,0,0,0,0,0,0,0,0,0,0,0,0,0,0,0,0,0,46960,0,0,57523,1,0,11287,6,0,0
IN,18035,76255,0,0,1,74961,0,0,0,0,1303,0,5,0,0,2451,0,39,0,4,0,0,0,0,0,0,0,955,802,0,0,0,4,1,0,0,0,0,0,0,0,0,0,198,0,0,0,0,0,0,37,0,0,0,0,0,0,0,0,0,0,0,0,2570,0,21326,12154,3251,1518,42,22359,51,0,348,32036,209,357,0,0,0,0,0,0,0,0,0,0,0,0,0,0,0,0,0,0,0,0,0,0,131,0,0,0,0,0,0,0,0,0,0,0,0,0,0,0,0,0,0,0,0,0,8,76255,0,1,75008,13,0,2490,4,0,0
IN,18037,53069,0,0,61,28957,0,0,0,4,123,0,11,0,0,322,0,8465,0,0,0,0,0,0,0,0,0,93,2421,0,0,0,0,0,0,0,0,0,17,0,0,0,0,0,0,0,0,1,2,0,214,0,0,0,0,0,0,0,0,0,0,0,0,4192,0,16642,2792,1313,657,93,101589,581,0,96,56638,9,39,0,0,0,0,0,0,0,0,0,0,0,0,0,0,0,0,0,0,0,78,0,0,5,0,0,0,0,0,0,0,20,0,0,0,1,0,0,0,0,0,0,0,0,0,33,53168,0,61,37456,64,0,8865,0,0,0
IN,18039,62495,0,0,59,37971,0,0,0,0,6,6,0,0,0,2308,0,2,11,11,0,0,0,0,0,0,0,2987,354,0,0,0,329,19,0,0,0,0,0,0,0,0,216,1,0,0,12,0,0,0,181,0,0,0,1,0,0,0,0,0,0,0,0,2672,0,37209,27503,9293,6780,557,13570,616,4,857,67476,25675,298,0,0,0,0,0,0,0,0,0,0,0,0,0,0,0,0,0,0,0,0,0,0,0,0,0,0,0,0,0,0,0,0,0,0,0,1,0,0,0,0,0,0,0,0,0,62495,0,59,37973,0,0,2310,11,0,0
IN,18041,34289,0,0,0,31097,0,0,0,0,4,0,0,0,0,1068,0,766,0,3,0,0,0,0,0,0,0,628,1081,0,0,0,0,0,0,0,0,0,0,0,0,0,0,0,0,0,0,0,0,0,6,0,0,0,0,0,0,0,0,0,0,0,0,400,0,7509,2052,708,291,22,38495,30,0,5,19202,1,13,0,0,0,0,0,0,0,0,0,0,0,0,0,0,0,0,0,0,0,5,0,0,0,0,0,0,0,0,0,0,0,0,0,0,0,0,0,0,0,0,0,0,0,0,1,34294,0,0,31864,1,0,1839,3,0,0
IN,18043,2126,0,0,0,2229,0,0,0,0,54,0,0,0,0,15,0,100,0,0,0,0,0,0,0,0,0,25,460,0,0,0,0,0,0,0,0,0,0,0,0,0,0,0,0,0,0,0,0,0,2,0,0,0,0,0,0,0,0,0,0,0,0,475,0,7389,3925,2005,728,24,47645,358,0,19,27277,271,4,0,0,0,0,0,0,0,0,0,0,0,0,0,0,0,0,0,0,0,0,0,0,0,0,0,0,0,0,0,0,0,0,0,0,0,0,0,0,0,0,0,0,0,0,39,2126,0,0,2368,39,0,115,0,0,0
IN,18045,89625,0,0,0,71616,0,0,0,16,170,0,0,0,0,2290,0,62,0,0,0,0,0,0,0,0,0,1423,433,0,0,0,0,24,0,0,0,1,3,0,0,0,0,0,0,0,6,8,1,0,36,0,0,0,0,0,0,0,0,0,0,0,0,1873,0,13925,2550,441,173,64,48304,11,0,0,20416,772,6,0,0,0,0,0,0,0,0,0,0,0,0,0,0,0,0,0,0,0,1,0,0,0,0,0,0,0,0,0,0,0,0,0,0,428,0,0,0,0,0,0,0,0,0,0,90054,0,0,72106,0,0,2353,0,0,0
IN,18047,34769,0,0,2,28359,0,0,0,0,10,0,0,0,0,810,0,675,0,7,0,0,0,0,0,0,0,852,1727,0,0,0,1,0,0,0,0,0,0,0,0,0,0,1,1,0,0,6,1,1,9,0,0,2,0,1,0,0,0,0,0,0,0,4079,0,10468,1372,509,194,43,127790,728,73,84,37605,2,17,0,0,0,0,0,0,0,0,0,0,0,0,0,0,0,0,0,0,0,123,0,0,0,0,0,0,0,0,0,0,0,0,0,0,0,0,0,0,0,0,0,0,0,0,86,34892,0,2,29120,86,0,1608,7,0,0
IN,18049,104271,0,0,0,57834,0,0,0,0,283,3,0,0,0,2145,0,3,9,12,0,0,0,0,0,0,0,3766,482,0,0,0,0,532,0,0,0,0,0,0,0,0,19,60,0,0,5,1,0,0,197,0,0,0,0,0,0,0,0,0,0,0,0,2191,0,13179,2526,404,234,186,25340,282,5,228,20393,1903,1155,0,0,0,0,0,0,0,0,0,0,0,0,0,0,0,0,0,0,0,22,4,0,2,0,0,0,0,0,0,0,0,0,0,0,0,1,0,0,0,0,0,0,0,0,0,104297,0,0,57837,0,0,2170,16,0,0
IN,18051,95095,0,0,538,67598,0,0,0,112,19,0,0,0,0,775,0,26640,1,0,0,0,0,0,0,0,0,737,622,0,0,0,0,3,0,0,0,0,999,0,0,0,0,0,0,0,0,4,33,1,1164,0,1,0,0,0,0,0,0,0,0,0,0,11270,0,20713,3936,1624,810,482,53128,125,3,14,30518,1107,242,0,0,0,0,0,597,0,0,0,0,0,0,0,0,0,0,42,0,0,34,0,0,224,0,0,0,0,0,0,4,4,0,0,0,128,0,0,0,0,0,0,0,49,0,40,95261,0,542,94406,44,0,27453,0,597,0
IN,18053,84756,0,0,0,93443,0,0,0,0,1603,0,0,0,0,2844,0,45,0,1,0,0,0,0,0,0,0,2011,213,0,0,0,1,0,0,0,0,0,0,0,0,0,0,586,0,0,0,0,0,0,36,0,0,0,0,0,0,0,0,0,0,0,0,1555,0,19608,8159,2010,1189,49,23525,40,0,790,22735,106,244,0,0,0,0,0,0,0,0,0,0,1,0,0,0,0,0,0,0,0,0,0,0,3,0,0,0,0,0,0,0,0,0,0,0,0,0,0,0,0,0,0,0,0,0,4,84756,0,0,93492,4,0,2889,1,0,0
IN,18055,44138,0,0,237,49164,0,0,0,0,54,0,0,0,0,413,0,2192,0,1,0,0,0,0,0,0,0,167,2803,0,0,0,0,0,1,0,0,0,24,0,0,0,0,0,0,0,1,2,0,0,36,0,0,0,0,0,0,0,0,0,0,0,0,7345,0,15647,1878,618,221,83,160005,1773,0,41,62070,6,370,0,0,0,0,0,0,0,0,0,0,0,0,0,0,0,0,0,0,0,6,1,0,0,0,0,0,0,0,0,1,0,0,0,0,77,0,0,0,0,0,0,0,0,0,0,44222,0,238,51433,0,0,2612,2,0,0
IN,18057,63564,0,0,0,54685,0,0,0,0,9,0,0,0,0,2741,0,35,0,1,0,0,0,0,0,0,0,787,442,0,0,0,0,0,0,0,0,0,0,0,0,0,1,24,0,0,0,0,0,6,411,0,0,0,0,0,0,0,0,0,0,0,0,4972,0,35269,25922,9500,2645,123,16702,10,0,146,39057,47,468,0,0,0,0,0,0,0,0,0,0,0,0,0,0,0,0,0,0,0,0,0,0,2,0,0,0,0,0,0,0,0,0,0,0,0,0,0,0,0,0,0,0,0,0,1,63564,0,0,54721,1,0,2776,1,0,0
IN,18059,68451,0,0,0,61839,0,0,0,0,4,0,1,0,0,1529,0,903,0,16,0,0,0,0,0,0,0,572,470,0,0,0,0,0,0,0,0,0,0,0,0,0,0,11,0,0,0,0,0,0,57,0,0,5,0,0,0,0,0,0,0,0,0,779,0,14666,7050,1971,583,58,13057,3,0,21,24280,11,55,0,2,0,0,0,0,0,0,0,0,0,0,0,0,0,0,0,0,0,2,0,0,1,0,0,0,0,0,0,0,0,0,0,0,0,0,0,0,0,0,0,0,0,0,1,68453,0,0,62743,2,0,2434,16,0,0
IN,18061,20976,0,0,1,18734,0,0,0,0,1811,0,0,0,0,769,0,3333,0,57,0,0,0,0,0,0,0,140,2567,0,0,0,0,0,0,0,0,0,0,0,0,0,0,0,0,0,0,8,0,0,36,0,0,0,0,0,0,0,0,0,0,0,0,1617,0,12707,1243,562,167,360,153587,4152,10,121,87868,184,24,0,0,0,0,0,0,0,0,0,0,0,0,0,0,0,0,0,0,0,16,20,0,0,0,0,0,0,0,0,0,0,0,0,0,0,0,1,0,0,0,0,0,0,0,68,21012,0,1,22135,68,0,4118,77,0,0
IN,18063,74180,0,0,2,62235,0,0,0,0,3,0,0,0,0,3877,0,230,2,18,0,0,0,0,0,0,0,1126,1040,0,0,0,0,0,0,0,0,0,0,0,1,0,0,2,0,0,4,0,4,0,62,0,0,0,0,0,0,0,0,0,0,0,0,1203,0,22944,13682,5196,2051,258,24559,23,0,10,48937,8,36,0,0,0,0,0,0,0,0,0,0,0,0,0,0,0,0,0,0,0,2,0,0,24,0,0,0,0,0,0,0,1,0,0,0,0,0,0,0,0,0,0,0,0,0,1,74183,0,2,62466,2,0,4109,18,0,0
IN,18065,77992,0,0,72,79989,0,0,0,0,12,0,46,0,0,2882,0,831,0,10,0,0,0,0,0,0,0,1550,1098,0,0,0,0,0,1,0,0,0,0,0,0,0,4,98,0,0,0,3,0,0,12,0,0,0,0,0,0,0,0,0,0,0,0,1727,0,16518,5378,1522,478,46,24077,13,0,48,38034,26,51,0,0,0,0,0,0,0,0,0,0,0,0,0,0,0,0,0,0,0,3,0,0,54,0,0,0,0,0,0,40,0,0,0,0,0,0,0,0,0,0,0,0,0,0,95,77995,0,112,80915,141,0,3756,10,0,0
IN,18067,63328,0,0,0,66227,0,0,0,0,65,0,0,0,0,1995,0,2,2,1,0,0,0,0,0,0,0,907,149,0,0,0,0,2,0,0,0,0,0,0,0,0,0,78,0,0,1,0,0,0,9,0,0,0,0,0,0,0,0,0,0,0,0,998,0,14889,8827,2923,1604,42,11066,3,0,261,14485,137,91,0,0,0,0,0,0,0,0,0,0,1,0,0,0,0,0,0,0,0,0,0,0,2,0,0,0,0,0,0,0,0,0,0,0,0,0,0,0,0,0,0,0,0,0,1,63328,0,0,66230,1,0,1997,1,0,0
IN,18069,76019,0,0,0,77472,0,0,0,0,1473,0,0,0,0,4856,0,0,1,2,0,0,0,0,0,0,0,1780,784,0,0,0,22,0,0,0,0,0,0,0,0,0,0,13,0,0,0,0,1,0,40,0,0,0,0,0,0,0,0,0,0,0,0,4344,0,19240,4458,1162,508,66,32471,65,0,753,22005,112,477,0,0,0,0,0,0,0,0,0,0,0,0,0,0,0,0,0,0,0,0,0,0,1,0,0,0,0,0,0,0,0,0,0,0,0,0,0,0,0,0,0,0,0,0,5,76019,0,0,77477,5,0,4856,2,0,0
IN,18071,63931,0,0,21,56377,0,0,0,0,79,0,1,0,0,250,0,6781,0,0,0,0,0,0,0,0,0,310,1575,0,0,0,0,0,25,0,0,0,104,0,0,0,0,0,0,0,0,0,0,0,42,0,0,0,1,0,0,0,0,0,0,0,0,3198,0,17283,3775,1597,554,76,126259,1299,0,769,44324,1,68,0,0,0,0,0,5,0,0,0,0,0,0,0,0,0,0,0,0,0,84,2,0,1,0,0,0,0,0,0,0,0,0,0,0,2,0,6,0,0,0,0,0,0,0,2,64019,0,21,63162,3,0,7115,2,5,0
IN,18073,178524,0,0,0,79953,0,0,0,0,4225,0,0,0,0,1095,0,107,12,0,0,0,0,0,0,0,0,1722,215,0,0,0,0,2,0,0,0,0,0,0,1,0,0,0,0,0,813,0,2,0,107,0,0,0,0,0,0,0,0,0,0,0,0,1680,0,8364,13429,1556,740,441,37636,22,2,80,26601,1575,146,0,0,0,0,0,0,0,0,0,0,0,0,0,19,0,0,0,0,0,88,0,0,0,0,0,0,0,0,0,0,0,0,0,0,5,7,0,0,0,0,0,0,0,0,0,178617,0,0,80065,0,0,1290,0,0,0
IN,18075,82570,0,0,0,88129,0,0,1,0,412,0,0,0,0,6669,0,20,0,25,0,0,0,0,0,0,0,1587,442,0,25,0,8,0,0,0,0,0,0,0,0,0,0,87,0,0,0,3,0,0,57,0,2,0,0,0,0,0,0,0,0,0,0,469,0,13208,2446,501,274,42,24033,7,0,187,24271,203,111,0,0,0,0,0,0,0,0,0,0,0,0,0,0,0,0,0,0,0,8,0,0,0,0,0,0,0,0,0,0,0,0,0,0,0,0,0,0,0,0,0,0,0,0,3,82578,0,0,88152,3,0,6697,25,0,0
IN,18077,15533,0,0,0,31776,0,0,14,0,6,0,0,0,0,106,0,1394,0,12,0,0,0,0,0,0,0,223,998,0,0,0,0,0,0,0,0,0,0,0,0,0,0,5,1,0,0,0,12,1,16,0,0,0,0,0,0,0,0,0,0,0,0,1447,0,9470,1742,876,396,93,124071,4804,1,633,38601,26,10,0,0,0,0,0,0,0,0,0,0,0,0,0,0,0,0,0,0,0,13,0,0,0,0,0,0,0,0,0,0,1,0,0,0,0,0,0,0,0,0,0,0,0,0,2,15547,0,0,33172,3,0,1513,12,0,0
IN,18079,39719,0,0,0,37634,0,0,0,0,4,0,0,0,0,237,0,2014,0,1,0,0,0,0,0,0,0,179,947,0,0,0,0,0,1,0,0,0,0,0,0,0,0,0,0,0,0,3,0,0,8,0,0,0,0,0,0,0,0,0,0,0,0,1528,0,10608,1633,619,315,54,112194,1076,0,250,32944,1,6,0,0,0,0,0,0,0,0,0,0,0,0,0,0,0,0,0,0,0,169,0,0,0,0,0,0,0,0,0,0,0,0,0,0,2,0,0,0,0,0,0,0,0,0,1,39890,0,0,39651,1,0,2420,1,0,0
IN,18081,53385,0,0,0,40261,0,0,0,0,4,0,6,0,0,867,0,2149,1,1,0,0,0,0,0,0,0,409,648,0,0,0,0,0,0,0,0,0,0,0,0,0,0,0,0,0,0,0,0,3,39,0,0,0,0,0,0,0,0,0,0,0,0,2088,0,19891,13016,4753,1445,205,33906,64,0,56,32597,7,5,0,1,0,0,0,0,0,0,0,0,0,0,0,0,0,0,0,0,0,5,0,0,14,0,0,0,0,0,0,0,0,0,0,0,0,0,0,0,0,0,0,0,0,0,78,53390,0,0,42488,84,0,3021,1,0,0
IN,18083,117317,0,0,53,88583,0,0,0,482,178,0,0,0,0,1093,0,16244,14,0,0,0,0,0,0,0,0,257,364,0,0,0,0,337,0,0,0,0,3084,0,0,0,0,0,0,0,0,44,1,8,158,0,0,4,0,0,0,0,0,0,0,0,0,8646,0,20938,4111,1345,671,484,41101,35,0,2,28419,432,271,0,0,0,48,0,91,0,0,0,0,0,0,0,0,0,4,0,0,0,2,0,0,485,0,0,0,0,0,0,3,0,0,0,0,26,0,0,0,0,0,0,0,0,0,2,117345,0,56,104855,2,0,17342,0,91,0
IN,18085,111113,0,0,0,76295,0,0,0,0,515,0,0,0,0,4092,0,1,15,22,0,0,0,0,0,0,0,5397,2901,0,0,0,1,6,0,0,0,0,0,0,0,0,0,0,0,0,28,0,0,0,677,0,0,0,0,0,0,0,0,0,0,0,0,12421,0,23414,7750,1801,1062,330,43119,156,0,2862,50653,7707,2362,0,0,0,0,0,0,0,0,0,0,0,0,0,0,0,0,0,0,0,2,17,0,3,0,0,0,0,0,0,0,0,0,0,0,0,52,0,0,0,0,0,0,0,0,1,111132,0,0,76297,1,0,4095,39,0,0
IN,18087,52173,0,0,0,25752,0,0,0,0,200,0,4,0,0,2224,0,4,12,20,0,0,0,0,0,0,0,2869,20,0,0,0,2,63,0,0,0,0,0,0,0,0,0,0,0,0,0,0,0,0,15,0,0,0,0,0,0,0,0,0,0,0,0,4939,0,11113,6450,1336,664,28,11693,362,2,909,88017,38111,449,0,0,0,0,0,0,0,0,0,0,0,0,0,0,0,0,0,0,0,0,0,0,0,0,0,0,0,0,0,0,0,0,0,0,0,0,0,0,0,0,0,0,0,0,0,52173,0,0,25756,4,0,2228,20,0,0
IN,18089,63165,0,0,0,45075,0,0,0,0,14,0,0,0,0,1937,0,8,2,0,0,0,0,0,0,0,0,131,286,0,0,0,0,7,0,0,0,0,0,0,4,0,0,0,0,0,29,2,0,0,194,0,0,0,0,0,0,0,0,0,0,0,0,4933,0,22359,60688,25419,15761,1035,25357,51,90,5452,35885,13218,1315,0,0,0,0,0,0,0,0,0,0,0,0,0,3,0,0,0,0,0,3,0,0,0,0,0,0,0,0,0,0,0,0,0,0,0,0,0,0,0,0,0,0,0,0,0,63168,0,0,45083,0,0,1948,0,0,0
IN,18091,137638,0,0,4,60063,0,0,0,0,513,0,0,0,0,5735,0,309,0,5,0,0,0,0,0,0,0,2978,379,0,0,0,0,10,0,0,0,0,0,0,375,0,0,0,0,0,1319,0,0,0,53,0,0,0,1,0,0,0,0,0,0,0,0,3797,0,15177,16888,5663,2009,343,57030,718,91,3936,45370,24567,1209,0,0,0,0,0,0,0,0,0,0,0,0,0,0,0,0,0,0,0,0,0,0,3,0,0,0,0,0,0,0,0,0,0,0,0,1,0,0,0,0,0,0,0,0,131,137638,0,4,60503,131,0,6044,5,0,0
IN,18093,17493,0,0,0,14732,0,0,0,0,18,0,0,0,0,196,0,1635,0,11,0,0,0,0,0,0,0,194,4100,0,0,0,0,0,0,0,0,0,0,0,0,0,0,0,0,0,0,5,0,0,45,0,0,0,1,0,0,0,0,0,0,0,0,2185,0,15571,2398,1232,356,500,142831,663,0,1173,83911,0,22,0,0,0,0,0,0,0,0,0,0,0,0,0,0,0,0,0,0,0,15,0,0,0,0,0,0,0,0,0,0,2,0,0,0,0,0,0,0,0,0,0,0,0,0,1,17510,0,0,16368,3,0,1846,11,0,0
IN,18095,94556,0,0,0,91690,0,0,0,0,6,0,2,0,0,2271,0,38,0,3,0,0,0,0,0,0,0,742,739,0,0,0,0,1,0,0,0,0,0,0,0,0,0,48,0,0,0,0,0,0,72,0,0,1,0,0,0,0,0,0,0,0,0,1514,0,24440,14324,3893,1674,27,19334,6,0,361,33674,81,382,0,0,0,0,0,0,0,0,0,0,22,0,0,0,0,0,0,0,0,1,0,0,1,0,0,0,0,0,0,0,0,0,0,0,0,0,0,0,0,0,0,0,0,0,0,94557,0,0,91728,2,0,2310,3,0,0
IN,18097,7653,0,0,0,7976,0,0,0,0,9,0,1,0,0,303,0,114,0,0,0,0,0,0,0,0,0,64,129,0,0,0,0,0,0,0,0,0,0,0,0,0,0,0,0,0,0,0,0,4,12,0,0,0,0,0,0,0,0,0,0,0,0,6412,0,71245,77032,36145,17572,422,18203,19,0,19,14348,20,201,0,0,0,0,0,0,0,0,0,0,0,0,0,0,0,0,0,0,0,2,0,0,2,0,0,0,0,0,0,0,0,0,0,0,0,0,0,0,0,0,15,0,0,0,2,7655,0,0,8092,3,0,419,0,0,0
IN,18099,102278,0,0,0,61431,0,0,0,0,761,2,0,0,0,2691,0,1,12,14,0,0,0,0,0,0,0,4030,574,0,0,0,0,184,0,0,0,0,0,0,0,0,5,1,0,0,7,0,0,0,1619,0,0,0,0,0,0,0,0,0,0,0,0,4043,0,18017,6065,1155,694,205,42083,642,2,86,35478,4682,1076,0,0,0,0,0,0,0,0,0,0,0,0,0,0,0,0,0,0,0,0,4,0,0,0,0,0,0,0,0,0,0,0,0,0,0,14,0,0,0,0,0,0,0,0,0,102282,0,0,61432,0,0,2692,18,0,0
IN,18101,15982,0,0,1,11754,0,0,0,0,0,0,0,0,0,26,0,1299,0,0,0,0,0,0,0,0,0,45,877,0,0,0,0,0,0,0,0,0,0,0,0,0,0,0,0,0,0,1,0,0,26,0,0,0,0,0,0,0,0,0,0,0,0,2463,0,7577,768,334,87,136,156130,884,0,300,19060,9,157,0,0,0,0,0,0,0,0,0,0,0,0,0,0,0,0,0,0,0,11,0,0,0,0,0,0,0,0,0,0,0,0,0,0,6,0,0,0,0,0,0,0,0,0,1,15999,0,1,13060,1,0,1336,0,0,0
IN,18103,78932,0,0,0,74636,0,0,0,0,954,1,0,0,0,5399,0,4,7,6,0,0,0,0,0,0,0,2937,560,0,0,0,0,1,0,0,0,0,93,0,0,0,0,12,0,0,17,0,1,0,242,0,0,0,0,0,0,0,0,0,0,0,0,2058,0,16150,4114,1094,585,264,29041,18,0,1031,22965,127,181,0,0,0,0,0,0,0,0,0,0,6,0,0,0,0,0,0,0,0,1,1,0,82,0,0,0,0,0,0,0,0,0,0,0,0,0,0,0,0,0,0,0,0,0,0,78934,0,0,74640,0,0,5404,7,0,0
IN,18105,5448,0,0,0,5479,0,0,0,0,0,0,0,0,0,83,0,312,1,0,24,0,0,0,0,0,0,132,1596,0,0,0,0,0,0,0,0,0,0,0,0,0,0,0,0,0,1,0,1,0,37,0,0,0,0,0,0,0,0,0,0,0,0,11429,0,13153,5632,2622,711,560,169417,955,0,526,45139,1,26,0,0,0,0,0,0,0,0,0,0,0,0,0,0,0,0,0,0,0,0,0,0,0,0,0,0,0,0,0,0,0,0,0,0,0,0,0,0,0,0,0,0,0,0,1,5448,0,0,5792,1,0,395,0,0,0
IN,18107,126221,0,0,0,105355,0,0,0,0,106,0,0,0,0,2870,0,249,0,3,0,0,0,0,0,0,0,979,1208,0,0,0,0,9,0,0,0,0,0,0,0,0,0,2,0,0,11,7,0,0,39,0,0,0,0,0,0,0,0,0,0,0,0,1140,0,16960,4252,1091,511,122,35546,8,0,4,26799,26,18,0,0,0,0,0,0,0,0,0,0,0,0,0,0,0,0,0,0,0,4,0,0,1,0,0,0,0,0,0,0,4,0,0,0,0,0,0,0,0,0,0,0,0,0,0,126229,0,0,105604,4,0,3123,3,0,0
IN,18109,46605,0,0,0,34250,0,0,0,0,4,0,7,0,0,540,0,2631,1,0,0,0,0,0,0,0,0,106,759,0,0,0,0,0,0,0,0,0,1,0,0,0,0,0,0,0,2,0,1,0,24,0,0,0,0,0,0,0,0,0,0,0,0,3859,0,12656,4267,1329,424,241,112442,157,2,341,41301,3,43,0,1,0,0,0,0,0,0,0,0,0,0,0,0,0,0,0,0,0,18,0,0,4,0,0,0,0,0,0,0,1,0,0,0,1,0,0,0,0,0,0,0,0,0,1,46625,0,0,36883,9,0,3189,0,0,0
IN,18111,114659,0,0,0,65161,0,0,0,0,129,0,0,0,0,2512,0,8,0,0,0,0,0,0,0,0,0,1030,37,0,0,0,0,345,0,0,0,0,0,0,2,0,0,0,0,0,32,0,0,0,280,0,0,0,0,0,0,0,0,0,0,0,0,2035,0,6014,8590,757,205,402,27710,1,29,475,24285,3356,113,0,0,0,0,0,0,0,0,0,0,0,0,0,4,0,0,0,0,0,2,0,0,0,0,0,0,0,0,0,0,0,0,0,0,0,0,0,0,0,0,0,0,0,0,1,114661,0,0,65170,1,0,2522,0,0,0
IN,18113,67350,0,0,0,51910,0,0,0,0,2,0,0,0,0,4524,0,1,2,32,0,0,0,0,0,0,0,4247,112,0,0,0,0,34,0,0,0,0,0,0,0,0,0,0,0,0,0,0,0,0,36,0,0,0,1,0,0,0,0,0,0,0,0,5801,0,15063,4095,1003,513,46,35603,134,1,7418,51218,16455,1605,0,0,0,0,0,0,0,0,0,0,0,0,0,0,0,0,0,0,0,0,0,0,0,0,0,0,0,0,0,0,0,0,0,0,0,0,0,0,0,0,0,0,0,0,0,67350,0,0,51911,0,0,4525,32,0,0
IN,18115,2016,0,0,0,1942,0,0,0,0,0,0,0,0,0,51,0,32,0,0,0,0,0,0,0,0,0,3,183,0,0,0,0,0,0,0,0,0,0,0,0,0,0,0,0,0,0,0,0,0,1,0,0,0,0,0,0,0,0,0,0,0,0,760,0,2739,387,141,36,1,27481,1413,4,382,18282,14,9,0,0,0,0,0,0,0,0,0,0,0,0,0,0,0,0,0,0,0,0,0,0,0,0,0,0,0,0,0,0,0,0,0,0,0,0,0,0,0,0,0,0,0,0,0,2016,0,0,1974,0,0,83,0,0,0
IN,18117,20184,0,0,0,17334,0,0,0,0,12,0,0,0,0,369,0,1933,0,1,0,0,0,0,0,0,0,172,1400,0,0,0,0,0,0,0,0,0,0,0,0,0,0,0,0,0,0,1,0,0,5,0,0,0,0,0,0,0,0,0,0,0,0,5919,0,12149,758,371,118,284,143868,2107,14,1193,52818,0,3,0,0,0,0,0,0,0,0,0,0,0,0,0,0,0,0,0,0,0,199,0,0,22,0,0,0,0,0,0,0,0,0,0,0,0,0,0,0,0,0,0,0,0,0,17,20383,0,0,19284,17,0,2501,1,0,0
IN,18119,17636,0,0,17,21279,0,0,0,0,1,0,4,0,0,428,0,1444,0,0,0,0,0,0,0,0,0,79,1874,0,0,0,0,0,0,0,0,0,0,0,0,0,0,1,0,0,2,0,2,0,16,0,0,0,0,0,0,0,0,0,0,0,0,3302,0,8342,553,183,36,44,154318,740,3,45,37559,1,273,0,0,0,0,0,0,0,0,0,0,0,0,0,0,0,0,0,0,0,2,0,0,0,0,0,0,0,0,0,0,0,0,0,0,1,0,0,0,0,0,0,0,0,0,0,17639,0,17,22724,4,0,1874,0,0,0
IN,18121,63398,0,0,7,50292,0,0,0,1,49,0,0,0,0,1414,0,1280,0,1,0,0,0,0,0,0,0,485,902,0,0,0,0,1,0,0,0,35,0,0,0,0,0,0,0,0,18,10,5,0,67,0,0,0,0,0,0,0,0,0,0,0,0,4683,0,15559,1753,294,71,93,117990,47,0,2,26691,1717,35,0,0,0,0,0,0,0,0,0,0,0,0,0,0,0,0,0,0,0,0,0,0,0,0,0,0,0,0,0,0,0,0,0,0,1155,0,0,0,0,0,0,0,0,0,0,64553,0,7,52727,0,0,2694,1,0,0
IN,18123,9569,0,0,2,7800,0,0,0,0,15,0,0,0,0,19,0,533,0,0,0,0,0,0,0,0,0,11,1241,0,0,0,0,0,0,0,0,0,0,0,0,0,0,0,0,0,0,1,0,0,16,0,0,0,0,0,0,0,0,0,0,0,0,3127,0,9396,1290,563,172,58,169863,4376,20,99,38628,382,53,0,0,0,0,0,0,0,0,0,0,0,0,0,0,0,0,0,0,0,1,0,0,0,0,0,0,0,0,0,21,1,0,0,0,0,0,0,0,0,0,0,0,0,0,0,9571,0,23,8333,1,0,574,0,0,0
IN,18125,26122,0,0,53,37971,0,0,0,5,23,0,0,0,0,137,0,4664,0,0,0,0,0,0,0,0,0,54,542,0,0,0,0,2,0,0,0,0,5,0,0,0,0,0,0,0,0,5,3,1,701,0,2,0,0,0,0,0,0,0,0,0,0,6087,0,10484,1231,653,366,387,91266,5139,1,14,31588,167,584,0,0,0,0,0,1,0,0,0,0,0,0,0,0,0,0,0,0,0,29,0,0,2,0,0,0,0,0,0,1,3,0,0,0,1,0,0,0,0,0,0,0,2,0,2,26155,0,54,42638,5,0,4831,0,1,0
IN,18127,70386,0,0,0,45552,0,0,0,0,274,0,0,0,0,1582,0,109,38,12,0,0,0,0,0,0,0,949,278,0,0,0,0,0,0,0,0,0,0,0,13,0,0,0,0,0,61,0,0,0,56,0,0,0,0,0,0,0,0,0,0,0,0,1938,0,13323,22331,8438,3452,530,37306,145,17,4877,38785,17885,397,0,0,0,0,0,0,0,0,0,0,0,0,0,0,0,0,0,0,0,2,0,0,1,0,0,0,0,0,0,0,0,0,0,0,0,1,0,0,0,0,0,0,0,0,9,70388,0,0,45670,9,0,1693,12,0,0
IN,18129,84174,0,0,297,47832,0,0,0,48,0,0,0,0,0,203,0,28979,0,0,0,0,0,0,0,0,0,136,200,0,0,0,0,1,0,0,0,0,64,0,0,0,0,0,0,0,0,1,11,0,35,0,0,0,0,0,0,0,0,0,0,0,0,10667,0,16144,2852,859,467,23,47224,48,0,0,20833,5716,1274,0,0,0,0,0,60,0,0,0,0,0,0,0,0,0,0,0,0,0,8,0,0,95,0,0,0,0,0,0,0,0,0,0,0,72,0,0,0,0,0,0,0,1,0,5,84254,0,297,76888,5,0,29190,0,60,0
IN,18131,128791,0,0,0,55305,4,0,0,0,17506,0,0,0,0,1508,0,19,15,25,0,0,0,0,0,0,0,868,116,0,0,0,0,314,0,0,0,0,0,0,5,0,1,8,0,0,847,2,0,0,209,0,0,0,0,1,0,0,0,0,0,0,0,733,0,10768,5466,536,183,256,36899,249,0,51,15582,1478,370,0,0,0,0,0,0,0,0,0,0,0,0,0,0,0,0,0,0,0,6,2,0,0,0,0,0,0,0,0,0,0,0,0,0,0,0,0,0,0,0,0,0,1,0,0,128799,0,0,55324,0,0,1533,27,0,0
IN,18133,67948,0,0,0,59095,0,0,0,0,3,0,1,0,0,1537,0,2501,0,3,0,0,0,0,0,0,0,1114,1657,0,0,0,0,0,0,0,0,0,0,0,0,0,0,1,0,0,1,7,1,0,50,0,0,0,0,0,0,0,0,0,0,0,0,2334,0,14472,3190,747,321,525,104679,193,4,21,48238,16,114,0,0,0,0,0,0,0,0,0,0,0,0,0,0,0,0,0,0,0,20,0,0,3,0,0,0,0,0,0,0,0,0,0,0,0,0,0,0,0,0,5,0,0,0,20,67968,0,0,61616,21,0,4058,3,0,0
IN,18135,104046,0,0,0,110033,0,0,0,0,340,0,0,0,0,4868,0,193,0,162,0,0,0,0,0,0,0,1714,376,0,1,0,0,11,1,0,0,0,0,0,0,0,8,11,0,0,0,0,0,0,42,0,4,0,0,0,0,0,0,0,0,0,0,508,0,16234,2864,695,278,60,21780,14,0,23,25673,156,66,0,0,0,0,0,0,0,0,0,0,0,0,0,0,0,0,0,0,0,14,0,0,1,0,0,0,0,0,0,0,0,0,0,0,0,0,0,0,0,0,0,0,0,0,25,104060,0,0,110251,25,0,5075,162,0,0
IN,18137,41662,0,0,0,47917,0,0,0,0,87,0,0,0,0,1185,0,2280,0,13,0,0,0,0,0,0,0,458,1681,0,0,0,0,0,4,0,0,0,0,0,0,0,0,2,1,0,0,5,4,1,15,0,0,1,0,0,0,0,0,0,0,0,0,1957,0,10710,1978,805,337,177,128239,1668,6,591,44716,5,10,0,0,0,0,0,0,0,0,0,0,0,0,0,0,0,0,0,0,0,32,0,0,0,0,0,0,0,0,0,0,0,0,0,0,0,0,0,0,0,0,0,0,0,0,108,41694,0,0,50305,108,0,3497,13,0,0
IN,18139,109835,0,0,3,92497,0,0,0,0,1,0,0,0,0,1672,0,2830,0,1,0,0,0,0,0,0,0,1040,1095,0,0,0,0,0,0,0,0,0,0,0,0,0,0,2,1,0,0,17,10,0,9,0,0,0,0,0,0,0,0,0,0,0,0,346,0,12252,1977,464,125,44,18662,9,0,24,18472,18,54,0,0,0,0,0,0,0,0,0,0,0,0,0,0,0,0,0,0,0,12,0,0,0,0,0,0,0,0,0,0,2,0,0,0,0,0,0,0,0,0,1,0,0,0,35,109849,0,3,95362,37,0,4514,1,0,0
IN,18141,77918,0,0,0,42079,0,0,0,0,59,1,0,0,0,2646,0,16,10,1,0,0,0,0,0,0,0,2266,201,0,0,0,0,22,0,0,0,0,0,0,2,0,9,0,0,0,951,0,0,0,154,0,0,0,1,39,0,0,0,0,0,0,0,2486,0,40885,32807,12421,5193,529,34574,409,22,868,29588,8379,627,0,0,0,0,0,0,0,0,0,0,0,0,0,0,0,0,0,0,0,0,0,0,0,0,0,0,0,0,0,0,0,0,0,0,0,2,0,0,0,0,0,0,0,0,0,77918,0,0,42095,0,0,2662,1,0,0
IN,18143,13203,0,0,0,15819,0,0,1,0,12,0,0,0,0,67,0,487,0,0,0,0,0,0,0,0,0,45,516,0,0,0,0,0,0,0,0,0,0,0,0,0,0,0,0,0,0,4,5,0,15,0,0,0,0,0,0,0,0,0,0,0,0,1805,0,6403,1417,568,219,105,56029,1059,0,17,25501,0,28,0,0,0,0,0,0,0,0,0,0,0,0,0,0,0,0,0,0,0,14,1,0,0,0,0,0,0,0,0,0,0,0,0,0,0,0,2,0,0,0,0,0,0,0,0,13218,0,0,16306,0,0,568,1,0,0
IN,18145,96008,0,0,0,91652,0,0,0,0,71,0,1,0,0,478,0,7181,0,0,0,0,0,0,0,0,0,377,748,0,0,0,0,0,0,0,0,0,0,0,0,0,0,23,0,0,0,0,2,0,20,0,0,0,0,0,0,0,0,0,0,0,0,891,0,14077,4133,1676,600,190,21912,21,0,21,24103,55,45,0,0,0,0,0,0,0,0,0,0,0,0,0,0,0,0,0,0,0,33,0,0,2,0,0,0,0,0,0,0,0,0,0,0,1,0,0,0,0,0,0,0,0,0,6,96042,0,0,98840,7,0,7692,0,0,0
IN,18147,54636,0,0,18,48998,0,0,0,19,8,0,1,0,0,312,0,6832,0,1,0,0,0,0,0,0,0,58,2453,0,0,0,0,0,19,0,0,0,2,0,0,0,0,0,0,0,0,1,1,0,768,0,18,0,0,0,0,0,0,0,0,0,0,2849,0,15290,1344,537,326,54,77063,594,0,10,42589,1637,199,0,0,0,0,0,0,0,0,0,0,0,0,0,0,0,0,0,0,0,89,0,0,0,0,0,0,0,0,0,1,7,0,0,0,1,0,0,0,0,0,0,0,1,0,30,54733,0,19,55861,38,0,7234,1,0,0
IN,18149,69882,0,0,0,23562,5,0,0,0,1974,0,0,0,0,706,0,3,4,4,0,0,0,0,0,0,0,892,245,0,0,0,0,264,0,0,0,0,0,0,106,0,1,0,0,0,3564,0,0,0,2420,0,0,0,0,37,0,0,0,0,0,0,0,2549,0,10016,4651,606,187,41,46288,439,3,76,26733,3759,785,0,14,0,0,0,0,0,0,0,0,0,0,0,0,0,0,0,0,0,7,2,0,35,0,0,0,0,0,0,0,0,0,0,0,0,2,0,0,0,0,0,0,13,0,0,69891,0,0,23565,0,0,716,6,0,0
IN,18151,38731,0,0,0,23267,0,0,0,0,2,0,0,0,0,4643,0,10,3,4,9,0,0,0,0,0,0,2707,106,0,0,0,0,0,0,0,0,0,0,0,0,0,0,0,0,0,0,0,0,0,30,0,0,0,1,0,0,0,0,0,0,0,0,9493,0,13151,6210,1973,725,73,11217,215,4,157,54399,39010,248,0,0,0,0,0,0,0,0,0,0,0,0,0,0,0,0,0,0,0,0,0,0,0,0,0,0,0,0,0,0,0,0,0,0,0,0,0,0,0,0,0,0,0,0,0,38731,0,0,23277,0,0,4653,4,0,0
IN,18153,64523,0,0,9,62392,0,0,0,96,197,0,0,0,0,1211,0,5375,11,3,0,0,0,0,0,0,0,262,662,0,0,0,0,378,0,0,0,0,929,0,0,0,0,0,0,0,16,0,2,0,41,0,0,0,0,0,0,0,0,0,0,0,0,11273,0,16058,2468,616,160,1085,74161,1637,8,30,44902,998,651,0,0,0,5,0,4,0,0,0,0,0,0,0,0,0,3,0,0,0,0,0,0,42,0,0,0,0,0,0,46,0,0,0,0,218,0,0,0,0,0,0,0,0,0,48,64741,0,55,68033,48,0,6632,3,4,0
IN,18155,3955,0,0,2,4931,0,0,1,0,1,0,0,0,0,105,0,124,0,0,0,0,0,0,0,0,0,84,628,0,0,0,0,0,0,0,0,0,0,0,0,0,0,0,0,0,0,0,0,0,5,0,0,0,0,0,0,0,0,0,0,0,0,2191,0,6480,556,188,44,119,80699,4372,8,550,37844,141,8,0,0,0,0,0,0,0,0,0,0,0,0,0,0,0,0,0,0,0,1,0,0,0,0,0,0,0,0,0,0,0,0,0,0,0,0,0,0,0,0,0,0,0,0,3,3956,0,2,5058,3,0,230,0,0,0
IN,18157,106846,0,0,0,82820,0,0,0,0,739,0,0,0,0,2928,0,21,5,32,0,0,0,0,0,0,0,608,631,0,0,0,0,1,0,0,0,0,0,0,0,0,0,50,0,0,55,11,83,0,11,0,0,0,0,0,0,0,0,0,0,0,0,2678,0,21278,14399,5097,2837,165,45305,4,0,4,34730,419,15,0,0,0,0,0,0,0,0,0,0,6,0,0,0,0,0,0,0,0,70,13,0,5,0,0,0,0,0,0,0,0,0,0,0,0,0,0,0,0,0,0,0,1,0,0,106929,0,0,82841,0,0,3019,45,0,0
IN,18159,73687,0,0,0,68299,0,0,0,0,99,0,0,0,0,1398,0,23,0,1,0,0,0,0,0,0,0,252,122,0,0,0,0,0,0,0,0,0,0,0,0,0,0,64,0,0,1,0,1,0,9,0,0,0,0,0,0,0,0,0,0,0,0,108,0,8638,1913,498,209,10,4308,1,0,207,6868,15,25,0,0,0,0,0,0,0,0,0,0,0,0,0,0,0,0,0,0,0,0,0,0,2,0,0,0,0,0,0,0,0,0,0,0,0,0,0,0,0,0,0,0,0,0,0,73687,0,0,68322,0,0,1421,1,0,0
IN,18161,31631,0,0,0,28935,0,0,0,0,1,0,0,0,0,422,0,176,0,2,0,0,0,0,0,0,0,517,256,0,0,0,0,0,0,0,0,0,0,0,0,0,0,0,0,0,0,0,0,0,14,0,0,0,0,0,0,0,0,0,0,0,0,2356,0,5996,740,128,48,6,22709,77,32,6,11663,2,5,0,0,0,0,0,0,0,0,0,0,0,0,0,0,0,0,0,0,0,3,0,0,0,0,0,0,0,0,0,0,0,0,0,0,0,0,0,0,0,0,0,0,0,0,0,31634,0,0,29111,0,0,601,2,0,0
IN,18163,27990,0,0,28,20703,0,0,0,13,6,0,0,0,0,197,0,6913,1,0,0,0,0,0,0,0,0,45,150,0,0,0,0,1,0,0,0,0,14,0,0,0,0,0,0,0,0,2,4,0,131,0,0,0,0,0,0,0,0,0,0,0,0,1843,0,15960,12971,6306,2653,51,35719,281,0,0,17581,827,249,0,0,0,0,0,12,0,0,0,0,0,0,0,0,0,1,0,0,0,88,0,0,6,0,0,0,0,0,0,1,0,0,0,0,0,0,0,0,0,0,0,0,0,0,3,28078,0,29,27619,3,0,7199,0,12,0
IN,18165,53192,0,0,69,30428,0,0,0,1,11,0,0,0,0,543,0,119,0,14,0,0,0,0,0,0,0,373,153,0,0,0,0,9,0,0,0,21,4,0,0,0,0,0,0,0,5,3,0,0,52,0,0,0,0,0,0,0,0,0,0,0,0,3991,0,8302,4351,668,126,438,40663,54,0,0,21114,1489,33,0,0,0,0,0,0,0,0,0,0,0,0,0,0,0,0,0,0,0,1,0,0,0,0,0,0,0,0,0,0,0,0,0,0,107,0,0,0,0,0,0,0,0,0,0,53300,0,69,30654,0,0,663,14,0,0
IN,18167,48688,0,0,38,47877,0,0,0,21,423,0,0,0,0,1394,0,1911,0,1,0,0,0,0,0,0,0,401,425,0,0,0,0,41,0,0,0,0,20,0,0,0,0,0,0,0,3,0,1,3,107,0,0,0,0,0,0,0,0,0,0,0,0,9496,0,21710,10125,3195,1311,543,77048,836,2,2,35211,1461,291,0,0,0,0,0,5,0,0,0,0,0,0,0,0,0,0,0,0,0,0,0,0,1,0,0,0,0,0,0,1,0,0,0,0,75,0,0,0,0,0,0,0,0,0,0,48763,0,39,49863,0,0,3306,1,5,0
IN,18169,85886,0,0,0,81116,0,0,0,0,211,0,0,0,0,4608,0,2,0,4,0,0,0,0,0,0,0,2882,215,0,0,0,0,0,0,0,0,0,2,0,0,0,0,1,0,0,0,1,0,0,31,0,0,0,0,0,0,0,0,0,0,0,0,5921,0,15475,3457,776,378,75,39271,66,0,1535,26747,253,560,0,0,0,0,0,0,0,0,0,0,2,0,0,0,0,0,0,0,0,0,0,0,0,0,0,0,0,0,0,0,0,0,0,0,0,0,0,0,0,0,0,0,0,0,3,85886,0,0,81121,3,0,4610,4,0,0
IN,18171,92926,0,0,0,63957,0,0,0,5,16,0,0,0,0,5033,0,257,0,0,0,0,0,0,0,0,0,1337,51,0,0,0,0,4,0,0,0,0,0,0,0,0,0,0,0,0,1,10,0,0,12,0,0,0,0,0,0,0,0,0,0,0,0,1216,0,7427,4507,202,67,104,36814,0,0,0,20236,141,4,0,0,0,0,0,0,0,0,0,0,0,0,0,1,0,0,0,0,0,0,0,0,0,0,0,0,0,0,0,0,0,0,0,0,200,0,0,0,0,0,0,0,0,0,0,93126,0,0,64414,0,0,5290,0,0,0
IN,18173,35689,0,0,228,29591,0,0,0,4,4,0,0,0,0,564,0,5241,0,14,0,0,0,0,0,0,0,142,1514,0,0,0,0,0,0,0,0,0,2,0,0,0,0,0,0,0,0,2,7,0,661,0,2,0,0,0,0,0,0,0,0,0,0,8237,0,16431,4919,1734,823,84,89558,4040,0,10,47828,1645,910,0,0,0,0,0,0,0,0,0,0,0,0,0,0,0,0,0,0,0,83,0,0,0,0,0,0,0,0,0,66,43,0,0,0,0,0,0,0,0,0,0,0,0,0,130,35815,0,294,34962,173,0,5954,14,0,0
IN,18175,44588,0,0,7,36931,0,0,0,0,247,0,0,0,0,485,0,2417,0,0,0,0,0,0,0,0,0,207,3134,0,0,0,0,0,0,0,0,0,5,0,0,0,0,0,0,0,0,0,0,0,30,0,0,0,0,0,0,0,0,0,0,0,0,1527,0,14644,953,397,187,72,145336,1209,0,336,77783,0,16,0,0,0,0,0,0,0,0,0,0,0,0,0,0,0,0,0,0,0,46,6,0,15,0,0,0,0,0,0,0,0,0,0,0,0,0,1,0,0,0,0,0,0,0,1,44640,0,7,39349,1,0,2948,6,0,0
IN,18177,67323,0,0,0,58977,0,0,0,0,2,0,0,0,0,2992,0,578,3,27,0,0,0,0,0,0,0,3467,538,0,1,0,0,0,0,0,0,0,0,0,0,0,0,2,0,0,0,0,0,0,141,0,0,0,0,0,0,0,0,0,0,0,0,828,0,20106,7510,2215,1008,50,42639,13,2,14,50264,11,23,0,1,0,0,0,0,0,0,0,0,0,0,0,0,0,0,0,0,0,13,0,0,3,0,0,0,0,0,0,0,2,0,0,0,0,0,0,0,0,0,0,0,0,0,26,67338,0,0,59581,28,0,3583,27,0,0
IN,18179,84837,0,0,0,91865,0,0,0,0,785,0,0,0,0,5706,0,11,1,11,0,0,0,0,0,0,0,2405,174,0,0,0,92,2,0,0,0,0,0,0,0,0,0,111,0,0,0,1,0,0,24,0,0,0,0,0,0,0,0,0,0,0,0,866,0,12932,2705,643,415,43,16688,53,0,431,15636,190,344,0,0,0,0,0,0,0,0,0,0,0,0,0,0,0,0,0,0,0,0,0,0,0,0,0,0,0,0,0,0,0,0,0,0,0,0,0,0,0,0,0,0,0,0,8,84837,0,0,91884,8,0,5717,11,0,0
IN,18181,167728,0,0,0,82305,0,0,0,0,12651,0,0,0,0,3387,0,70,0,104,0,0,0,0,0,0,0,465,468,0,0,0,0,8,0,0,0,0,0,0,0,0,2,29,0,0,178,0,1,0,424,0,0,0,0,0,0,0,0,0,0,0,0,2690,0,10487,10261,1012,380,463,17686,2,0,28,14591,30,41,0,0,0,0,0,0,0,0,0,0,0,0,0,0,0,0,0,0,0,171,17,0,0,0,0,0,0,0,0,0,0,0,0,0,0,0,0,0,0,0,0,0,0,0,0,167916,0,0,82375,0,0,3628,121,0,0
IN,18183,62581,0,0,0,60304,0,0,0,0,10,0,60,0,0,7970,0,1,10,47,0,0,0,0,0,0,0,2875,233,0,0,0,9,0,0,0,0,0,0,0,0,0,0,9,0,0,0,0,8,0,26,0,0,0,0,0,0,0,0,0,0,0,0,3003,0,12456,3023,721,462,68,28137,27,0,2080,29799,1126,1212,0,0,0,0,0,0,0,0,0,0,0,0,0,0,0,0,0,0,0,0,0,0,0,0,0,0,0,0,0,0,0,0,0,0,0,0,0,0,0,0,0,0,0,0,4,62581,0,0,60309,64,0,7971,47,0,0
IA,19001,130978,0,0,0,108163,0,0,0,2,0,0,0,0,0,388,0,0,24,4006,4,0,0,0,0,0,0,13776,38313,0,0,0,0,0,1,0,0,0,0,0,0,0,0,0,0,0,0,107,25,1,85,0,0,0,0,1,0,0,0,0,0,0,0,3609,0,14130,3676,532,73,323,15902,11,4,4708,25507,275,358,0,0,0,0,0,0,0,0,0,0,0,0,0,0,0,0,0,0,0,0,0,0,0,0,0,0,0,0,0,0,0,0,0,0,0,0,0,0,0,0,0,0,0,0,0,130978,0,0,108163,0,0,388,4006,0,0
IA,19003,83363,0,0,3,74721,0,0,0,0,0,0,0,0,0,22,0,0,2,1685,0,0,0,0,0,0,0,5761,32755,0,0,0,0,0,0,0,0,0,0,0,0,0,0,0,0,0,0,107,52,0,0,0,0,0,0,0,0,0,0,0,0,0,0,3172,0,8808,3567,157,41,239,21599,42,3,6645,28626,512,380,0,0,0,0,0,0,0,0,0,0,0,0,0,0,0,0,0,0,0,0,0,0,0,0,0,0,0,0,0,0,0,0,0,0,0,0,0,0,0,0,0,0,0,0,0,83363,0,3,74721,0,0,22,1685,0,0
IA,19005,57674,0,0,37,23825,0,0,0,0,0,0,18,0,0,3,0,0,95,1452,0,0,0,0,0,0,0,12549,1316,0,0,0,0,0,0,0,0,0,0,0,0,0,0,0,0,0,0,0,0,0,1,0,0,0,0,0,0,0,0,0,0,0,0,18805,0,13391,4352,472,125,133,157448,2411,0,28,114786,8363,4311,0,6,0,0,0,0,0,0,0,0,0,0,0,0,0,0,0,0,0,0,0,0,0,0,0,0,0,0,0,0,0,0,0,0,0,0,0,0,0,0,0,0,0,0,0,57674,0,37,23825,18,0,3,1452,0,0
IA,19007,34305,0,0,4,46120,0,0,0,1,0,0,0,0,0,511,0,14,44,1303,0,0,0,0,0,0,0,5777,49768,0,0,0,0,0,3,0,0,0,0,0,0,0,0,0,0,0,0,162,2,4,9,0,0,0,0,0,0,0,0,0,0,0,0,15168,0,12318,4335,369,84,316,83669,136,413,3460,67324,2823,1822,0,7,0,0,0,0,0,0,0,0,0,0,0,0,0,0,0,0,0,0,0,0,0,0,0,0,0,0,0,0,0,0,0,0,258,0,0,0,0,0,0,0,0,0,0,34563,0,4,46392,0,0,525,1303,0,0
IA,19009,129683,0,0,8,94518,0,0,0,0,2,0,0,0,0,62,0,0,53,878,0,0,0,0,0,0,0,4026,7732,0,0,0,0,0,0,0,0,0,0,0,0,0,0,0,0,0,0,16,3,0,0,0,0,0,0,0,0,0,0,0,0,0,0,825,0,12387,2183,226,60,117,5526,2,0,1173,23903,138,377,0,0,0,0,0,0,0,0,0,0,0,0,0,0,0,0,0,0,0,0,0,0,0,0,0,0,0,0,0,0,0,0,0,0,0,0,0,0,0,0,0,0,0,0,0,129683,0,8,94518,0,0,62,878,0,0
IA,19011,183900,0,0,0,144889,0,0,0,0,1,0,2,0,1,56,0,177,76,740,0,0,0,0,0,0,0,5342,1884,0,0,0,0,0,0,0,0,0,0,0,0,0,0,0,0,0,9,11,0,0,0,0,0,0,0,0,0,0,0,0,0,0,0,2588,0,25904,7212,1391,251,153,16695,3,0,3,60164,7178,1138,0,0,0,0,0,0,0,0,0,0,0,0,0,0,0,0,0,0,0,0,0,0,0,0,0,0,0,0,0,0,0,0,0,0,40,0,0,0,0,0,0,0,0,0,0,183940,0,0,145106,2,0,233,740,0,0
IA,19013,143919,0,0,4,92034,0,0,0,1,0,0,9,0,0,118,0,4,78,160,0,0,0,0,0,0,0,2389,416,0,0,0,0,0,0,0,0,10,0,0,0,0,1,0,0,0,0,1,0,0,0,0,0,0,0,0,0,0,0,0,0,0,0,4566,0,27730,17148,5065,2001,185,6420,48,1,0,45090,17366,1231,0,5,0,0,0,0,0,0,0,0,0,0,0,0,0,0,0,0,0,0,0,0,0,0,0,0,0,0,0,0,0,0,0,0,19,0,0,0,0,0,0,0,0,0,0,143938,0,4,92057,9,0,122,160,0,0
IA,19015,163560,0,0,0,98271,0,0,0,167,0,0,0,0,0,12,0,0,25,246,0,0,0,0,0,0,0,1976,1651,0,0,0,0,0,4,0,0,0,0,0,0,0,0,0,0,0,0,9,2,1,3,0,0,0,0,0,0,0,0,0,0,0,0,3323,0,22567,3980,887,257,148,34877,3,0,7,31767,2044,1313,0,0,0,0,0,0,0,0,0,0,0,0,0,0,0,0,0,0,0,0,0,0,0,0,0,0,0,0,0,0,0,0,0,0,0,0,0,0,0,0,0,0,0,0,0,163560,0,0,98271,0,0,12,246,0,0
IA,19017,121232,0,0,1,62488,0,0,0,0,0,0,4,0,3,40,0,0,33,154,0,0,0,0,0,0,0,3170,274,0,0,0,0,0,0,0,0,3,0,0,0,0,0,0,0,0,0,0,0,0,0,0,0,0,0,0,0,0,0,0,0,0,0,1780,0,18528,5217,1001,257,119,10061,16,0,0,42149,13892,908,0,12,0,0,0,0,0,0,0,0,0,0,0,0,0,0,0,0,0,0,0,0,0,0,0,0,0,0,0,0,0,0,0,0,0,0,0,0,0,0,0,0,0,0,0,121232,0,1,62488,4,0,40,154,0,0
IA,19019,188008,0,0,2,80098,0,0,0,0,2,0,7,0,0,81,0,1,53,683,0,0,0,0,0,0,0,3712,951,0,0,0,0,0,0,0,0,9,0,0,0,0,0,0,0,0,0,4,0,0,0,0,0,0,0,0,0,0,0,0,0,0,0,1402,0,20834,6914,1208,216,248,11963,4,0,0,43646,6358,388,0,173,0,0,0,0,0,0,0,0,0,0,0,0,0,0,0,0,0,0,0,0,0,0,0,0,0,0,0,0,0,0,0,0,8,0,0,0,0,0,0,0,0,0,0,188016,0,2,80107,7,0,82,683,0,0
IA,19021,168218,0,0,0,133299,0,0,0,0,60,0,16,0,0,7,0,0,16,38,0,0,0,0,0,0,0,1034,398,0,0,0,0,0,0,0,0,0,0,0,0,0,0,0,0,0,0,0,0,1,0,0,0,0,0,0,0,0,0,0,0,0,0,4515,0,21793,3356,796,245,114,3732,9,226,1,28350,660,4370,0,7,0,0,0,0,0,0,0,0,0,0,0,0,0,0,0,0,0,0,0,0,0,0,0,0,0,0,0,0,0,0,0,0,0,0,0,0,0,0,0,0,0,0,0,168218,0,0,133299,16,0,7,38,0,0
IA,19023,168345,0,0,0,95871,0,0,0,0,0,0,1,0,0,107,0,0,2,76,0,0,0,0,0,0,0,1797,184,0,0,0,0,0,0,0,0,0,0,0,0,0,0,0,0,0,0,0,0,0,0,0,0,0,0,0,0,0,0,0,0,0,0,1968,0,23065,3739,473,102,149,8860,42,1,0,55582,10727,1100,0,0,0,0,0,0,0,0,0,0,0,0,0,0,0,0,0,0,0,0,0,0,0,0,0,0,0,0,0,0,0,0,0,0,1,0,0,0,0,0,0,0,0,0,0,168346,0,0,95872,1,0,107,76,0,0
IA,19025,181284,0,0,3,125514,0,0,0,1,1195,0,13,0,0,4,0,0,13,123,0,0,0,0,0,0,0,597,560,0,0,0,0,0,0,0,0,0,0,0,0,0,0,0,0,0,0,0,0,1,0,0,0,0,0,0,0,0,0,0,0,0,0,2131,0,20022,2727,480,110,124,2008,2,0,1,23461,463,5430,0,0,0,0,0,0,0,0,0,0,0,0,0,0,0,0,0,0,0,0,0,0,0,0,0,0,0,0,0,0,0,0,0,0,0,0,0,0,0,0,0,0,0,0,0,181284,0,3,125514,13,0,4,123,0,0
IA,19027,196933,0,0,8,100585,0,0,0,2,433,0,4,0,0,32,0,0,230,212,0,0,0,0,0,0,0,2899,2622,0,0,0,0,0,0,0,0,0,0,0,0,0,0,0,0,0,0,5,1,0,0,0,0,0,0,0,0,0,0,0,0,0,0,863,0,22023,4473,1019,371,129,4811,6,0,19,23937,536,2771,0,0,0,0,0,0,0,0,0,0,0,0,0,0,0,0,0,0,0,0,0,0,0,0,0,0,0,0,0,0,0,0,0,0,0,0,0,0,0,0,0,0,0,0,0,196933,0,8,100585,4,0,32,212,0,0
IA,19029,143806,0,0,5,114162,0,0,0,0,0,0,0,0,0,172,0,0,4,1265,2,0,0,0,0,0,0,6247,24615,0,0,0,0,0,0,0,0,0,0,0,0,0,0,0,0,0,0,59,34,0,0,0,0,0,0,0,0,0,0,0,0,0,0,2151,0,17148,5878,754,194,123,9739,7,0,1428,31670,1415,717,0,0,0,0,0,0,0,0,0,0,0,0,0,0,0,0,0,0,0,0,0,0,0,0,0,0,0,0,0,0,0,0,0,0,0,0,0,0,0,0,0,0,0,0,0,143806,0,5,114162,0,0,172,1265,0,0
IA,19031,153422,0,0,0,104540,0,0,0,0,0,0,16,0,0,34,0,0,2,396,0,0,0,0,0,0,0,3938,2235,0,0,0,0,0,0,0,0,0,0,0,0,0,0,0,0,0,0,14,0,0,0,0,0,4,0,0,0,0,0,0,0,0,0,2115,0,21397,4288,824,191,127,27566,2,0,2,47576,3335,362,0,10,0,0,0,0,0,0,0,0,0,0,0,0,0,0,0,0,0,0,0,0,0,0,0,0,0,0,0,0,0,0,0,0,1,0,0,0,0,0,0,0,0,0,0,153423,0,0,104541,16,0,34,396,0,0
IA,19033,149105,0,0,7,105452,0,0,0,3,0,0,0,0,0,0,0,0,4,211,0,0,0,0,0,0,0,722,75,0,0,0,0,0,126,0,0,0,0,0,0,0,0,0,0,0,0,0,0,0,0,0,0,0,0,0,0,0,0,0,0,0,0,5594,0,25593,7399,2822,1026,713,5899,10,0,0,57696,2021,3591,0,0,0,0,0,0,0,0,0,0,0,0,0,0,0,0,0,0,0,0,0,0,0,0,0,0,0,0,0,0,0,0,0,0,0,0,0,0,0,0,0,0,0,0,0,149105,0,7,105452,0,0,0,211,0,0
IA,19035,147552,0,0,4,130951,0,0,0,0,4,0,1,0,0,28,0,0,0,28,0,0,0,0,0,0,0,1895,578,0,0,0,0,0,0,0,0,0,0,0,0,0,0,0,0,0,0,0,0,0,1,0,0,0,0,0,0,0,0,0,0,0,0,1400,0,20648,2227,613,126,88,8827,40,1206,9,49051,725,3474,0,0,0,0,0,0,0,0,0,0,0,0,0,0,0,0,0,0,0,0,0,0,0,0,0,0,0,0,0,0,0,0,0,0,0,0,0,0,0,0,0,0,0,0,0,147552,0,4,130951,1,0,28,28,0,0
IA,19037,134680,0,0,5,78410,0,0,0,4,0,0,2,0,0,2,0,0,5,631,0,0,0,0,0,0,0,3297,708,0,0,0,0,0,1,0,0,3,0,0,0,0,1,0,0,0,0,0,0,0,0,0,0,0,0,0,0,0,0,0,0,0,0,912,0,20019,3106,557,161,155,11851,15,0,0,61796,6859,315,0,7,0,0,0,0,0,0,0,0,0,0,0,0,0,0,0,0,0,0,0,0,0,0,0,0,0,0,0,0,0,0,0,0,0,0,0,0,0,0,0,0,0,0,0,134680,0,5,78410,2,0,2,631,0,0
IA,19039,43829,0,0,0,43689,0,0,0,4,2,0,1,0,0,385,0,0,36,2091,0,0,0,0,0,0,0,8401,41871,0,0,0,0,0,29,0,0,0,0,0,0,0,0,0,0,0,0,32,19,1,42,0,0,0,0,1,0,0,0,0,0,0,0,2783,0,10185,3368,345,87,284,57990,77,245,2818,56634,654,372,0,0,0,0,0,0,0,0,0,0,0,0,0,0,0,0,0,0,0,1,0,0,0,0,0,0,0,0,0,0,0,0,0,0,28,0,0,0,0,0,0,0,0,0,0,43858,0,0,43717,1,0,386,2091,0,0
IA,19041,160742,0,0,0,117331,0,0,0,0,0,0,0,0,0,95,0,0,0,114,0,0,0,0,0,0,0,1164,1183,0,0,0,0,0,0,0,0,0,0,0,0,0,0,0,0,0,0,0,0,0,0,0,0,0,0,0,0,0,0,0,0,0,0,3408,0,20068,2578,1150,342,54,4731,1,2104,29,41605,785,8879,0,1,0,0,0,0,0,0,0,0,0,0,0,0,0,0,0,0,0,0,0,0,0,0,0,0,0,0,0,0,0,0,0,0,0,0,0,0,0,0,0,0,0,0,0,160742,0,0,117331,0,0,95,114,0,0
IA,19043,128750,0,0,16,42419,0,0,0,0,0,0,89,0,1,26,0,0,32,1735,0,0,0,0,0,0,0,16905,3695,0,0,0,0,0,0,0,0,0,0,0,0,0,2,0,0,0,0,1,0,1,0,0,0,0,0,0,0,0,0,0,0,0,0,10836,0,17422,4822,628,128,228,148181,104,0,19,123545,5667,1974,0,98,0,0,0,0,0,0,0,0,0,0,0,0,0,0,0,0,0,0,0,0,0,0,0,0,0,0,0,0,0,0,0,0,81,0,0,0,0,0,0,0,0,0,0,128831,0,16,42500,89,0,26,1735,0,0
IA,19045,186274,0,0,0,103062,0,0,0,4,0,0,3,0,3,68,0,0,9,756,0,0,0,0,0,0,0,5366,2566,0,0,0,0,2,0,0,0,0,0,0,0,0,0,0,0,0,0,0,10,5,9,0,0,0,0,0,0,0,0,0,0,0,0,9694,0,28193,7173,2287,810,279,29638,43,0,55,57497,17637,3077,0,0,0,0,0,0,0,0,0,0,0,0,0,0,0,0,0,0,0,0,0,0,0,0,0,0,0,0,0,0,0,0,0,0,2,0,0,0,0,0,0,0,0,0,0,186276,0,0,103064,3,0,68,756,0,0
IA,19047,211862,0,0,5,134255,0,0,0,0,268,0,13,0,0,150,0,0,218,517,0,0,0,0,0,0,0,4767,4439,0,0,0,0,0,0,0,0,0,0,0,0,0,0,0,0,0,0,0,0,0,1,0,0,0,0,0,0,0,0,0,0,0,0,1096,0,26408,3317,765,221,36,9104,4,1,0,58814,149,1150,0,0,0,0,0,0,0,0,0,0,0,0,0,0,0,0,0,0,0,0,0,0,0,0,0,0,0,0,0,0,0,0,0,0,0,0,0,0,0,0,0,0,0,0,0,211862,0,5,134255,13,0,150,517,0,0
IA,19049,148194,0,0,3,91526,0,0,0,60,1,0,0,0,0,154,0,0,211,567,0,0,0,0,0,0,0,3893,4703,0,0,0,0,0,7,0,0,0,0,0,0,0,0,0,0,0,0,22,10,1,22,0,0,0,0,2,0,0,0,0,0,0,0,5199,0,23702,8756,3233,525,651,37156,19,8,246,42774,5878,1199,0,0,0,0,0,0,0,0,0,0,0,0,0,0,0,0,0,0,0,0,0,0,0,0,0,0,0,0,0,0,0,0,0,0,1,0,0,0,0,0,0,0,0,0,0,148195,0,3,91527,0,0,154,567,0,0
IA,19051,42283,0,0,31,45084,0,0,0,0,0,0,0,0,48,1696,0,6,66,1205,0,0,0,0,0,0,0,7904,42368,0,0,0,0,0,0,0,0,0,0,0,0,0,0,0,0,0,0,75,0,0,40,0,0,0,0,0,0,0,0,0,0,0,0,3059,0,11598,2994,165,28,115,79841,200,551,5431,75863,2140,319,0,0,0,0,0,0,0,0,0,0,0,0,0,0,0,0,0,0,0,0,0,0,0,0,0,0,0,0,0,0,0,0,0,0,23,0,0,0,0,0,0,0,0,0,0,42306,0,31,45113,0,0,1702,1205,0,0
IA,19053,46791,0,0,0,44279,0,0,0,0,0,0,0,0,0,597,0,0,32,1214,0,0,0,0,0,0,0,5805,65266,0,0,0,0,0,24,0,0,0,0,0,0,0,0,0,0,0,0,30,8,2,28,0,0,0,0,1,0,0,0,0,0,0,0,4611,0,12354,4627,179,35,359,79667,105,513,3446,69455,1614,317,0,0,0,0,0,0,0,0,0,0,0,0,0,0,0,0,0,0,0,0,0,0,0,0,0,0,0,0,0,0,0,0,0,0,1,0,0,0,0,0,0,0,0,0,0,46792,0,0,44280,0,0,597,1214,0,0
IA,19055,192654,0,0,2,47321,0,0,0,0,0,0,9,0,0,14,0,0,21,1514,0,0,0,0,0,0,0,9248,1557,0,0,0,0,0,0,0,0,0,0,0,0,0,0,0,0,0,0,27,0,0,0,0,0,0,0,0,0,0,0,0,0,0,0,949,0,17688,3685,828,182,219,34151,59,0,2,59433,808,219,0,0,0,0,0,0,0,0,0,0,0,0,0,0,0,0,0,0,0,0,0,0,0,0,0,0,0,0,0,0,0,0,0,0,0,0,0,0,0,0,0,0,0,0,0,192654,0,2,47321,9,0,14,1514,0,0
IA,19057,68321,0,0,0,61019,0,0,0,0,0,0,0,0,0,615,0,104,61,287,0,0,0,0,0,0,0,2569,1144,0,0,0,0,60,0,0,0,0,0,0,0,0,0,0,0,0,0,0,0,0,2,0,0,0,0,0,0,0,0,0,0,0,0,9076,0,17653,9030,2590,525,191,53617,57,15,314,38155,7936,1639,0,0,0,0,0,0,0,0,0,0,0,0,0,0,0,0,0,0,0,0,0,0,0,0,0,0,0,0,0,0,0,0,0,0,86,0,0,0,0,0,0,0,0,0,0,68407,0,0,61209,0,0,719,287,0,0
IA,19059,98567,0,0,0,72446,0,0,0,0,0,0,0,0,0,31,0,0,0,51,0,0,0,0,0,0,0,1645,65,0,0,0,0,0,1,0,0,0,0,0,0,0,0,0,0,0,0,0,0,0,0,0,0,0,0,0,0,0,0,0,0,0,0,15772,0,14168,2922,1474,346,81,306,0,4372,17,36854,15,9362,0,4,0,0,0,0,0,0,0,0,0,0,0,0,0,0,0,0,0,0,0,0,0,0,0,0,0,0,0,0,0,0,0,0,0,0,0,0,0,0,0,0,0,0,0,98567,0,0,72446,0,0,31,51,0,0
IA,19061,125605,0,0,14,28596,0,0,0,0,5,0,29,0,1,35,0,0,50,2498,0,0,0,0,0,0,0,17154,1986,0,0,0,0,0,0,0,0,0,0,0,0,0,0,0,0,0,0,0,0,0,0,0,0,2,0,0,0,0,0,0,0,0,0,5630,0,22476,10919,3422,1396,310,86565,289,0,41,85667,1464,436,0,0,0,0,0,0,0,0,0,0,0,0,0,0,0,0,0,0,0,0,0,0,0,0,0,0,0,0,0,0,0,0,0,0,0,0,0,0,0,0,0,0,0,0,0,125605,0,14,28596,29,0,35,2498,0,0
IA,19063,117537,0,0,1,78173,0,0,0,1,0,0,0,0,0,2,0,0,3,173,0,0,0,0,0,0,0,636,148,0,0,0,0,0,5,0,0,0,0,0,0,0,0,0,0,0,0,0,0,0,0,0,0,0,0,0,0,0,0,0,0,0,0,4731,0,14528,1220,302,108,177,1779,0,1500,13,29079,1404,6225,0,0,0,0,0,0,0,0,0,0,0,0,0,0,0,0,0,0,0,0,0,0,0,0,0,0,0,0,0,0,0,0,0,0,0,0,0,0,0,0,0,0,0,0,0,117537,0,1,78173,0,0,2,173,0,0
IA,19065,171408,0,0,21,103189,0,0,0,0,0,0,20,0,0,48,0,0,124,1611,0,0,0,0,0,0,0,10946,1304,0,0,0,0,0,0,0,0,3,0,0,0,0,1,0,0,0,0,0,0,0,0,0,0,0,0,0,0,0,0,0,0,0,0,1011,0,22433,6860,889,303,209,50189,98,0,1,95945,1160,242,0,17,0,0,0,0,0,0,0,0,0,0,0,0,0,0,0,0,0,0,0,0,0,0,0,0,0,0,0,0,0,0,0,0,19,0,0,0,0,0,0,0,0,0,0,171427,0,21,103208,20,0,48,1611,0,0
IA,19067,125162,0,0,6,91516,0,0,0,16,0,0,2,0,0,0,0,0,2,140,0,0,0,0,0,0,0,1878,364,0,0,0,0,0,5,0,0,0,0,0,0,0,0,0,0,0,0,0,0,0,0,0,0,0,0,0,0,0,0,0,0,0,0,1682,0,18859,4521,1214,258,274,10680,17,0,0,60468,3154,611,0,0,0,0,0,0,0,0,0,0,0,0,0,0,0,0,0,0,0,0,0,0,0,0,0,0,0,0,0,0,0,0,0,0,0,0,0,0,0,0,0,0,0,0,0,125162,0,6,91516,2,0,0,140,0,0
IA,19069,192699,0,0,0,106913,0,0,0,0,0,0,0,0,0,0,0,0,26,410,0,0,0,0,0,0,0,1030,61,0,0,0,0,0,0,0,0,0,0,0,0,0,0,0,0,0,0,0,0,0,0,0,0,0,0,0,0,0,0,0,0,0,0,826,0,22598,2977,562,124,176,4327,1,0,0,34753,4409,1157,0,0,0,0,0,0,0,0,0,0,0,0,0,0,0,0,0,0,0,0,0,0,0,0,0,0,0,0,0,0,0,0,0,0,3,0,0,0,0,0,0,0,0,0,0,192702,0,0,106916,0,0,0,410,0,0
IA,19071,107019,0,0,4,100963,0,0,0,0,179,0,0,0,0,139,0,0,0,135,0,0,0,0,0,0,0,1051,1427,0,0,0,0,0,0,0,0,0,0,0,0,0,0,0,0,0,0,0,0,41,3,0,0,0,0,0,0,0,0,0,0,0,0,4387,0,18474,4016,391,128,77,21014,63,0,0,45684,4754,20772,0,0,0,0,0,0,0,0,0,0,0,0,0,0,0,0,0,0,0,0,0,0,0,0,0,0,0,0,0,0,0,0,0,0,0,0,0,0,0,0,0,0,0,0,0,107019,0,4,100963,0,0,139,135,0,0
IA,19073,184951,0,0,2,108163,0,0,0,0,77,0,0,0,0,407,0,0,190,212,0,0,0,0,0,0,0,1737,1934,0,0,0,0,0,0,0,0,0,0,0,0,0,0,0,0,0,0,6,0,0,0,0,0,0,0,0,0,0,0,0,0,0,0,1978,0,18881,2078,382,101,144,11636,0,0,5,25427,3166,4046,0,0,0,0,0,0,0,0,0,0,0,0,0,0,0,0,0,0,0,0,0,0,0,0,0,0,0,0,0,0,0,0,0,0,1,0,0,0,0,0,0,0,0,0,0,184952,0,2,108164,0,0,407,212,0,0
IA,19075,158708,0,0,0,116292,0,0,0,0,0,0,0,0,0,0,0,0,1,26,0,0,0,0,0,0,0,844,136,0,0,0,0,0,0,0,0,0,0,0,0,0,0,0,0,0,0,0,0,0,0,0,0,0,0,0,0,0,0,0,0,0,0,188,0,18996,2840,461,108,39,1415,4,0,0,20657,763,147,0,0,0,0,0,0,0,0,0,0,0,0,0,0,0,0,0,0,0,0,0,0,0,0,0,0,0,0,0,0,0,0,0,0,1,0,0,0,0,0,0,0,0,0,0,158709,0,0,116293,0,0,0,26,0,0
IA,19077,127041,0,0,10,86987,0,0,0,0,0,0,0,0,0,215,0,0,23,1627,10,0,0,0,0,0,0,8565,22595,0,0,0,0,0,0,0,0,0,0,0,0,0,0,0,0,0,0,77,5,2,0,0,0,0,0,0,0,0,0,0,0,0,0,3541,0,16676,2853,304,67,208,44826,17,5,4014,56547,1867,1468,0,0,0,0,0,0,0,0,0,0,0,0,0,0,0,0,0,0,0,0,0,0,0,0,0,0,0,0,0,0,0,0,0,0,1,0,0,0,0,0,0,0,0,0,0,127042,0,10,86988,0,0,215,1627,0,0
IA,19079,198011,0,0,0,103242,0,0,0,238,0,0,0,0,0,1,0,0,18,29,0,0,0,0,0,0,0,1463,133,0,0,0,0,0,0,0,0,0,0,0,0,0,0,0,0,0,0,0,0,3,0,0,0,0,0,0,0,0,0,0,0,0,0,1234,0,22487,3616,1049,211,224,9830,6,0,0,24611,2506,652,0,0,0,0,0,0,0,0,0,0,0,0,0,0,0,0,0,0,0,0,0,0,0,0,0,0,0,0,0,0,0,0,0,0,0,0,0,0,0,0,0,0,0,0,0,198011,0,0,103242,0,0,1,29,0,0
IA,19081,187588,0,0,68,109954,0,0,0,49,0,0,0,0,0,0,0,0,355,86,0,0,0,0,0,0,0,729,140,0,0,0,0,0,8,0,0,0,0,0,0,0,0,0,0,0,0,0,0,0,0,0,0,0,0,0,0,0,0,0,0,0,0,1570,0,21749,2247,634,245,224,2739,3,2,0,33042,963,4408,0,0,0,0,0,0,0,0,0,0,0,0,0,0,0,0,0,0,0,0,0,0,0,0,0,0,0,0,0,0,0,0,0,0,0,0,0,0,0,0,0,0,0,0,0,187588,0,68,109954,0,0,0,86,0,0
IA,19083,184800,0,0,0,91515,0,0,0,240,0,0,0,0,0,3,0,0,40,125,0,0,0,0,0,0,0,2146,319,0,0,0,0,0,0,0,0,0,0,0,0,0,0,0,0,0,0,0,0,0,0,0,0,0,0,0,0,0,0,0,0,0,0,1361,0,23237,4033,837,232,133,15639,2,0,0,37477,1952,727,0,0,0,0,0,0,0,0,0,0,0,0,0,0,0,0,0,0,0,0,0,0,0,0,0,0,0,0,0,0,0,0,0,0,0,0,0,0,0,0,0,0,0,0,0,184800,0,0,91515,0,0,3,125,0,0
IA,19085,182114,0,0,4,105108,0,0,0,0,300,0,0,0,0,7,0,0,10,97,0,0,0,0,0,0,0,1511,755,0,0,0,0,0,0,0,0,0,0,0,0,0,0,0,0,0,0,0,0,0,2,0,0,0,0,0,0,0,0,0,0,0,0,3590,0,25085,3872,1010,193,65,34366,82,0,0,83041,3730,3621,0,0,0,0,0,0,0,0,0,0,0,0,0,0,0,0,0,0,0,0,0,0,0,0,0,0,0,0,0,0,0,0,0,0,0,0,0,0,0,0,0,0,0,0,0,182114,0,4,105108,0,0,7,97,0,0
IA,19087,74151,0,0,5,65484,0,0,0,0,0,0,0,0,0,344,0,0,112,253,0,0,0,0,0,0,0,3921,3167,0,0,0,0,2,0,0,0,0,0,0,0,0,0,0,0,0,0,28,0,0,0,0,0,0,0,0,0,0,0,0,0,0,0,2032,0,13048,5910,964,207,116,47212,46,27,1724,57823,2365,517,0,0,0,0,0,0,0,0,0,0,0,0,0,0,0,0,0,0,0,0,0,0,0,0,0,0,0,0,0,0,0,0,0,0,11,0,0,0,0,0,0,0,0,0,0,74162,0,5,65495,0,0,344,253,0,0
IA,19089,89599,0,0,1,93603,0,0,0,2,0,0,207,0,3,0,0,0,6,435,0,0,0,0,0,0,0,3504,406,0,0,0,0,0,10,0,0,0,0,0,0,0,0,0,0,0,0,0,0,0,0,0,0,0,0,0,0,0,0,0,0,0,0,403,0,15316,2781,426,133,71,12165,31,0,0,82869,932,310,0,0,0,0,0,0,0,0,0,0,0,0,0,0,0,0,0,0,0,0,0,0,0,0,0,0,0,0,0,0,0,0,0,0,1,0,0,0,0,0,0,0,0,0,0,89600,0,1,93604,207,0,0,435,0,0
IA,19091,124311,0,0,2,106975,0,0,0,5,0,0,0,0,0,0,0,0,26,166,0,0,0,0,0,0,0,444,258,0,0,0,0,0,0,0,0,0,0,0,0,0,0,0,0,0,0,0,0,0,0,0,0,0,0,0,0,0,0,0,0,0,0,1333,0,16685,2107,511,151,153,695,1,0,0,17459,5489,2094,0,0,0,0,0,0,0,0,0,0,0,0,0,0,0,0,0,0,0,0,0,0,0,0,0,0,0,0,0,0,0,0,0,0,0,0,0,0,0,0,0,0,0,0,0,124311,0,2,106975,0,0,0,166,0,0
IA,19093,129824,0,0,2,92112,0,0,0,0,11,0,28,0,0,14,0,0,2,99,0,0,0,0,0,0,0,3122,1635,0,0,0,0,0,0,0,0,0,0,0,0,0,0,0,0,0,0,0,0,2,0,0,0,0,0,0,0,0,0,0,0,0,0,572,0,15045,1613,305,94,10,1024,4,12,0,30221,56,837,0,0,0,0,0,0,0,0,0,0,0,0,0,0,0,0,0,0,0,0,0,0,0,0,0,0,0,0,0,0,0,0,0,0,0,0,0,0,0,0,0,0,0,0,0,129824,0,2,92112,28,0,14,99,0,0
IA,19095,112132,0,0,9,87048,0,0,0,0,0,0,0,0,41,127,0,0,391,900,0,0,0,0,0,0,0,7018,4455,0,0,0,0,0,0,0,0,0,0,0,0,0,0,0,0,0,1,81,0,1,0,0,0,0,0,0,0,0,0,0,0,0,0,1834,0,16721,6040,1107,215,128,26589,3,5,53,99433,8459,3164,0,0,0,0,0,0,0,0,0,0,0,0,0,0,0,0,0,0,0,0,0,0,0,0,0,0,0,0,0,0,0,0,0,0,62,0,0,0,0,0,0,0,0,0,0,112194,0,9,87110,0,0,127,900,0,0
IA,19097,91440,0,0,4,39597,0,0,0,2,0,0,4,0,0,78,0,0,4,1209,0,0,0,0,0,0,0,13665,8342,0,0,0,0,0,1,0,0,0,0,0,0,0,0,0,0,0,0,0,2,0,30,0,0,0,0,0,0,0,0,0,0,0,0,10005,0,18535,3302,708,188,138,117111,218,3,206,100519,8381,2139,0,2,0,0,0,0,0,0,0,0,0,0,0,0,0,0,0,0,0,0,0,0,0,0,0,0,0,0,0,0,0,0,0,0,1,0,0,0,0,0,0,0,0,0,0,91441,0,4,39598,4,0,78,1209,0,0
IA,19099,172765,0,0,4,133833,0,0,0,7,0,0,0,0,1,104,0,0,30,716,0,0,0,0,0,0,0,6141,4872,0,0,0,0,0,0,0,0,0,0,0,0,0,0,0,0,0,0,13,0,0,6,0,0,0,0,0,0,0,0,0,0,0,0,2418,0,26616,6264,1138,381,114,28280,22,2,30,79328,4999,532,0,0,0,0,0,0,0,0,0,0,0,0,0,0,0,0,0,0,0,2,0,0,0,0,0,0,0,0,0,0,0,0,0,0,471,0,0,0,0,0,0,0,0,0,0,173238,0,4,134304,0,0,106,716,0,0
IA,19101,64833,0,0,9,61356,0,0,0,0,0,0,0,0,1,580,0,2,186,435,0,0,0,0,0,0,0,3048,8196,0,0,0,0,2,0,0,0,0,0,0,0,0,0,0,0,0,0,32,0,0,10,0,0,0,0,0,0,0,0,0,0,0,0,1788,0,11792,5249,613,123,93,49910,19,10,3464,65926,1414,353,0,0,0,0,0,0,0,0,0,0,0,0,0,0,0,0,0,0,0,0,0,0,0,0,0,0,0,0,0,0,0,0,0,0,54,0,0,0,0,0,0,0,0,0,0,64887,0,9,61412,0,0,582,435,0,0
IA,19103,107450,0,0,0,78718,0,0,0,0,0,0,2,0,0,361,0,1,96,914,0,0,0,0,0,0,0,8721,4098,0,0,0,0,2,0,0,0,0,0,0,0,0,0,0,0,0,0,8,0,2,0,0,0,0,0,0,0,0,0,0,0,0,0,8517,0,26623,13737,4351,1633,516,43929,11,2,176,85182,8326,5627,0,0,0,0,0,0,0,0,0,0,0,0,0,0,0,0,0,0,0,0,0,0,0,0,0,0,0,0,0,0,0,0,0,0,85,0,0,0,0,0,0,0,0,0,0,107535,0,0,78804,2,0,362,914,0,0
IA,19105,144113,0,0,2,64116,0,0,0,0,0,0,4,0,46,308,0,0,10,1073,0,0,0,0,0,0,0,8472,2213,0,0,0,0,0,2,0,0,0,0,0,0,0,0,0,0,0,0,14,1,0,0,0,0,0,0,0,0,0,0,0,0,0,0,2155,0,18170,3406,866,133,212,52182,29,0,1,67356,3129,1059,0,9,0,0,0,0,0,0,0,0,0,0,0,0,0,0,0,0,0,0,0,0,0,0,0,0,0,0,0,0,0,0,0,0,0,0,0,0,0,0,0,0,0,0,0,144113,0,2,64116,4,0,308,1073,0,0
IA,19107,102728,0,0,39,89500,0,0,0,0,0,0,0,0,0,97,0,0,195,629,0,0,0,0,0,0,0,3873,5838,0,0,0,0,0,0,0,0,0,0,0,0,0,0,0,0,0,0,22,0,0,2,0,0,0,0,0,0,0,0,0,0,0,0,1393,0,14882,7790,420,75,183,35673,8,9,91,97195,8243,1602,0,0,0,0,0,0,0,0,0,0,0,0,0,0,0,0,0,0,0,0,0,0,0,0,0,0,0,0,0,0,0,0,0,0,667,0,0,0,0,0,0,0,0,0,0,103395,0,39,90167,0,0,97,629,0,0
IA,19109,310045,0,0,2,211064,0,0,0,299,0,0,0,0,0,0,0,0,6,219,0,0,0,0,0,0,0,512,280,0,0,0,0,0,7,0,0,0,0,0,0,0,0,0,0,0,0,0,0,0,0,0,0,0,0,0,0,0,0,0,0,0,0,1408,0,34807,3344,649,280,455,3574,0,7,0,43762,5149,7586,0,0,0,0,0,0,0,0,0,0,0,0,0,0,0,0,0,0,0,0,0,0,0,0,0,0,0,0,0,0,0,0,0,0,0,0,0,0,0,0,0,0,0,0,0,310045,0,2,211064,0,0,0,219,0,0
IA,19111,71842,0,0,0,62909,0,0,0,0,0,0,0,0,6,1377,0,159,293,310,0,0,0,0,0,0,0,4297,4967,0,0,0,0,54,0,0,0,0,0,0,0,0,0,0,0,0,0,13,0,1,7,0,0,0,0,0,0,0,0,0,0,0,0,14023,0,13439,9039,2181,620,316,85827,297,67,2470,61639,7029,1579,0,0,0,0,0,0,0,0,0,0,0,0,0,0,0,0,0,0,0,0,0,0,0,0,0,0,0,0,0,0,0,0,0,0,40,0,0,0,0,0,0,0,0,0,0,71882,0,0,63108,0,0,1536,310,0,0
IA,19113,151170,0,0,0,88458,0,0,0,0,0,0,2,0,0,70,0,0,22,802,0,0,0,0,0,0,0,5902,1430,0,0,0,0,0,0,0,0,1,0,0,0,0,0,0,0,0,0,5,0,0,1,0,0,0,0,0,0,0,0,0,0,0,0,5201,0,39514,22066,8787,3937,572,48275,8,0,3,75313,11010,1209,0,0,0,0,0,0,0,0,0,0,0,0,0,0,0,0,0,0,0,0,0,0,0,0,0,0,0,0,0,0,0,0,0,0,1,0,0,0,0,0,0,0,0,0,0,151171,0,0,88459,2,0,70,802,0,0
IA,19115,78835,0,0,0,59950,0,0,0,0,0,0,0,0,0,254,0,2,64,143,0,0,0,0,0,0,0,1485,710,0,0,0,0,230,0,0,0,0,0,0,0,0,0,0,0,0,0,18,1,10,5,0,0,0,0,0,0,0,0,0,0,0,0,11351,0,12672,3562,486,101,65,29068,6,0,108,44825,17924,5361,0,0,0,0,0,0,0,0,0,0,0,0,0,0,0,0,0,0,0,0,0,0,0,0,0,0,0,0,0,0,0,0,0,0,14,0,0,0,0,0,0,0,0,0,0,78849,0,0,59966,0,0,256,143,0,0
IA,19117,38123,0,0,0,34379,0,0,0,2,0,0,0,0,0,106,0,0,22,1153,0,0,0,0,0,0,0,5364,37284,0,0,0,0,0,2,0,0,0,0,0,0,0,0,0,0,0,0,35,22,0,17,0,0,0,0,0,0,0,0,0,0,0,0,3336,0,10595,2921,242,47,101,74776,75,218,1897,62750,2826,1572,0,0,0,0,0,0,0,0,0,0,0,0,0,0,0,0,0,0,0,1,0,0,0,0,0,0,0,0,0,0,0,0,0,0,1,0,0,0,0,0,0,0,0,0,0,38125,0,0,34380,0,0,107,1153,0,0
IA,19119,182329,0,0,14,112816,0,0,0,0,6,0,36,0,0,1,0,0,0,13,0,0,0,0,0,0,0,1790,70,0,0,0,0,0,0,0,0,0,0,0,0,0,0,0,0,0,0,0,0,0,0,0,0,0,0,0,0,0,0,0,0,0,0,1062,0,19799,2165,733,131,130,5879,2,226,19,45648,9,3129,0,2,0,0,0,0,0,0,0,0,0,0,0,0,0,0,0,0,0,0,0,0,0,0,0,0,0,0,0,0,0,0,0,0,0,0,0,0,0,0,0,0,0,0,0,182329,0,14,112816,36,0,1,13,0,0
IA,19121,82444,0,0,0,73599,0,0,0,5,1,0,0,0,0,184,0,0,177,2328,0,0,0,0,0,0,0,10009,33226,0,0,0,0,0,77,0,0,0,0,0,0,0,0,0,0,0,0,36,75,3,130,0,0,0,0,7,0,0,0,0,0,0,0,3397,0,13048,3743,419,86,724,65516,40,74,2465,65480,1744,832,0,0,0,0,0,0,0,0,0,0,0,0,0,0,0,0,0,0,0,1,0,0,0,0,0,0,0,0,0,0,0,0,0,0,1,0,0,0,0,0,0,0,0,0,0,82446,0,0,73600,0,0,185,2328,0,0
IA,19123,114334,0,0,6,98728,0,0,0,0,0,0,0,0,2,209,0,0,29,730,0,0,0,0,0,0,0,3925,5333,0,0,0,0,0,0,0,0,0,0,0,0,0,0,0,0,0,0,2,1,1,1,0,0,0,0,0,0,0,0,0,0,0,0,3242,0,16438,8077,1361,323,161,31865,8,14,49,76324,4213,1206,0,0,0,0,0,0,0,0,0,0,0,0,0,0,0,0,0,0,0,0,0,0,0,0,0,0,0,0,0,0,0,0,0,0,387,0,0,0,0,0,0,0,0,0,0,114721,0,6,99115,0,0,209,730,0,0
IA,19125,83245,0,0,1,65670,0,0,0,0,0,0,0,0,0,296,0,0,30,1049,0,0,0,0,0,0,0,5237,7974,0,0,0,0,0,0,0,0,0,0,0,0,0,0,0,0,0,0,7,7,1,6,0,0,0,0,0,0,0,0,0,0,0,0,22438,0,14924,6756,1436,404,437,63917,14,24,260,78616,4202,7928,0,0,0,0,0,0,0,0,0,0,0,0,0,0,0,0,0,0,0,4,0,0,0,0,0,0,0,0,0,0,0,0,0,0,256,0,0,0,0,0,0,0,0,0,0,83505,0,1,65926,0,0,300,1049,0,0
IA,19127,152861,0,0,0,111589,0,0,0,0,0,0,0,0,0,10,0,0,7,326,0,0,0,0,0,0,0,2654,1049,0,0,0,0,0,0,0,0,0,0,0,0,0,0,0,0,0,0,8,0,1,0,0,0,0,0,0,0,0,0,0,0,0,0,1579,0,23375,5671,1136,475,101,11866,3,0,2,48031,5113,861,0,0,0,0,0,0,0,0,0,0,0,0,0,0,0,0,0,0,0,0,0,0,0,0,0,0,0,0,0,0,0,0,0,0,8,0,0,0,0,0,0,0,0,0,0,152869,0,0,111597,0,0,10,326,0,0
IA,19129,94309,0,0,4,88186,0,0,0,0,0,0,0,0,0,113,0,0,0,104,0,0,0,0,0,0,0,716,1480,0,0,0,0,0,0,0,0,0,0,0,0,0,0,0,0,0,0,0,0,0,1,0,0,0,0,0,0,0,0,0,0,0,0,2937,0,14906,5039,644,173,135,18107,75,0,0,50481,2026,1982,0,0,0,0,0,0,0,0,0,0,0,0,0,0,0,0,0,0,0,0,0,0,0,0,0,0,0,0,0,0,0,0,0,0,0,0,0,0,0,0,0,0,0,0,0,94309,0,4,88186,0,0,113,104,0,0
IA,19131,112385,0,0,0,94425,0,0,0,78,0,0,309,0,6,0,0,0,45,149,0,0,0,0,0,0,0,1497,56,0,0,0,0,0,241,0,0,0,0,0,0,0,424,0,0,0,0,0,0,0,0,0,0,0,0,0,0,0,0,0,0,0,0,883,0,17492,3420,445,153,199,8552,27,2,0,55715,3482,568,0,0,0,0,0,0,0,0,0,0,0,0,0,0,0,0,0,0,0,0,0,0,0,0,0,0,0,0,0,0,0,0,0,0,1,0,0,0,0,0,0,0,0,0,0,112386,0,0,94426,309,0,0,149,0,0
IA,19133,183845,0,0,0,115410,0,0,0,0,73,0,2,0,0,1,0,0,0,71,0,0,0,0,0,0,0,2429,861,0,0,0,0,0,0,0,0,0,0,0,0,0,0,0,0,0,0,0,0,1,0,0,0,0,0,0,0,0,0,0,0,0,0,3111,0,24065,2635,591,97,3,34123,932,0,0,73541,2896,2587,0,0,0,0,0,0,0,0,0,0,0,0,0,0,0,0,0,0,0,0,0,0,0,0,0,0,0,0,0,0,0,0,0,0,0,0,0,0,0,0,0,0,0,0,0,183845,0,0,115410,2,0,1,71,0,0
IA,19135,26173,0,0,11,32806,0,0,0,0,0,0,2,0,4,381,0,34,65,1335,0,0,0,0,0,0,0,6673,30938,0,0,0,0,0,3,0,0,0,0,0,0,0,0,0,0,0,0,47,2,23,14,0,0,0,0,0,0,0,0,0,0,0,0,1558,0,8635,3534,312,91,195,92492,71,174,760,70477,662,145,0,0,0,0,0,0,0,0,0,0,0,0,0,0,0,0,0,0,0,146,0,0,0,0,0,0,0,0,0,0,0,0,0,0,59,0,0,0,0,0,0,0,0,0,0,26378,0,11,32899,2,0,561,1335,0,0
IA,19137,92950,0,0,8,85134,0,0,0,0,0,0,0,0,0,172,0,0,0,556,0,0,0,0,0,0,0,2732,8246,0,0,0,0,0,0,0,0,0,0,0,0,0,0,0,0,0,0,2,37,0,3,0,0,0,0,0,0,0,0,0,0,0,0,1674,0,13459,4461,447,151,48,12985,9,0,935,46099,1346,413,0,0,0,0,0,0,0,0,0,0,0,0,0,0,0,0,0,0,0,0,0,0,0,0,0,0,0,0,0,0,0,0,0,0,0,0,0,0,0,0,0,0,0,0,0,92950,0,8,85134,0,0,172,556,0,0
IA,19139,88284,0,0,0,66629,0,0,0,0,0,0,0,0,3,148,0,2,23,300,0,0,0,0,0,0,0,2724,557,0,0,0,0,181,0,0,0,0,0,0,0,0,0,0,0,0,0,30,0,0,36,0,0,0,0,0,0,0,0,0,0,0,0,7060,0,17313,7234,2421,950,159,28478,7,0,5,47495,15034,2291,0,16,0,0,0,0,0,0,0,0,0,0,0,0,0,0,0,0,0,0,0,0,0,0,0,0,0,0,0,0,0,0,0,0,3,0,0,0,0,0,0,0,0,0,0,88287,0,0,66634,0,0,150,300,0,0
IA,19141,172636,0,0,13,133367,0,0,0,0,0,0,0,0,0,46,0,0,0,59,0,0,0,0,0,0,0,716,31,0,0,0,0,0,0,0,0,0,0,0,0,0,0,0,0,0,0,0,0,0,0,0,0,0,0,0,0,0,0,0,0,0,0,672,0,19645,2683,953,169,113,2775,2,1666,8,28552,72,2518,0,46,0,0,0,0,0,0,0,0,0,0,0,0,0,0,0,0,0,0,0,0,0,0,0,0,0,0,0,0,0,0,0,0,183,0,0,0,0,0,0,0,0,0,0,172819,0,13,133550,0,0,46,59,0,0
IA,19143,121278,0,0,1,93632,0,0,0,0,0,0,0,0,0,164,0,0,0,14,0,0,0,0,0,0,0,658,2,0,0,0,0,0,0,0,0,0,0,0,0,0,0,0,0,0,0,0,0,0,0,0,0,0,0,0,0,0,0,0,0,0,0,753,0,13643,1726,625,83,111,92,0,1381,12,18748,1,2746,0,8,0,0,0,0,0,0,0,0,0,0,0,0,0,0,0,0,0,0,0,0,0,0,0,0,0,0,0,0,0,0,0,0,1,0,0,0,0,0,0,0,0,0,0,121279,0,1,93633,0,0,164,14,0,0
IA,19145,111655,0,0,10,104638,0,0,0,0,0,0,0,0,0,367,0,0,0,534,0,0,0,0,0,0,0,4580,6132,0,0,0,0,0,0,0,0,0,0,0,0,0,0,0,0,0,0,3,112,0,14,0,0,0,0,0,0,0,0,0,0,0,0,2090,0,16894,4723,503,183,75,24125,1,0,691,62890,1568,818,0,0,0,0,0,0,0,0,0,0,0,0,0,0,0,0,0,0,0,0,0,0,0,0,0,0,0,0,0,0,0,0,0,0,0,0,0,0,0,0,0,0,0,0,0,111655,0,10,104638,0,0,367,534,0,0
IA,19147,174193,0,0,2,117346,0,0,0,3,0,0,0,0,0,6,0,0,3,1001,0,0,0,0,0,0,0,528,235,0,0,0,0,0,36,0,0,0,0,0,0,0,0,0,0,0,0,0,0,0,0,0,0,0,0,0,0,0,0,0,0,0,0,3945,0,20078,1989,405,142,260,763,1,156,5,34809,3063,5411,0,0,0,0,0,0,0,0,0,0,0,0,0,0,0,0,0,0,0,0,0,0,0,0,0,0,0,0,0,0,0,0,0,0,49,0,0,0,0,0,0,0,0,0,0,174242,0,2,117395,0,0,6,1001,0,0
IA,19149,223981,0,0,150,176213,0,0,0,0,23,0,7,0,0,0,0,0,0,121,0,0,0,0,0,0,0,3450,350,0,0,0,0,0,0,0,0,0,0,0,0,0,0,0,0,0,0,0,0,1,0,0,0,0,0,0,0,0,0,0,0,0,0,1914,0,29524,4529,1519,313,200,12840,0,715,28,90936,447,5630,0,0,0,0,0,0,0,0,0,0,0,0,0,0,0,0,0,0,0,0,0,0,0,0,0,0,0,0,0,0,0,0,0,0,0,0,0,0,0,0,0,0,0,0,0,223981,0,150,176213,7,0,0,121,0,0
IA,19151,178547,0,0,0,138924,0,0,0,5,5,0,1,0,0,2,0,0,3,272,0,0,0,0,0,0,0,780,410,0,0,0,0,0,28,0,0,0,0,0,0,0,0,0,0,0,0,0,0,0,0,0,0,0,0,0,0,0,0,0,0,0,0,1498,0,20623,2938,427,100,353,592,0,4,1,20120,1989,3000,0,0,0,0,0,0,0,0,0,0,0,0,0,0,0,0,0,0,0,0,0,0,0,0,0,0,0,0,0,0,0,0,0,0,0,0,0,0,0,0,0,0,0,0,0,178547,0,0,138924,1,0,2,272,0,0
IA,19153,88586,0,0,0,64905,0,0,0,11,0,0,0,0,11,93,0,0,435,319,0,0,0,0,0,0,0,2100,3926,0,0,0,0,0,4,0,0,0,0,0,0,0,0,0,0,0,0,6,152,6,32,0,0,0,0,1,0,0,0,0,0,0,0,14402,0,44491,43303,16342,5929,853,29311,7,2,105,50407,9714,3137,0,0,0,0,0,0,0,0,0,0,0,0,0,0,0,0,0,0,0,0,0,0,0,0,0,0,0,0,0,0,0,0,0,0,109,0,0,0,0,0,0,0,0,0,0,88695,0,0,65014,0,0,93,319,0,0
IA,19155,238641,0,0,200,178796,0,0,0,0,3,0,0,0,0,175,0,0,0,239,0,0,0,0,0,0,0,3371,4520,0,0,0,0,0,0,0,0,0,0,0,0,0,0,0,0,0,0,0,0,0,6,0,0,0,0,0,0,0,0,0,0,0,0,4501,0,37153,14527,5454,2068,257,23790,111,0,0,94418,4105,1972,0,0,0,0,0,0,0,0,0,0,0,0,0,0,0,0,0,0,0,0,0,0,0,0,0,0,0,0,0,0,0,0,0,0,0,0,0,0,0,0,0,0,0,0,0,238641,0,200,178796,0,0,175,239,0,0
IA,19157,137603,0,0,3,104090,0,0,0,0,0,0,0,0,1,148,0,6,105,1136,0,0,0,0,0,0,0,7076,4241,0,0,0,0,0,0,0,0,0,0,0,0,0,0,0,0,0,0,7,0,2,17,0,0,0,0,0,0,0,0,0,0,0,0,1180,0,20709,4382,653,168,163,16647,2,8,21,75436,810,200,0,0,0,0,0,0,0,0,0,0,0,0,0,0,0,0,0,0,0,0,0,0,0,0,0,0,0,0,0,0,0,0,0,0,335,0,0,0,0,0,0,0,0,0,0,137938,0,3,104431,0,0,154,1136,0,0
IA,19159,70741,0,0,0,63097,0,0,0,0,2,0,0,0,0,493,0,0,18,3512,0,0,0,0,0,0,0,7524,75205,0,0,0,0,0,3,0,0,0,0,0,0,0,0,0,0,0,0,43,18,3,25,0,0,0,0,0,0,0,0,0,0,0,0,3885,0,12429,3656,169,32,267,47794,66,60,9480,45099,1016,189,0,0,0,0,0,0,0,0,0,0,0,0,0,0,0,0,0,0,0,0,0,0,0,0,0,0,0,0,0,0,0,0,0,0,0,0,0,0,0,0,0,0,0,0,0,70741,0,0,63097,0,0,493,3512,0,0
IA,19161,179831,0,0,3,121035,0,0,0,1,588,0,97,0,0,7,0,0,20,109,0,0,0,0,0,0,0,2692,1859,0,0,0,0,0,0,0,0,0,0,0,0,0,0,0,0,0,0,0,0,0,0,0,0,0,0,0,0,0,0,0,0,0,0,2153,0,22116,2967,533,148,55,3506,4,1,0,27430,844,4169,0,0,0,0,0,0,0,0,0,0,0,0,0,0,0,0,0,0,0,2,0,0,0,0,0,0,0,0,0,0,0,0,0,0,0,0,0,0,0,0,0,0,0,0,0,179833,0,3,121035,97,0,9,109,0,0
IA,19163,105666,0,0,0,63498,0,0,0,2,0,0,0,0,0,126,0,0,3,371,0,0,0,0,0,0,0,2478,416,0,0,0,0,7,0,0,0,0,0,0,0,0,0,0,0,0,0,0,141,0,5,0,0,1,0,0,0,0,0,0,0,0,0,6856,0,28790,17278,7082,3231,162,20852,11,2,10,31398,9215,2043,0,2,0,0,0,0,0,0,0,0,0,0,0,0,0,0,0,0,0,0,0,0,0,0,0,0,0,0,0,0,0,0,0,0,2,0,0,0,0,0,0,0,0,0,0,105668,0,0,63500,0,0,126,371,0,0
IA,19165,180630,0,0,10,128803,0,0,0,0,184,0,0,0,0,7,0,0,183,260,0,0,0,0,0,0,0,2572,2668,0,0,0,0,0,0,0,0,0,0,0,0,0,0,0,0,0,0,0,0,0,2,0,0,0,0,0,0,0,0,0,0,0,0,754,0,19652,3156,393,109,55,4110,3,2,44,34040,513,340,0,0,0,0,0,0,0,0,0,0,0,0,0,0,0,0,0,0,0,0,0,0,0,0,0,0,0,0,0,0,0,0,0,0,0,0,0,0,0,0,0,0,0,0,0,180630,0,10,128803,0,0,7,260,0,0
IA,19167,249498,0,0,168,144547,0,0,0,0,9,0,5,0,0,66,0,0,0,44,0,0,0,0,0,0,0,3417,78,0,0,0,0,0,0,0,0,0,0,0,0,0,0,0,0,0,0,0,0,1,0,0,0,0,0,0,0,0,0,0,0,0,0,2116,0,28993,5414,2239,377,427,5295,2,624,9,43333,145,5075,0,0,0,0,0,0,0,0,0,0,0,0,0,0,0,0,0,0,0,0,0,0,0,0,0,0,0,0,0,0,0,0,0,0,78,0,0,0,0,0,0,0,0,0,0,249576,0,168,144625,5,0,66,44,0,0
IA,19169,163622,0,0,0,109528,0,0,0,91,0,0,0,0,0,76,0,0,46,148,0,0,0,0,0,0,0,1935,1102,0,0,0,0,0,1,0,0,0,0,0,0,0,0,0,0,0,0,4,2,1,5,0,0,0,0,0,0,0,0,0,0,0,0,1463,0,27578,8358,2995,927,256,13272,5,0,4,32702,2503,555,0,0,0,0,0,0,0,0,0,0,0,0,0,0,0,0,0,0,0,0,0,0,0,0,0,0,0,0,0,0,0,0,0,0,6,0,0,0,0,0,0,0,0,0,0,163628,0,0,109534,0,0,76,148,0,0
IA,19171,163490,0,0,2,133016,0,0,0,0,0,0,1,0,0,30,0,6,8,642,0,0,0,0,0,0,0,4719,3271,0,0,0,0,0,0,0,0,0,0,0,0,0,0,0,0,0,0,15,0,0,0,0,0,0,0,0,0,0,0,0,0,0,0,2095,0,24828,5129,566,175,115,28534,4,0,13,83089,9141,3331,0,0,0,0,0,0,0,0,0,0,0,0,0,0,0,0,0,0,0,0,0,0,0,0,0,0,0,0,0,0,0,0,0,0,93,0,0,0,0,0,0,0,0,0,0,163583,0,2,133115,1,0,36,642,0,0
IA,19173,101559,0,0,70,90628,0,0,0,0,0,0,0,0,0,111,0,0,1,1852,0,0,0,0,0,0,0,4884,28272,0,0,0,0,0,0,0,0,0,0,0,0,0,0,0,0,0,0,34,67,0,2,0,0,0,0,0,0,0,0,0,0,0,0,2699,0,11798,3934,158,45,340,39515,50,4,14422,40695,564,523,0,0,0,0,0,0,0,0,0,0,0,0,0,0,0,0,0,0,0,0,0,0,0,0,0,0,0,0,0,0,0,0,0,0,0,0,0,0,0,0,0,0,0,0,0,101559,0,70,90628,0,0,111,1852,0,0
IA,19175,65174,0,0,1,61327,0,0,0,0,0,0,0,0,0,278,0,0,25,2762,0,0,0,0,0,0,0,7936,44205,0,0,0,0,0,30,0,0,0,0,0,0,0,0,0,0,0,0,75,37,3,98,0,0,0,0,0,0,0,0,0,0,0,0,5093,0,10913,3925,437,136,409,32503,111,113,4239,31847,513,416,0,0,0,0,0,0,0,0,0,0,0,0,0,0,0,0,0,0,0,4,0,0,0,0,0,0,0,0,0,0,0,0,0,0,0,0,0,0,0,0,0,0,0,0,0,65178,0,1,61327,0,0,282,2762,0,0
IA,19177,46226,0,0,1,45441,0,0,0,0,0,0,0,0,1,728,0,2,84,506,0,0,0,0,0,0,0,6419,15127,0,0,0,0,0,1,0,0,0,0,0,0,0,0,0,0,0,0,21,0,0,583,0,0,0,0,0,0,0,0,0,0,0,0,6268,0,9898,4566,138,29,182,89210,177,46,17748,68155,1890,483,0,0,0,0,0,0,0,0,0,0,0,0,0,0,0,0,0,0,0,0,0,0,0,0,0,0,0,0,0,0,0,0,0,0,9,0,0,0,0,0,0,0,0,0,0,46235,0,1,45452,0,0,730,506,0,0
IA,19179,51875,0,0,17,51667,0,0,0,0,0,0,0,0,5,1309,0,0,36,539,0,0,0,0,0,0,0,3231,16215,0,0,0,0,0,0,0,0,0,0,0,0,0,0,0,0,0,0,19,0,0,3,0,0,0,0,0,0,0,0,0,0,0,0,4115,0,13860,7461,1464,651,84,63743,96,272,354,59220,2493,224,0,0,0,0,0,0,0,0,0,0,0,0,0,0,0,0,0,0,0,0,0,0,0,0,0,0,0,0,0,0,0,0,0,0,75,0,0,0,0,0,0,0,0,0,0,51950,0,17,51742,0,0,1309,539,0,0
IA,19181,77073,0,0,2,63898,0,0,0,6,0,0,0,0,2,275,0,0,41,1020,0,0,0,0,0,0,0,6931,21128,0,0,0,0,0,4,0,0,0,0,0,0,0,0,0,0,0,0,12,11,0,13,0,0,0,0,2,0,0,0,0,0,0,0,5020,0,16652,6906,1089,206,306,68235,46,60,955,87300,6043,3601,0,0,0,0,0,0,0,0,0,0,0,0,0,0,0,0,0,0,0,0,0,0,0,0,0,0,0,0,0,0,0,0,0,0,5,0,0,0,0,0,0,0,0,0,0,77078,0,2,63903,0,0,275,1020,0,0
IA,19183,111926,0,0,0,85695,0,0,0,0,0,0,0,0,0,122,0,1,104,644,0,0,0,0,0,0,0,5097,3951,0,0,0,0,0,0,0,0,0,0,0,0,0,0,0,0,0,0,4,0,0,1,0,0,0,0,0,0,0,0,0,0,0,0,1762,0,17788,6686,1030,248,221,42931,12,1,548,80123,5010,1045,0,0,0,0,0,0,0,0,0,0,0,0,0,0,0,0,0,0,0,0,0,0,0,0,0,0,0,0,0,0,0,0,0,0,116,0,0,0,0,0,0,0,0,0,0,112042,0,0,85812,0,0,123,644,0,0
IA,19185,70663,0,0,9,66220,0,0,0,2,0,0,0,0,0,269,0,0,64,1576,0,0,0,0,0,0,0,7114,56902,0,0,0,0,0,8,0,0,0,0,0,0,0,0,0,0,0,0,32,22,1,75,0,0,0,0,0,0,0,0,0,0,0,0,3280,0,12138,3422,179,35,137,50031,68,183,3446,59891,882,692,0,0,0,0,0,0,0,0,0,0,0,0,0,0,0,0,0,0,0,2,0,0,0,0,0,0,0,0,0,0,0,0,0,0,38,0,0,0,0,0,0,0,0,0,0,70703,0,9,66258,0,0,271,1576,0,0
IA,19187,203861,0,0,0,142976,0,0,0,1,2,0,0,0,0,0,0,0,8,200,0,0,0,0,0,0,0,1304,488,0,0,0,0,0,0,0,0,0,0,0,0,0,0,0,0,0,0,0,0,0,0,0,0,0,0,0,0,0,0,0,0,0,0,3755,0,26525,6348,1961,810,812,28939,2,0,1,37713,1992,1850,0,0,0,0,0,0,0,0,0,0,0,0,0,0,0,0,0,0,0,0,0,0,0,0,0,0,0,0,0,0,0,0,0,0,0,0,0,0,0,0,0,0,0,0,0,203861,0,0,142976,0,0,0,200,0,0
IA,19189,120004,0,0,0,78903,0,0,0,16,0,0,0,0,0,0,0,0,4,15,0,0,0,0,0,0,0,166,50,0,0,0,0,0,6,0,0,0,0,0,0,0,0,0,0,0,0,0,0,0,0,0,0,0,0,0,0,0,0,0,0,0,0,1273,0,16128,1827,358,143,242,2770,0,0,0,29671,665,4888,0,0,0,0,0,0,0,0,0,0,0,0,0,0,0,0,0,0,0,0,0,0,0,0,0,0,0,0,0,0,0,0,0,0,0,0,0,0,0,0,0,0,0,0,0,120004,0,0,78903,0,0,0,15,0,0
IA,19191,116367,0,0,33,54473,0,0,0,0,0,0,55,0,87,8,0,0,163,4574,0,0,0,0,0,0,0,17534,1336,0,0,0,0,0,0,0,0,0,0,0,0,0,32,0,0,0,0,0,0,0,1,0,0,0,0,0,0,0,0,0,0,0,0,695,0,17504,8491,718,188,230,70258,462,0,0,147817,277,326,0,10,0,0,0,0,0,0,0,0,0,0,0,0,0,0,0,0,0,0,0,0,0,0,0,0,0,0,0,0,0,0,0,0,0,0,0,0,0,0,0,0,0,0,0,116367,0,33,54473,55,0,8,4574,0,0
IA,19193,215495,0,0,186,146695,0,0,0,0,253,0,0,0,0,9,0,0,0,15,0,0,0,0,0,0,0,3885,562,0,0,0,0,0,0,0,0,0,0,0,0,0,0,0,0,0,0,0,0,0,393,0,0,0,0,0,0,0,0,0,0,0,0,4320,0,40160,11824,4122,1989,125,17022,71,124,1,109528,2143,2590,0,0,0,0,0,0,0,0,0,0,0,0,0,0,0,0,0,0,0,0,0,0,0,0,0,0,0,0,0,0,0,0,0,0,0,0,0,0,0,0,0,0,0,0,0,215495,0,186,146695,0,0,9,15,0,0
IA,19195,106934,0,0,0,79224,0,0,0,29,0,0,44,0,0,0,0,0,1,53,0,0,0,0,0,0,0,329,33,0,0,0,0,0,18,0,0,0,0,0,0,0,4,0,0,0,0,0,0,0,0,0,0,0,0,0,0,0,0,0,0,0,0,1390,0,16473,1862,302,107,287,4998,5,0,0,40290,1144,3618,0,0,0,0,0,0,0,0,0,0,0,0,0,0,0,0,0,0,0,0,0,0,0,0,0,0,0,0,0,0,0,0,0,0,28,0,0,0,0,0,0,0,0,0,0,106962,0,0,79252,44,0,0,53,0,0
IA,19197,175768,0,0,19,125431,0,0,0,0,0,0,0,0,0,0,0,0,8,413,0,0,0,0,0,0,0,884,85,0,0,0,0,0,0,0,0,0,0,0,0,0,0,0,0,0,0,0,0,0,0,0,0,0,0,0,0,0,0,0,0,0,0,2163,0,20749,2762,609,210,361,2717,4,0,0,32835,5296,2501,0,0,0,0,0,0,0,0,0,0,0,0,0,0,0,0,0,0,0,0,0,0,0,0,0,0,0,0,0,0,0,0,0,0,1,0,0,0,0,0,0,0,0,0,0,175769,0,19,125432,0,0,0,413,0,0
KS,20001,26547,0,0,219,50390,0,0,0,0,0,0,1,0,0,18094,0,9889,172,83,1,0,0,0,0,0,0,574,104742,0,0,0,0,0,164,0,0,0,0,0,0,0,0,0,0,0,0,177,179,0,2061,0,0,0,0,0,0,0,1,0,0,0,0,2739,0,14650,4190,823,222,641,31600,4,492,48,53248,1295,19,0,0,0,0,0,0,0,0,0,0,0,0,0,0,0,0,0,0,0,0,0,0,0,0,0,0,0,0,0,75,0,0,0,0,0,0,0,0,0,0,6,0,0,0,2,26547,0,294,60281,3,0,28058,83,0,0
KS,20003,37663,0,0,500,67238,0,0,0,0,0,0,6,0,0,18528,0,7164,309,101,10,0,0,0,0,0,0,1421,92469,0,0,0,0,0,149,0,0,0,0,0,0,0,0,0,0,0,0,203,13,0,1519,0,0,0,0,0,0,0,6,0,0,0,0,2757,0,13951,2795,246,60,289,40044,36,1607,111,83551,578,48,0,0,0,0,0,0,0,0,0,0,0,0,0,0,0,0,0,0,0,46,0,0,0,0,0,0,0,0,0,258,0,0,0,0,1,0,0,0,0,0,0,0,0,0,11,37710,0,758,74414,17,0,25996,101,0,0
KS,20005,65386,0,0,256,65380,0,0,0,0,0,0,0,0,0,3659,0,351,11,113,0,0,0,0,0,0,0,418,48184,0,0,0,0,0,9,0,0,0,0,0,0,0,0,0,0,0,0,22,9,0,395,0,0,0,0,0,0,0,0,0,0,0,0,3967,0,11881,3128,439,209,186,43851,0,58,43,29066,755,562,0,1,0,0,0,0,0,0,0,0,0,0,0,0,0,0,0,0,0,4,0,0,0,0,0,0,0,0,0,10,0,0,0,0,0,0,0,0,0,0,0,0,0,0,0,65390,0,266,65731,0,0,4024,113,0,0
KS,20007,4178,218,0,16695,1750,1,0,0,0,0,0,0,0,0,131991,0,171,731,323,5,0,5355,0,0,0,0,2578,1768,0,0,0,0,0,1,0,0,0,0,0,0,0,0,0,0,0,0,0,1,0,2904,0,0,0,0,0,0,0,0,0,0,0,0,2727,0,24729,2015,319,26,29,17277,4,12,23,506183,1518,11,0,21,0,0,0,0,0,0,0,0,0,0,0,0,0,0,0,0,0,25,0,0,0,0,0,0,0,0,0,3587,0,0,0,0,0,0,0,0,0,0,0,0,0,0,0,4203,218,20282,1921,0,0,135774,323,0,0
KS,20009,18438,3,0,72444,26064,230,0,0,0,0,0,3,0,0,170775,0,2661,3696,2384,6,0,0,0,0,0,0,27742,6050,0,0,0,0,0,0,0,0,0,0,0,0,0,0,0,0,0,0,0,0,0,36588,0,0,0,0,0,0,0,0,0,0,0,0,10526,0,27856,6693,1582,636,42,3501,0,0,1,149481,4564,1636,0,401,0,0,0,0,0,0,0,0,0,0,0,0,0,0,0,0,0,628,0,0,0,0,0,0,0,0,0,1663,1,0,0,0,0,0,0,0,0,0,0,0,0,0,0,19067,3,74107,28725,4,0,175727,2384,0,0
KS,20011,12473,0,0,375,31980,0,0,0,0,0,0,3,0,0,7166,0,4821,40,26,0,0,0,0,0,0,0,458,197660,0,0,0,0,0,111,0,0,0,0,0,0,0,0,0,0,0,0,162,114,0,2367,0,0,0,0,0,0,0,16,0,0,0,0,4774,0,16477,3371,688,171,603,75213,8,2054,111,45389,2167,35,0,0,0,0,0,0,0,0,0,0,0,0,0,0,0,0,0,0,0,0,0,0,0,0,0,0,0,0,0,12,0,0,0,0,0,0,0,0,0,0,0,0,0,0,20,12473,0,387,36821,23,0,11999,26,0,0
KS,20013,123906,0,0,218,115982,52,0,0,0,0,0,0,0,0,3762,0,664,4,58,0,0,0,0,0,0,0,1269,25143,0,0,0,1,0,5,0,0,0,0,0,0,0,0,0,0,0,0,149,27,0,121,0,0,0,0,0,0,0,0,0,0,0,0,2457,0,13851,3821,485,117,60,28481,6,10,15,44051,1194,127,0,0,0,0,0,0,0,0,0,0,0,0,0,0,0,0,0,0,0,2,0,0,0,0,0,0,0,0,0,16,0,0,0,0,1,0,0,0,0,0,0,0,0,0,3,123909,0,234,116650,3,0,4444,58,0,0
KS,20015,67542,39,0,5636,41460,18,0,0,0,0,0,21,0,0,40098,0,10622,8,121,12,0,2,0,0,0,0,3386,50059,0,0,0,2,0,44,0,0,0,0,0,0,0,0,0,0,0,0,1,2,0,947,0,0,0,0,0,0,0,0,0,0,0,0,16565,0,29730,11624,2473,655,290,42917,11,16,0,589207,11027,13,0,42,0,0,0,0,0,0,0,0,0,0,0,0,0,0,0,0,0,19,0,0,0,0,0,0,0,0,0,1149,0,2,0,2,0,0,0,0,0,0,0,0,0,0,0,67561,41,6785,52084,21,0,51890,123,0,0
KS,20017,6153,0,0,760,14242,0,0,0,0,0,0,32,0,0,10658,0,1829,45,127,0,0,0,0,0,0,0,2265,14525,0,0,0,1,0,10,0,0,0,0,0,0,0,0,0,0,0,0,5,0,0,115,0,0,0,0,0,0,0,0,0,0,0,0,2990,0,10092,2435,625,22,15,15602,3,10,0,412060,2884,6,0,22,0,0,0,0,0,0,0,0,0,0,0,0,0,0,0,0,0,0,0,0,0,0,0,0,0,0,0,320,0,0,0,0,0,0,0,0,0,0,0,0,0,0,1,6153,0,1080,16072,33,0,12807,127,0,0
KS,20019,2162,0,0,48,4432,0,0,0,0,0,0,9,0,0,4698,0,1548,3,23,0,0,0,0,0,0,0,503,19290,0,0,0,0,0,36,0,0,0,0,0,0,0,0,0,0,0,0,5,45,0,260,0,0,0,0,0,0,0,2,0,0,0,0,3302,0,13344,1441,143,28,39,72108,313,63,7,288163,462,14,0,0,0,0,0,0,0,0,0,0,0,0,0,0,0,0,0,0,0,0,0,0,0,0,0,0,0,0,0,113,0,0,0,86,0,0,0,0,0,0,0,0,0,0,0,2162,0,161,6066,9,0,6359,109,0,0
KS,20021,46834,0,0,1917,37822,3,0,0,0,0,0,3,0,0,6438,0,69587,32,54,0,0,0,0,0,0,0,159,113818,0,0,0,0,0,97,0,0,0,0,0,0,0,0,0,0,0,0,77,10,0,2069,0,0,0,0,0,0,0,93,0,0,0,0,6294,0,17439,5831,1098,245,1888,48760,8,69,311,7624,9526,24,0,0,0,0,0,0,0,0,0,0,0,0,0,0,0,0,0,0,0,1,0,0,0,0,0,0,0,0,0,19,0,0,0,0,62,0,0,0,0,0,0,0,0,0,26,46897,0,1936,107497,29,0,76045,54,0,0
KS,20023,61435,0,0,17348,2280,896,0,0,0,0,0,67,0,0,128850,0,0,0,66,759,0,0,0,0,0,0,2996,5,0,0,0,0,0,0,0,0,0,0,0,0,0,121,0,0,0,0,0,0,0,105958,0,0,0,0,0,0,0,0,0,0,0,0,33,0,18354,529,52,28,4,276,0,0,2,308260,3486,16,0,17,0,0,0,0,0,0,0,0,0,0,0,0,0,0,0,0,0,45,0,0,0,0,0,0,0,0,0,1516,0,0,0,0,0,0,0,0,0,0,0,0,0,0,0,61480,0,18864,2280,67,0,130411,66,0,0
KS,20025,575,0,0,19777,18,1,0,0,0,0,0,0,0,0,75659,0,16,17,28,3,0,203,0,0,0,0,1962,730,0,0,0,0,0,0,0,0,0,0,0,0,0,0,0,0,0,0,0,0,0,36129,0,0,0,0,0,0,0,0,0,0,0,0,875,0,19305,630,41,10,19,242,0,0,378,463202,2400,8,0,2664,0,0,0,0,0,0,0,0,0,0,0,0,0,0,0,0,0,64,0,0,0,0,0,0,0,0,0,458,0,0,0,0,0,0,0,0,0,0,0,0,0,0,0,639,0,20235,34,0,0,76197,28,0,0
KS,20027,28585,3,0,24080,70300,1,0,0,0,0,0,0,0,0,60671,0,11781,6,255,0,0,0,0,0,0,0,4529,12902,0,0,0,0,0,1,0,0,0,0,0,0,0,0,0,0,0,0,0,2,0,362,0,0,0,0,0,0,0,0,0,0,0,0,7780,0,14288,2722,322,107,3,22209,32,5,0,155774,1297,427,0,9,0,0,0,0,0,0,0,0,0,0,0,0,0,0,0,0,0,173,0,0,0,0,0,0,0,0,0,961,0,0,0,0,0,0,0,0,0,0,0,0,0,0,0,28758,3,25041,82081,0,0,73586,255,0,0
KS,20029,24305,3,0,35588,56158,95,0,0,0,0,0,1,0,0,103894,0,2294,17,197,23,0,3,0,0,0,0,11200,8286,0,0,0,0,0,2,0,0,0,0,0,0,0,0,0,0,0,0,0,74,0,1595,0,0,0,0,0,0,0,0,0,0,0,0,2463,0,18242,3476,578,161,6,19403,0,3,0,170278,1097,10,0,51,0,0,0,0,0,0,0,0,0,0,0,0,0,0,0,0,0,13,0,0,0,0,0,0,0,0,0,293,0,0,0,4,0,0,0,0,0,0,0,0,0,0,0,24318,3,35881,58456,1,0,106494,201,0,0
KS,20031,27171,0,0,449,53877,0,0,0,0,0,0,1,0,0,20456,0,8506,35,166,1,0,0,0,0,0,0,1190,83186,0,0,0,0,0,45,0,0,0,0,0,0,0,0,0,0,0,0,96,0,0,720,0,0,0,0,0,0,0,0,0,0,0,0,18400,0,14580,4454,693,117,260,30945,0,100,22,149716,2966,338,0,1,0,0,0,0,0,0,0,0,0,0,0,0,0,0,0,0,0,15,0,0,0,0,0,0,0,0,2,189,0,0,0,0,0,0,0,0,0,0,3,0,0,0,0,27186,0,640,62383,3,0,29166,166,0,0
KS,20033,878,4,0,22605,548,0,0,0,0,0,0,0,0,0,60330,0,7,54,115,7,0,0,0,0,0,0,4008,290,0,0,0,0,0,0,0,0,0,0,0,0,0,0,0,0,0,0,0,0,0,12140,0,0,0,0,0,0,0,0,0,0,0,0,632,0,13436,703,145,22,19,1296,1,0,0,383161,1487,197,0,1092,0,0,0,0,0,0,0,0,0,0,0,0,0,0,0,0,0,1,0,0,0,0,0,0,0,0,4,2225,0,0,0,0,0,0,0,0,0,0,0,0,0,0,0,879,4,24834,555,4,0,62563,115,0,0
KS,20035,18726,2848,0,13410,27932,35,0,0,0,0,0,56,0,0,64157,0,23203,50,65,3,0,2,0,0,0,0,4001,29070,0,0,0,0,0,2,0,0,0,0,0,0,0,0,0,0,0,0,4,4,0,1913,0,0,0,0,0,0,0,0,0,0,0,0,8476,0,30988,7437,1341,503,578,44453,32,6,0,428982,11164,64,0,2,0,0,0,0,0,0,0,0,0,0,0,0,0,0,0,0,0,61,0,0,0,0,0,0,0,0,0,5212,0,61,0,1,0,0,0,0,0,0,0,0,0,0,0,18787,2909,18622,51136,56,0,92694,66,0,0
KS,20037,36918,0,0,840,41527,0,0,0,0,0,0,0,0,0,6902,0,32640,89,20,3,0,0,0,0,0,0,355,153328,0,0,0,0,0,259,0,0,0,0,0,0,0,0,0,0,0,0,83,102,0,3294,0,0,0,0,0,0,0,19,0,0,0,0,6264,0,19503,6837,1395,371,847,42129,3,32,104,16643,10156,7,0,0,0,0,0,0,0,0,0,0,0,0,0,0,0,0,0,0,0,0,0,0,0,0,0,0,0,0,0,104,0,0,0,0,8,0,0,0,0,0,0,0,0,0,22,36926,0,944,74197,22,0,39646,20,0,0
KS,20039,93107,0,0,26207,3491,193,0,0,0,0,0,8,0,0,105652,0,2,5,138,1,0,0,0,0,0,0,8700,33,0,0,0,0,2,0,0,0,0,0,0,0,0,0,0,0,0,0,0,0,0,79234,0,0,0,0,0,0,0,0,0,0,0,0,40,0,16486,686,69,15,1,92,0,0,1,231447,5649,0,0,84,0,0,0,0,0,0,0,0,0,0,0,0,0,0,0,0,0,117,0,0,0,0,0,0,0,0,1,858,0,0,0,0,0,0,0,0,0,0,0,0,0,0,0,93224,0,27066,3493,9,0,106629,138,0,0
KS,20041,15024,5,0,29905,52844,32,0,0,0,0,0,21,0,3,120667,0,19091,4,791,1,0,1,0,0,0,0,14411,32755,0,0,0,0,0,8,0,0,0,0,0,0,0,0,0,0,0,0,0,1,0,612,0,0,0,0,0,0,0,0,0,0,0,0,4067,0,20916,5899,789,246,20,24471,20,1,0,196763,3306,61,0,15,0,0,0,0,0,0,0,0,0,0,0,0,0,0,0,0,0,76,0,0,0,0,0,0,0,0,1,2522,0,0,0,51,0,0,0,0,0,0,0,0,0,0,0,15100,5,32428,71986,22,0,142356,842,0,0
KS,20043,93308,0,0,131,60809,0,0,0,0,0,0,0,0,0,614,0,143,25,34,0,0,0,0,0,0,0,340,12580,0,0,0,0,0,30,0,0,0,0,0,0,0,0,0,0,0,0,26,0,0,299,0,0,0,0,0,0,0,0,0,0,0,0,4987,0,9432,2852,533,183,118,41211,1,8,10,24027,1126,1281,0,0,0,0,0,0,0,0,0,0,0,0,0,0,0,0,0,0,0,0,0,0,0,0,0,0,0,0,0,6,0,0,0,0,0,0,0,0,0,0,0,0,0,0,0,93308,0,137,60952,0,0,763,34,0,0
KS,20045,25329,0,0,78,31323,0,0,0,0,0,0,3,0,0,7049,0,1751,8,46,0,0,0,0,0,0,0,775,54004,0,0,0,0,0,16,0,0,0,0,0,0,0,0,0,0,0,0,9,4,0,680,0,0,0,0,0,0,0,0,0,0,0,0,12340,0,18646,12991,3661,882,727,57989,30,698,12,73081,942,428,0,0,0,0,0,0,0,0,0,0,0,0,0,0,0,0,0,0,0,0,0,0,0,0,0,0,0,0,0,73,0,0,0,0,0,0,0,0,0,0,0,0,0,0,0,25329,0,151,33074,3,0,8873,46,0,0
KS,20047,65283,36,0,29433,12849,179,0,0,0,0,0,76,0,0,107553,0,2035,1933,191,18,0,1,0,6,0,0,8422,132,0,0,0,0,0,0,0,0,0,0,0,0,0,0,0,0,0,0,0,0,0,34785,0,0,0,0,0,0,0,0,0,0,0,0,376,0,13588,1313,177,48,2,256,0,0,0,114669,2628,2,0,14,0,0,0,0,0,0,0,0,0,0,0,0,0,0,0,0,0,340,0,0,0,0,0,0,0,0,0,1845,0,0,0,0,0,0,0,0,0,0,0,0,0,0,0,65623,36,31278,14884,76,0,111773,191,0,0
KS,20049,7198,0,0,377,7510,0,0,0,0,0,0,1,0,0,4383,0,2846,1,89,0,0,0,0,0,0,0,626,24825,0,0,0,0,0,10,0,0,0,0,0,0,0,0,0,0,0,0,30,0,0,386,0,0,0,0,0,0,0,0,0,0,0,0,3939,0,11468,1424,118,17,317,42430,24,166,1,307368,594,10,0,0,0,0,0,0,0,0,0,0,0,0,0,0,0,0,0,0,0,1,0,0,0,0,0,0,0,0,0,75,0,0,0,1,0,0,0,0,0,0,0,0,0,0,0,7199,0,452,10357,1,0,7305,90,0,0
KS,20051,2141,0,0,57700,895,556,0,0,0,0,0,36,0,0,99741,0,1,40,963,1,0,0,0,0,0,0,2656,11033,0,0,0,0,0,0,0,0,0,0,0,0,0,14,0,0,0,0,0,0,0,62713,0,0,0,0,0,0,0,0,0,0,0,0,535,0,17469,8757,2229,653,200,1203,0,0,9,299035,6830,1,0,399,0,0,0,0,0,0,0,0,0,0,0,0,0,0,0,0,0,1,0,0,0,0,0,0,0,0,3,484,0,0,0,0,0,0,0,0,0,0,0,0,0,0,0,2142,0,58187,896,39,0,100227,963,0,0
KS,20053,3079,1,0,29622,12075,28,0,0,0,0,0,10,0,0,85238,0,2104,27,1305,15,0,20,0,0,0,0,4114,14734,0,0,0,0,0,0,0,0,0,0,0,0,0,0,0,0,0,0,0,4,0,10731,0,0,0,0,0,0,0,0,0,0,0,0,5076,0,17931,2818,480,97,8,13394,0,0,0,259046,678,10,0,64,0,0,0,0,0,0,0,0,0,0,0,0,0,0,0,0,0,2,0,0,0,0,0,0,0,0,0,294,0,0,0,0,0,0,0,0,0,0,0,0,0,0,0,3081,1,29916,14179,10,0,87638,1305,0,0
KS,20055,83049,62,0,100249,3180,16,0,0,0,0,0,1,0,0,170386,0,74,46,30,1,0,0,0,0,0,0,49574,12,0,0,0,0,1132,0,0,0,0,0,0,0,0,3,0,0,0,0,0,0,0,119800,0,0,0,0,0,0,0,0,0,0,0,0,374,0,29232,4102,1374,235,375,1514,0,0,42,263794,813,3,0,1704,0,0,0,0,0,0,0,0,0,0,0,0,0,0,0,0,0,480,124,0,0,0,0,0,0,0,0,1893,0,0,0,0,0,0,0,0,0,0,0,0,0,0,0,83653,62,102142,3254,1,0,172833,154,0,0
KS,20057,38818,2,0,82113,3984,44,0,0,0,0,0,6,0,0,187596,0,122,185,407,0,0,53,0,2,0,0,9264,88,0,0,0,0,1,0,0,0,0,0,0,0,0,0,0,0,0,0,0,0,0,127709,0,0,0,0,0,0,0,0,0,0,0,0,1233,0,25082,3923,1291,647,125,923,0,0,8,211846,5283,0,0,251,0,0,0,0,0,0,0,0,0,0,0,0,0,0,0,0,0,1429,1,0,0,0,0,0,0,0,0,1108,0,0,0,0,0,0,0,0,0,0,0,0,0,0,0,40248,2,83221,4106,6,0,190255,408,0,0
KS,20059,26665,0,0,1112,64168,0,0,0,0,0,0,2,0,0,16926,0,5499,234,394,0,0,0,0,0,0,0,1165,75640,0,0,0,0,0,49,0,0,0,0,0,0,0,0,0,0,0,0,148,0,0,583,0,0,0,0,0,0,0,13,0,0,0,0,3003,0,14727,6325,1265,268,585,56508,12,673,85,91317,1070,100,0,2,0,0,0,0,0,0,0,0,0,0,0,0,0,0,0,0,0,282,0,0,0,0,0,0,0,0,0,534,0,0,0,0,0,0,0,0,0,0,0,0,0,0,0,26947,0,1646,69667,2,0,23241,394,0,0
KS,20061,10290,1,0,2963,11475,0,0,0,0,0,0,3,0,0,8151,0,1845,2,78,2,0,0,0,0,0,0,2559,9375,0,0,0,0,0,0,0,0,0,0,0,0,0,0,0,0,0,0,4,0,0,165,0,0,0,0,0,0,0,0,0,0,0,0,13243,0,10320,6070,1848,408,30,32489,327,35,1,144584,2175,107,0,9,0,0,0,0,0,0,0,0,0,0,0,0,0,0,0,0,0,5,0,0,0,0,0,0,0,0,0,213,0,0,0,1,0,0,0,0,0,0,0,0,0,0,0,10295,1,3176,13321,3,0,10214,79,0,0
KS,20063,65250,0,0,57119,1170,898,0,0,0,0,0,137,0,0,119675,0,6,1,1549,0,0,0,0,0,0,0,1853,144,0,0,0,0,1,0,0,0,0,0,0,0,0,8,0,0,0,0,0,0,0,87252,0,0,0,0,0,0,0,0,0,0,0,0,34,0,19542,918,111,18,3647,1473,0,0,24,321644,2135,0,0,34,0,0,0,0,0,0,0,0,0,0,0,0,0,0,0,0,0,187,1,0,0,0,0,0,0,0,0,881,0,0,0,0,0,0,0,0,0,0,0,0,0,0,0,65438,0,58000,1176,137,0,120749,1550,0,0
KS,20065,28073,0,0,67244,4796,33,0,0,0,0,0,8,0,0,85086,0,218,0,530,0,0,0,0,2,0,0,2281,837,0,0,0,0,0,0,0,0,0,0,0,0,0,0,0,0,0,0,0,0,0,59765,0,0,0,0,0,0,0,0,0,0,0,0,231,0,17418,2956,283,54,10,137,0,0,58,289779,14490,1,0,121,0,0,0,0,0,0,0,0,0,0,0,0,0,0,0,0,0,5,3,0,0,0,0,0,0,0,48,681,0,0,0,0,0,0,0,0,0,0,0,0,0,0,0,28081,0,67973,5014,56,0,85990,533,0,0
KS,20067,38931,100,0,21699,8,56,0,0,0,0,0,0,0,0,98047,0,18,16,1,4,0,0,0,0,0,0,5006,28,0,0,0,0,588,0,0,0,0,0,0,0,0,0,0,0,0,0,0,0,0,80600,0,0,0,0,0,0,0,0,0,0,0,0,303,0,15570,1060,239,85,66,127,0,0,779,97417,157,18,0,5065,0,0,0,0,0,0,0,0,0,0,0,0,0,0,0,0,0,168,120,0,0,0,0,0,0,0,0,1749,0,0,0,0,0,0,0,0,0,0,0,0,0,0,0,39219,100,23448,26,0,0,99982,121,0,0
KS,20069,69611,0,0,88934,1769,5,0,0,0,0,0,5,0,0,143481,0,85,286,17,0,0,0,0,0,0,0,17186,342,0,0,0,0,3,0,0,0,0,0,0,0,0,0,0,0,0,0,0,0,0,87595,0,0,0,0,0,0,0,0,0,0,0,0,271,0,16418,820,119,72,103,629,0,0,2,126242,363,7,0,147,0,0,0,0,0,0,0,0,0,0,0,0,0,0,0,0,0,390,15,0,0,0,0,0,0,0,0,1460,0,0,0,0,0,0,0,0,0,0,0,0,0,0,0,70016,0,90394,1854,5,0,145416,32,0,0
KS,20071,38791,0,0,89041,9,148,0,0,0,0,0,0,0,0,135141,0,0,0,126,8869,0,0,0,0,0,0,319,13,0,0,0,0,0,0,0,0,0,0,0,0,0,0,0,0,0,0,0,0,0,121439,0,0,0,0,0,0,0,0,0,0,0,0,4,0,15470,278,35,18,20,4,0,0,3,78814,36,3,0,2,0,0,0,0,0,0,0,0,0,0,0,0,0,0,0,0,0,407,0,0,0,0,0,0,0,0,0,8928,0,0,0,0,0,0,0,0,0,0,0,0,0,0,0,39198,0,97969,9,0,0,144476,126,0,0
KS,20073,10670,0,0,532,21323,0,0,0,0,0,0,9,0,0,7723,0,1517,17,103,0,0,0,0,0,0,0,1277,32524,0,0,0,0,0,9,0,0,0,0,0,0,0,0,0,0,0,0,61,5,0,341,0,0,0,0,0,0,0,0,0,0,0,0,8070,0,25488,3639,332,41,110,48138,16,124,10,574172,1283,59,0,15,0,0,0,0,0,0,0,0,0,0,0,0,0,0,0,0,0,0,0,0,0,0,0,0,0,0,2,17,0,0,0,2,0,0,0,0,0,0,0,0,0,0,0,10670,0,551,22842,11,0,9257,105,0,0
KS,20075,10047,0,0,74359,2,547,0,0,0,0,0,0,0,0,122954,0,0,0,0,479,0,0,0,0,0,0,5256,5,0,0,0,0,0,0,0,0,0,0,0,0,0,0,0,0,0,0,0,0,0,114289,0,0,0,0,0,0,0,0,0,0,0,0,516,0,17708,889,70,27,391,129,0,0,79868,203894,4359,288,0,201,0,0,0,0,0,0,0,0,0,0,0,0,0,0,0,0,0,2,0,0,0,0,0,0,0,0,0,2197,0,0,0,0,0,0,0,0,0,0,0,0,0,0,0,10049,0,76556,2,0,0,125153,0,0,0
KS,20077,3155,535,0,17213,4832,9,0,0,0,0,0,1,0,0,233096,0,1440,32,454,129,0,8163,0,0,0,0,3970,5006,0,0,0,0,0,257,0,0,0,0,0,0,0,0,0,0,0,1,0,4,0,2203,0,0,0,0,0,0,0,0,0,0,0,0,947,0,18940,2167,216,34,30,8750,0,88,0,196749,600,2,0,1381,0,0,0,0,0,0,0,0,0,0,0,0,0,0,0,0,17,310,0,0,0,0,0,0,0,0,0,3160,0,0,0,0,0,0,0,0,0,0,0,0,0,0,0,3465,535,20373,6272,1,0,238006,454,0,0
KS,20079,54845,50,0,12562,44615,0,0,0,16,0,0,32,0,0,81917,0,25526,9,261,1,0,95,0,0,0,0,2348,9378,0,0,0,0,0,27,0,0,0,0,0,0,0,0,0,0,0,0,0,0,0,595,0,0,0,0,0,0,0,0,0,0,0,0,1974,0,15098,6805,1660,640,6,10695,1,4,0,70707,1589,4,0,81,0,0,0,0,0,0,0,0,0,0,0,0,0,0,0,0,0,21,0,0,0,0,0,0,0,0,71,4491,0,0,0,1,0,0,0,0,0,0,0,0,0,0,2,54866,50,17124,70144,105,0,111955,262,0,0
KS,20081,77104,179,0,48854,2143,2,0,0,0,0,0,3,0,0,99371,0,3,13,8,0,0,0,0,0,0,0,7594,4,0,0,0,0,74,0,0,0,0,0,0,0,0,0,0,0,0,0,0,0,0,68193,0,0,0,0,0,0,0,0,0,0,0,0,228,0,16138,829,157,27,15,224,0,0,52,45267,88,2,0,1446,0,0,0,0,0,0,0,0,0,0,0,0,0,0,0,0,0,78,12,0,0,0,0,0,0,0,0,1633,0,0,0,0,0,0,0,0,0,0,0,0,0,0,0,77194,179,50487,2146,3,0,101085,20,0,0
KS,20083,9643,0,0,33406,908,7,0,0,0,0,0,9,0,0,116320,0,77,173,152,0,0,2,0,0,0,0,2084,237,0,0,0,0,0,0,0,0,0,0,0,0,0,0,0,0,0,0,0,0,0,86433,0,0,0,0,0,0,0,0,0,0,0,0,348,0,16972,518,63,24,47,342,0,0,157,276021,5573,1,0,523,0,0,0,0,0,0,0,0,0,0,0,0,0,0,0,0,0,4,1,0,0,0,0,0,0,0,12,491,0,0,0,0,0,0,0,0,0,0,0,0,0,0,0,9648,0,33909,985,21,0,116892,153,0,0
KS,20085,35409,0,0,1188,41121,0,0,0,0,0,0,0,0,0,7432,0,288,4,49,0,0,0,0,0,0,0,1362,88563,0,0,0,0,0,6,0,0,0,0,0,0,0,0,0,0,0,0,82,32,0,190,0,0,0,0,0,0,0,0,0,0,0,0,3175,0,13586,3550,535,82,118,58937,45,309,54,164454,564,68,0,2,0,0,0,0,0,0,0,0,0,0,0,0,0,0,0,0,0,1,0,0,0,0,0,0,0,0,0,18,0,0,0,0,0,0,0,0,0,0,0,0,0,0,0,35410,0,1206,41409,0,0,7739,49,0,0
KS,20087,39641,0,0,700,45371,0,0,0,0,0,0,0,0,0,5266,0,612,12,130,0,0,0,0,0,0,0,602,77623,0,0,0,0,0,12,0,0,0,0,0,0,0,0,0,0,0,0,18,24,0,459,0,0,0,0,0,0,0,0,0,0,0,0,16050,0,15736,3941,442,66,383,81639,41,426,89,65248,1092,729,0,0,0,0,0,0,0,0,0,0,0,0,0,0,0,0,0,0,0,0,0,0,0,0,0,0,0,0,0,2,0,0,0,1,0,0,0,0,0,0,0,0,0,0,0,39641,0,702,45984,0,0,5880,131,0,0
KS,20089,26882,0,0,58385,73471,48,0,0,0,0,0,38,0,0,118485,0,4444,9,784,31,0,0,0,0,0,0,9962,5986,0,0,0,0,0,0,0,0,0,0,0,0,0,0,0,0,0,0,0,12,0,3510,0,0,0,0,0,0,0,0,0,0,0,0,4219,0,19033,4062,166,29,14,22675,0,0,0,231537,950,12,0,4,0,0,0,0,0,0,0,0,0,0,0,0,0,0,0,0,0,117,0,0,0,0,0,0,0,0,0,380,1,0,0,0,0,0,0,0,0,0,0,0,0,0,0,27000,0,58765,77915,39,0,123426,784,0,0
KS,20091,13356,0,0,57,24359,7,0,0,0,0,0,1,0,0,5159,0,1821,8,39,0,0,0,0,0,0,0,203,48342,0,0,0,0,0,24,0,0,0,0,0,0,0,0,0,0,0,0,255,37,0,1172,0,0,0,0,0,0,0,8,0,0,0,0,4480,0,50701,61766,20866,6865,3767,34084,1,103,381,28605,586,149,0,0,0,0,0,0,0,0,0,0,0,0,0,0,0,0,0,0,0,6,0,0,0,0,0,0,0,0,0,7,0,0,0,0,1,0,0,0,0,0,0,0,0,0,0,13363,0,64,26181,1,0,6993,39,0,0
KS,20093,32130,42,0,66861,328,16,0,0,0,0,0,0,0,0,105499,0,120,226,0,187,0,0,0,0,0,0,29972,1,0,0,0,0,502,0,0,0,0,0,0,0,0,0,0,0,0,0,0,0,0,95741,0,0,0,0,0,0,0,0,0,0,0,0,468,0,17214,597,91,20,32,746,0,0,18421,181586,2147,377,0,801,0,0,0,0,0,0,0,0,0,0,0,0,0,0,0,0,0,860,6,0,0,0,0,0,0,0,111,2661,0,0,0,0,0,0,0,0,0,0,0,0,0,0,0,32996,42,69633,448,111,0,109140,6,0,0
KS,20095,12506,132,0,14481,7353,4,0,0,0,0,0,27,0,0,185504,0,4675,59,417,137,0,2756,0,0,0,0,3833,12720,0,0,0,0,0,2,0,0,0,0,0,0,0,0,0,0,0,6,1,0,0,2623,0,0,0,0,0,0,0,0,0,0,0,0,4343,0,20785,2701,309,38,5,13326,0,0,1,258404,1030,10,0,470,0,0,0,0,0,0,0,0,0,0,0,0,0,0,0,0,0,38,0,0,0,0,0,0,0,0,0,6092,0,0,0,0,0,0,0,0,0,0,0,0,0,0,0,12544,132,20573,12028,27,0,196309,417,0,0
KS,20097,31967,11,0,23698,7795,3,0,0,0,0,0,6,0,0,72751,0,761,2995,121,2,0,1,0,8,0,0,3721,604,0,0,0,0,0,0,0,0,0,0,0,0,0,0,0,0,0,0,0,0,0,26009,0,0,0,0,0,0,0,0,0,0,0,0,389,0,14499,1128,292,26,4,413,0,0,9,273479,840,6,0,148,0,0,0,0,0,0,0,0,0,0,0,0,0,0,0,0,0,139,0,0,0,0,0,0,0,0,0,651,0,0,0,0,0,0,0,0,0,0,0,0,0,0,0,32106,11,24349,8556,6,0,74302,121,0,0
KS,20099,40014,0,0,1390,24397,3,0,0,0,0,0,49,0,0,15581,0,40951,162,240,0,0,0,0,0,0,0,821,192809,0,0,0,0,0,594,0,0,0,0,0,0,0,0,0,0,0,0,205,41,0,3881,0,0,0,0,0,0,0,67,0,0,0,0,4467,0,20248,5991,1063,218,430,39595,12,320,9,20932,3327,100,0,0,0,0,0,0,0,0,0,0,0,0,0,0,0,0,0,0,0,28,0,0,0,0,0,0,0,0,0,15,0,0,0,0,156,0,0,0,0,0,0,0,0,0,0,40198,0,1405,65504,49,0,56575,240,0,0
KS,20101,10569,0,0,59081,528,6,0,0,0,0,0,1,0,0,113412,0,4,90,58,0,0,0,0,0,0,0,689,61,0,0,0,0,27,0,0,0,0,0,0,0,0,120,0,0,0,0,0,0,0,80899,0,0,0,0,0,0,0,0,0,0,0,0,75,0,12096,415,92,13,827,1815,0,0,4,176380,631,3,0,880,0,0,0,0,0,0,0,0,0,0,0,0,0,0,0,0,0,133,18,0,0,0,0,0,0,0,0,232,0,0,0,0,0,0,0,0,0,0,0,0,0,0,0,10720,0,59313,532,1,0,113781,76,0,0
KS,20103,21510,0,0,142,31241,2,0,0,0,0,0,1,0,0,4070,0,903,30,161,0,0,0,0,0,0,0,503,69611,0,0,0,0,0,19,0,0,0,0,0,0,0,0,0,0,0,0,44,3,0,452,0,0,0,0,0,0,0,1,0,0,0,0,5248,0,19158,9033,1776,469,608,77496,4,227,97,53959,2884,324,0,0,0,0,0,0,0,0,0,0,0,0,0,0,0,0,0,0,0,1,0,0,0,0,0,0,0,0,0,4,0,0,0,2,0,0,0,0,0,0,0,0,0,0,0,21511,0,146,32146,1,0,4978,163,0,0
KS,20105,3843,1,0,41336,26045,10,0,0,0,0,0,2,0,0,98502,0,2036,12,1472,2,0,10,0,0,0,0,7868,9999,0,0,0,0,0,1,0,0,0,0,0,0,0,0,0,0,0,0,0,8,0,6738,0,0,0,0,0,0,0,0,0,0,0,0,1130,0,14042,2117,185,27,36,11095,0,1,0,233137,496,10,0,30,0,0,0,0,0,0,0,0,0,0,0,0,0,0,0,0,0,2,0,0,0,0,0,0,0,0,0,556,0,0,0,0,0,0,0,0,0,0,0,0,0,0,0,3845,1,41892,28081,2,0,101096,1472,0,0
KS,20107,14644,0,0,217,57307,4,0,0,0,0,0,0,0,0,11249,0,4478,48,66,4,0,0,0,0,0,0,375,133905,0,0,0,0,0,183,0,0,0,0,0,0,0,0,0,0,0,0,307,117,0,1979,0,0,0,0,0,0,0,136,0,0,0,0,10469,0,16664,3434,409,118,768,89303,36,1721,677,31841,7062,366,0,0,0,0,0,0,0,0,0,0,0,0,0,0,0,0,0,0,0,1,0,0,0,0,0,0,0,0,0,142,0,0,0,0,10,0,0,0,0,0,2,0,0,0,0,14655,0,359,61795,0,0,15870,66,0,0
KS,20109,77192,0,0,52568,201,20,0,0,0,0,0,12,0,0,106048,0,3,0,7,427,0,0,0,0,0,0,301,73,0,0,0,0,0,0,0,0,0,0,0,0,0,223,0,0,0,0,0,0,0,105705,0,0,0,0,0,0,0,0,0,0,0,0,20,0,18042,620,107,29,1869,1238,0,0,0,320201,393,3,0,367,0,0,0,0,0,0,0,0,0,0,0,0,0,0,0,0,0,6,0,0,0,0,0,0,0,0,0,1132,0,0,0,0,0,0,0,0,0,0,0,0,0,0,0,77198,0,53700,204,12,0,107189,7,0,0
KS,20111,27143,0,0,1668,59626,1,0,0,0,0,0,0,0,0,23730,0,2501,35,153,0,0,0,0,0,0,0,3489,52894,0,0,0,47,0,5,0,0,0,0,0,0,0,0,0,0,0,0,16,0,0,518,0,0,0,0,0,0,0,0,0,0,0,0,4155,0,20695,7930,2267,709,149,28953,6,43,5,308383,1704,56,0,140,0,0,0,0,0,0,0,0,0,0,0,0,0,0,0,0,0,2,0,0,0,0,0,0,0,0,26,158,0,0,0,9,0,0,0,0,0,0,0,0,0,0,103,27145,0,1852,62239,129,0,26391,162,0,0
KS,20113,40606,2,0,23816,44753,35,0,0,93,0,0,6,0,0,201478,0,19645,49,474,17,0,201,0,0,0,0,9937,12651,0,0,0,0,0,1,0,0,0,0,0,0,0,0,0,0,0,0,0,0,0,1398,0,0,0,0,0,0,0,0,0,0,0,0,2198,0,24507,8058,1482,473,8,17514,3,5,0,162814,2174,18,0,302,0,0,0,0,0,0,0,0,0,0,0,0,0,0,0,0,0,34,0,0,0,0,0,0,0,0,41,1846,0,0,0,4,0,0,0,0,0,0,0,0,0,0,0,40640,2,25703,64402,47,0,223003,478,0,0
KS,20115,44529,100,0,14726,43964,9,0,0,0,0,0,13,0,78,114555,0,22999,1,949,27,0,68,0,0,0,0,13061,42383,0,0,0,0,0,21,0,0,0,0,0,0,0,0,0,0,0,0,2,0,0,543,0,0,0,0,0,0,0,0,0,0,0,0,8085,0,23022,4572,585,94,66,20707,21,16,2,247084,3411,2,0,270,0,0,0,0,0,0,0,0,0,0,0,0,0,0,0,0,10,28,0,0,0,0,0,0,0,0,6,4073,0,0,0,44,0,0,0,0,0,0,0,0,0,0,0,44557,100,18805,67007,19,0,141655,993,0,0
KS,20117,105600,3,0,6547,130053,10,0,0,0,0,0,1,0,0,47626,0,496,82,383,0,0,0,0,0,0,0,4051,6251,0,0,0,0,0,0,0,0,0,0,0,0,0,0,0,0,0,0,24,0,0,362,0,0,0,0,0,0,0,0,0,0,0,0,3468,0,20904,4139,507,143,18,52786,389,144,30,193036,1035,394,0,23,0,0,0,0,0,0,0,0,0,0,0,0,0,0,0,0,0,6,0,0,0,0,0,0,0,0,0,375,0,0,0,4,0,0,0,0,0,0,0,0,0,0,2,105606,3,6922,130555,3,0,48503,387,0,0
KS,20119,79047,4,0,25737,4541,3,0,0,0,0,0,0,0,0,87108,0,323,2,19,0,0,218,0,0,0,0,1863,511,0,0,0,0,153,0,0,0,0,0,0,0,0,0,0,0,0,0,0,0,0,58584,0,0,0,0,0,0,0,0,0,0,0,0,549,0,19644,905,71,60,71,1610,0,0,182,339320,3351,20,0,158,0,0,0,0,0,0,0,0,0,0,0,0,0,0,0,0,0,303,42,0,0,0,0,0,0,0,0,2581,0,0,0,0,0,0,0,0,0,0,0,0,0,0,0,79392,4,28318,4864,0,0,90315,61,0,0
KS,20121,19028,0,0,216,46860,4,0,0,0,0,0,0,0,0,8331,0,4332,11,35,0,0,0,0,0,0,0,318,156921,0,0,0,0,0,61,0,0,0,0,0,0,0,0,0,0,0,0,565,94,0,1346,0,0,0,0,0,0,0,61,0,0,0,0,9698,0,18447,9640,1096,226,820,61955,13,598,1286,33447,2048,220,0,0,0,0,0,0,0,0,0,0,0,0,0,0,0,0,0,0,0,0,0,0,2,0,0,0,0,0,0,69,0,0,0,0,3,0,0,0,0,0,2,0,0,0,0,19031,0,285,51195,0,0,12732,35,0,0
KS,20123,17102,0,0,47490,41027,122,0,0,0,0,0,36,0,0,148890,0,5499,3,1005,11,0,2,0,0,0,0,6028,6865,0,0,0,0,0,0,0,0,0,0,0,0,0,1,0,0,0,0,0,125,0,5809,0,0,0,0,0,0,0,0,0,0,0,0,12827,0,14449,3754,577,125,15,9708,0,0,0,135782,635,6,0,5,0,0,0,0,0,0,0,0,0,0,0,0,0,0,0,0,0,322,0,0,0,0,0,0,0,0,0,1682,13,0,0,0,0,0,0,0,0,0,0,0,0,0,0,17437,0,49172,46526,49,0,156393,1005,0,0
KS,20125,32946,0,0,625,18629,0,0,0,0,0,0,6,0,0,14128,0,26345,10,118,0,0,0,0,0,0,0,1130,107418,0,0,0,0,0,227,0,0,0,0,0,0,0,0,0,0,0,0,20,0,0,1458,0,0,0,0,0,0,0,310,0,0,0,0,7061,0,20466,9589,2270,735,596,61648,1,835,3,107858,1954,236,0,0,0,0,0,0,0,0,0,0,0,0,0,0,0,0,0,0,0,20,0,0,0,0,0,0,0,0,0,208,0,0,0,3,1,0,0,0,0,0,0,0,0,0,0,32967,0,833,44978,6,0,40701,121,0,0
KS,20127,17425,1,0,6720,30112,55,0,0,0,0,0,11,0,0,28965,0,3892,10,231,0,0,0,0,0,0,0,4108,31498,0,0,0,0,0,1,0,0,0,0,0,0,0,0,0,0,0,0,21,0,0,645,0,0,0,0,0,0,0,0,0,0,0,0,4722,0,14562,2492,288,85,14,20225,4,11,5,280768,1256,8,0,12,0,0,0,0,0,0,0,0,0,0,0,0,0,0,0,0,0,99,0,0,0,0,0,0,0,0,0,1549,0,0,0,2,0,0,0,0,0,0,0,0,0,0,0,17524,1,8269,34006,11,0,34505,233,0,0
KS,20129,17214,4,0,57393,6,37,0,0,0,0,0,0,0,0,85328,0,1,0,0,3,0,3,0,0,0,0,479,7,0,0,0,0,12,0,0,0,0,0,0,0,0,0,0,0,0,0,0,0,795,64956,0,0,0,0,0,0,0,0,0,0,0,0,80,0,19689,737,65,10,37,80,0,0,40773,175780,2566,474,0,35,0,0,0,0,0,0,0,0,0,0,0,0,0,0,0,0,0,5,0,0,0,0,0,0,0,0,0,595,0,0,0,0,0,0,0,0,0,0,0,0,0,0,0,17219,4,57988,7,0,0,85929,0,0,0
KS,20131,107217,0,0,1285,108169,3,0,0,0,0,0,2,0,0,11026,0,759,1,139,0,0,0,0,0,0,0,5297,24454,0,0,0,8,0,1,0,0,0,0,0,0,0,0,0,0,0,0,298,4,0,177,0,0,0,0,0,0,0,0,0,0,0,0,2031,0,17001,3225,407,132,120,42034,11,45,55,135703,522,34,0,10,0,0,0,0,0,0,0,0,0,0,0,0,0,0,0,0,0,3,14,0,0,0,0,0,0,0,1,214,0,0,0,22,0,0,0,0,0,0,0,0,0,0,2,107234,0,1500,108952,5,0,12002,175,0,0
KS,20133,28729,0,0,440,36678,0,0,0,0,0,0,0,0,0,12209,0,24216,87,204,0,0,0,0,0,0,0,713,148924,0,0,0,0,0,355,0,0,0,0,0,0,0,0,0,0,0,0,89,263,0,1871,0,0,0,0,0,0,0,64,0,0,0,0,5081,0,16009,5416,1066,352,655,39316,7,195,24,42212,4607,103,0,0,0,0,0,0,0,0,0,0,0,0,0,0,0,0,0,0,0,36,0,0,0,0,0,0,0,0,0,7,0,0,0,0,2,0,0,0,0,0,0,0,0,0,0,28767,0,447,60896,0,0,36468,204,0,0
KS,20135,3379,0,0,64089,399,1,0,0,0,0,0,19,0,0,130358,0,0,6,59,37,0,0,0,0,0,0,2056,791,0,0,0,0,0,0,0,0,0,0,0,0,0,0,0,0,0,0,0,0,0,104707,0,0,0,0,0,0,0,0,0,0,0,0,249,0,21514,1086,177,55,138,995,0,0,544,347721,9186,1,0,219,0,0,0,0,0,0,0,0,0,0,0,0,0,0,0,0,0,1,0,0,0,0,0,0,0,0,2,209,0,0,0,0,0,0,0,0,0,0,0,0,0,0,0,3380,0,64300,399,21,0,130568,59,0,0
KS,20137,67891,0,0,45377,12814,2,0,0,0,0,0,91,0,0,81386,0,40,0,727,0,0,0,0,0,0,0,4831,1571,0,0,0,0,0,0,0,0,0,0,0,0,0,0,0,0,0,0,0,0,0,40415,0,0,0,0,0,0,0,0,0,0,0,0,1188,0,18886,2648,321,96,2,220,0,0,16,271457,12560,149,0,98,0,0,0,0,0,0,0,0,0,0,0,0,0,0,0,0,0,301,0,0,0,0,0,0,0,0,0,1019,0,0,0,0,0,0,0,0,0,0,0,0,0,0,0,68192,0,46396,12854,91,0,82746,727,0,0
KS,20139,33239,0,0,1047,61286,0,0,0,0,0,0,29,0,0,13298,0,4504,15,96,0,0,0,0,0,0,0,1259,76893,0,0,0,0,0,18,0,0,0,0,0,0,0,0,0,0,0,0,14,0,0,344,0,0,0,0,0,0,0,0,0,0,0,0,12755,0,16602,6340,898,120,207,51250,2,429,11,179323,550,45,0,0,0,0,0,0,0,0,0,0,0,0,0,0,0,0,0,0,0,0,0,0,0,0,0,0,0,0,0,114,0,0,0,1,0,0,0,0,0,0,0,0,0,0,0,33239,0,1161,65791,29,0,17916,97,0,0
KS,20141,9623,0,0,58811,25677,429,0,0,0,0,0,65,0,0,126749,0,537,79,1255,2,0,0,0,0,0,0,4703,8616,0,0,0,0,0,0,0,0,0,0,0,0,0,0,0,0,0,0,0,66,0,22898,0,0,0,0,0,0,0,0,0,0,0,0,1383,0,15089,5437,254,56,116,9957,0,0,1,277993,1624,12,0,140,0,0,0,0,0,0,0,0,0,0,0,0,0,0,0,0,0,4,0,0,0,0,0,0,0,0,0,721,31,0,0,0,0,0,0,0,0,0,0,0,0,0,0,9658,0,59532,26214,96,0,128011,1255,0,0
KS,20143,6097,2,0,26186,37884,5,0,0,0,0,0,3,0,0,96039,0,8980,3,522,6,0,1,0,0,0,0,12057,9536,0,0,0,0,0,0,0,0,0,0,0,0,0,0,0,0,0,0,0,5,0,1233,0,0,0,0,0,0,0,0,0,0,0,0,3402,0,16407,1971,286,40,1,16309,0,6,0,221581,1175,9,0,28,0,0,0,0,0,0,0,0,0,0,0,0,0,0,0,0,0,2,0,0,0,0,0,0,0,0,0,2150,0,0,0,32,0,0,0,0,0,0,0,0,0,0,0,6099,2,28336,46896,3,0,107171,554,0,0
KS,20145,32249,7,0,53145,10426,60,0,0,0,0,0,26,0,0,152280,0,3078,5321,214,4,0,1,0,3,0,0,18338,382,0,0,0,0,0,0,0,0,0,0,0,0,0,0,0,0,0,0,0,0,0,71762,0,0,0,0,0,0,0,0,0,0,0,0,344,0,18724,1927,288,101,1,572,1,0,5,107239,4180,1,0,26,0,0,0,0,0,0,0,0,0,0,0,0,0,0,0,0,0,200,0,0,0,0,0,0,0,0,22,1938,0,0,0,0,0,0,0,0,0,0,0,0,0,0,0,32449,7,55105,13504,48,0,157496,214,0,0
KS,20147,24313,0,0,57540,21139,278,0,0,0,0,0,1,0,0,94034,0,537,169,2779,1,0,0,0,0,0,0,9324,1845,0,0,0,0,0,0,0,0,0,0,0,0,0,0,0,0,0,0,0,2,0,27593,0,0,0,0,0,0,0,0,0,0,0,0,2219,0,17712,6221,505,161,17,3633,0,0,31,289931,9395,2416,0,16,0,0,0,0,0,0,0,0,0,0,0,0,0,0,0,0,0,219,0,0,0,0,0,0,0,0,117,556,0,0,0,0,0,0,0,0,0,0,0,0,0,0,0,24532,0,58213,21676,118,0,95346,2779,0,0
KS,20149,37908,0,0,1570,37881,2,0,0,0,0,0,0,0,0,5336,0,590,18,135,11,0,0,0,0,0,0,5041,16931,0,0,0,1,0,7,0,0,0,0,0,0,0,0,0,0,0,0,18,52,0,201,0,0,0,0,0,0,0,0,0,0,0,0,13860,0,17759,6007,1355,414,742,61844,471,165,6,340829,1442,1067,0,28,0,0,0,0,0,0,0,0,0,0,0,0,0,0,0,0,0,2,0,0,3,0,0,0,0,0,1,48,0,0,0,1,0,0,0,0,0,0,0,0,0,0,1,37910,0,1619,38473,2,0,5976,136,0,0
KS,20151,63719,2191,0,26165,11906,3,0,0,0,0,0,187,0,0,168761,0,3737,2099,407,114,0,152,0,0,0,0,4388,856,0,0,0,0,0,0,0,0,0,0,0,0,0,0,0,0,0,0,0,0,0,12184,0,0,0,0,0,0,0,0,0,0,0,0,622,0,16951,2520,504,119,2,2316,0,0,1,142808,2032,19,0,46,0,0,0,0,0,0,0,0,0,0,0,0,0,0,0,0,0,541,0,0,0,0,0,0,0,0,0,5526,1,0,0,0,0,0,0,0,0,0,0,0,0,0,0,64261,2191,31691,15643,188,0,178565,407,0,0
KS,20153,80392,0,0,55802,880,896,0,0,0,0,0,6,0,0,111825,0,2,0,247,35,0,0,0,0,0,0,7695,201,0,0,0,0,1,0,0,0,0,0,0,0,0,1628,0,0,0,0,0,0,0,99269,0,0,0,0,0,0,0,0,0,0,0,0,30,0,18285,553,40,14,3,520,0,0,2,294868,4408,0,0,94,0,0,0,0,0,0,0,0,0,0,0,0,0,0,0,0,0,913,0,0,0,0,0,0,0,0,0,6041,0,0,0,0,0,0,0,0,0,0,0,0,0,0,0,81305,0,61843,882,6,0,118781,247,0,0
KS,20155,40967,127,0,35103,58546,429,0,0,1,0,0,6,0,33,211878,0,19058,4551,820,327,0,733,0,0,0,0,19214,8191,0,0,0,0,0,1,0,0,0,0,0,0,0,0,0,0,0,0,0,3,0,5238,0,0,0,0,0,0,0,0,0,0,0,0,13105,0,36953,12215,2447,1133,13,21749,1,1,18,309159,3015,86,0,1033,0,0,0,0,0,0,0,0,0,0,0,0,0,0,0,0,0,48,0,0,0,0,0,0,0,0,1,7600,1,0,0,0,0,0,0,0,0,0,0,0,0,0,0,41016,127,42704,77604,8,0,238584,820,0,0
KS,20157,87604,1,0,19065,83171,78,0,0,0,0,0,4,0,0,73659,0,598,4,349,0,0,5,0,0,0,0,15786,5372,0,0,0,0,0,1,0,0,0,0,0,0,0,0,0,0,0,0,0,6,0,751,0,0,0,0,0,0,0,0,0,0,0,0,1780,0,18711,2751,601,64,0,22345,0,4,1,127598,725,9,0,9,0,0,0,0,0,0,0,0,0,0,0,0,0,0,0,0,0,1,0,0,0,0,0,0,0,0,0,23,1,0,0,1,0,0,0,0,0,0,0,0,0,0,0,87606,1,19088,83770,5,0,74281,350,0,0
KS,20159,25632,2,0,35089,40194,10,0,0,2,0,0,2,0,0,154639,0,10883,376,1011,6,0,34,0,0,0,0,14033,4423,0,0,0,0,0,0,0,0,0,0,0,0,0,0,0,0,0,0,0,2,0,10243,0,0,0,0,0,0,0,0,0,0,0,0,1176,0,17719,2771,350,119,20,10317,0,0,3,134005,1213,11,0,145,0,0,0,0,0,0,0,0,0,0,0,0,0,0,0,0,0,274,0,0,0,0,0,0,0,0,0,1417,1,0,0,0,0,0,0,0,0,0,0,0,0,0,0,25907,2,36506,51077,3,0,167213,1011,0,0
KS,20161,15862,2,0,6760,31291,1,0,0,0,0,0,0,0,0,15298,0,1506,8,142,1,0,0,0,0,0,0,3148,9560,0,0,0,0,0,1,0,0,0,0,0,0,0,0,0,0,0,0,8,3,0,569,0,0,0,0,0,0,0,0,0,0,0,0,10173,0,17643,9939,2807,745,193,52225,1548,92,4,215038,1772,906,0,64,0,0,0,0,0,0,0,0,0,0,0,0,0,0,0,0,0,86,16,0,26,0,0,0,0,0,0,709,0,0,0,2,0,0,0,0,0,0,0,0,0,0,1,15964,2,7469,32800,1,0,17599,160,0,0
KS,20163,6563,0,0,68282,15840,252,0,0,0,0,0,4,0,0,97904,0,13,15,2932,0,0,0,0,98,0,0,5355,4181,0,0,0,0,0,0,0,0,0,0,0,0,0,11,0,0,0,0,0,1,0,44449,0,0,0,0,0,0,0,0,0,0,0,0,1614,0,15566,7370,741,94,34,3112,0,0,59,288275,9788,45,0,83,0,0,0,0,0,0,0,0,0,0,0,0,0,0,0,0,0,5,0,0,0,0,0,0,0,0,73,267,0,0,0,0,0,0,0,0,0,0,0,0,0,0,0,6568,0,68622,15853,77,0,98189,2932,0,0
KS,20165,4213,1,0,63465,3354,63,0,0,0,0,0,135,0,0,112117,0,94,68,414,0,0,0,0,24,0,0,6372,5686,0,0,0,0,0,0,0,0,0,0,0,0,0,0,0,0,0,0,0,0,0,70431,0,0,0,0,0,0,0,0,0,0,0,0,189,0,17086,2168,191,49,15,535,0,0,22,167826,4584,1,0,133,0,0,0,0,0,0,0,0,0,0,0,0,0,0,0,0,0,23,0,0,0,0,0,0,0,0,83,450,0,0,0,0,0,0,0,0,0,0,0,0,0,0,0,4236,1,63998,3448,218,0,112684,414,0,0
KS,20167,4093,0,0,45887,9551,6,0,0,0,0,0,8,0,0,71685,0,28,130,1675,1,0,0,0,0,0,0,3338,15452,0,0,0,0,0,0,0,0,0,0,0,0,0,1,0,0,0,0,0,8,0,34192,0,0,0,0,0,0,0,0,0,0,0,0,9666,0,25247,4665,686,129,28,6878,0,0,0,340329,1373,14,0,65,0,0,0,0,0,0,0,0,0,0,0,0,0,0,0,0,0,0,0,0,0,0,0,0,0,0,0,218,0,0,0,0,0,0,0,0,0,0,0,0,0,0,0,4093,0,46105,9579,8,0,71931,1675,0,0
KS,20169,5426,1,0,17828,23406,8,0,0,0,0,0,61,0,0,124430,0,8557,7,344,2,0,7,0,0,0,0,11825,13536,0,0,0,0,0,2,0,0,0,0,0,0,0,0,0,0,0,0,0,1,0,1069,0,0,0,0,0,0,0,0,0,0,0,0,3669,0,20719,9157,2949,1303,2,17754,1,4,0,195712,1538,38,0,108,0,0,0,0,0,0,0,0,0,0,0,0,0,0,0,0,0,2,0,0,0,0,0,0,0,0,0,2136,0,0,0,3,0,0,0,0,0,0,0,0,0,0,0,5428,1,19964,31966,61,0,135125,347,0,0
KS,20171,41189,0,0,88006,532,39,0,0,0,0,0,0,0,0,147378,0,5,2,4,5,0,0,0,0,0,0,610,5,0,0,0,0,1,0,0,0,0,0,0,0,0,1232,0,0,0,0,0,0,0,84782,0,0,0,0,0,0,0,0,0,0,0,0,210,0,12705,775,163,12,303,244,0,0,4,79385,192,5,0,343,0,0,0,0,0,0,0,0,0,0,0,0,0,0,0,0,0,324,86,0,0,0,0,0,0,0,0,752,0,0,0,0,0,0,0,0,0,0,0,0,0,0,0,41599,0,88758,537,0,0,148459,90,0,0
KS,20173,44178,19,0,24697,50263,7,0,0,0,0,0,50,0,0,155704,0,16908,33,681,12,0,99,0,0,0,0,8348,20422,0,0,0,0,0,34,0,0,0,0,0,0,0,0,0,0,0,3,0,10,0,1343,0,0,0,0,0,0,0,0,0,0,0,0,10526,0,37343,62669,18799,9244,11,20039,5,1,0,151027,3265,5,0,377,0,0,0,0,0,0,0,0,0,0,0,0,0,0,0,0,0,21,0,0,0,0,0,0,0,0,0,9644,0,0,0,7,0,0,0,0,0,0,0,0,0,0,0,44199,19,34341,67178,50,0,182277,688,0,0
KS,20175,67547,677,0,28836,3790,195,0,0,0,0,0,0,0,0,64375,0,261,0,32,0,0,137,0,0,0,0,4451,379,0,0,0,0,286,0,0,0,0,0,0,0,0,0,0,0,0,0,0,0,0,31953,0,0,0,0,0,0,0,0,0,0,0,0,343,0,17676,2912,434,318,8,469,0,0,1198,178811,2412,20,0,448,0,0,0,0,0,0,0,0,0,0,0,0,0,0,0,0,0,182,1,0,0,0,0,0,0,0,0,1780,0,0,0,0,0,0,0,0,0,0,0,0,0,0,0,67730,677,30616,4051,0,0,66598,33,0,0
KS,20177,35116,0,0,363,34121,2,0,0,0,0,0,2,0,0,5538,0,960,7,26,0,0,0,0,0,0,0,667,34562,0,0,0,0,0,7,0,0,0,0,0,0,0,0,0,0,0,0,9,90,0,290,0,0,0,0,0,0,0,0,0,0,0,0,6230,0,26473,24240,8141,3421,650,49110,34,619,49,123529,1462,70,0,0,0,0,0,0,0,0,0,0,0,0,0,0,0,0,0,0,0,0,0,0,0,0,0,0,0,0,0,2,0,0,0,3,0,0,0,0,0,0,0,0,0,0,0,35116,0,365,35084,2,0,6500,29,0,0
KS,20179,124272,0,0,56410,10056,43,0,0,0,0,0,25,0,0,87482,0,8,1,577,0,0,0,0,0,0,0,4772,351,0,0,0,0,0,0,0,0,0,0,0,0,0,2,0,0,0,0,0,0,0,60582,0,0,0,0,0,0,0,0,0,0,0,0,54,0,17123,446,65,25,21,628,0,0,8,206406,4090,0,0,10,0,0,0,0,0,0,0,0,0,0,0,0,0,0,0,0,0,77,13,0,0,0,0,0,0,0,0,279,0,0,0,0,0,0,0,0,0,0,0,0,0,0,0,124362,0,56689,10064,25,0,87846,590,0,0
KS,20181,146176,0,0,54686,1608,3032,0,0,0,0,0,1,0,0,133165,0,0,0,119,817,0,0,0,0,0,0,1340,58,0,0,0,0,0,0,0,0,0,0,0,0,0,0,0,0,0,0,0,0,0,121034,0,0,0,0,0,0,0,0,0,0,0,0,12,0,22507,1501,165,82,3,136,0,0,5,178717,371,5,0,1,0,0,0,0,0,0,0,0,0,0,0,0,0,0,0,0,0,518,0,0,0,0,0,0,0,0,0,9787,0,0,0,0,0,0,0,0,0,0,0,0,0,0,0,146694,0,64473,1608,1,0,143470,119,0,0
KS,20183,18139,0,0,68745,52171,259,0,0,0,0,0,20,0,0,133757,0,282,33,894,6,0,0,0,0,0,0,6501,4605,0,0,0,0,0,0,0,0,0,0,0,0,0,0,0,0,0,0,0,13,0,21332,0,0,0,0,0,0,0,0,0,0,0,0,357,0,17252,5518,230,64,23,9989,0,0,0,229881,3452,44,0,18,0,0,0,0,0,0,0,0,0,0,0,0,0,0,0,0,0,0,0,0,0,0,0,0,0,0,5,220,0,0,0,2,0,0,0,0,0,0,0,0,0,0,0,18139,0,68970,52455,25,0,134259,896,0,0
KS,20185,59152,22,0,23930,19886,22,0,0,0,0,0,3,0,0,148805,0,4603,13769,959,34,0,0,0,0,0,0,16895,980,0,0,0,0,0,0,0,0,0,0,0,0,0,0,0,0,0,0,0,0,0,11250,0,0,0,0,0,0,0,0,0,0,0,0,5164,0,19952,2332,191,44,4,2473,1,0,10,169015,6125,242,0,141,0,0,0,0,0,0,0,0,0,0,0,0,0,0,0,0,0,251,0,0,0,0,0,0,0,0,0,2369,0,0,0,0,0,0,0,0,0,0,0,0,0,0,0,59403,22,26299,24489,3,0,156028,959,0,0
KS,20187,41541,0,0,49974,0,24,0,0,0,0,0,0,0,0,126290,0,0,0,0,8,0,0,0,0,0,0,672,6,0,0,0,0,0,0,0,0,0,0,0,0,0,0,0,0,0,0,0,0,0,88906,0,0,0,0,0,0,0,0,0,0,0,0,91,0,15626,463,75,16,6,59,0,0,13670,94726,689,119,0,41,0,0,0,0,0,0,0,0,0,0,0,0,0,0,0,0,0,5,2,0,0,0,0,0,0,0,0,2226,0,0,0,0,0,0,0,0,0,0,0,0,0,0,0,41548,0,52200,0,0,0,128521,2,0,0
KS,20189,99379,838,0,58314,2622,1780,0,0,0,0,0,0,0,0,82658,0,266,0,68,2,0,0,0,0,0,0,1838,95,0,0,0,0,300,0,0,0,0,0,0,0,0,0,0,0,0,0,0,0,378,45573,0,0,0,0,0,0,0,0,0,0,0,0,226,0,21188,882,80,13,28,57,0,0,10990,134269,115,22,0,426,0,0,0,0,0,0,0,0,0,0,0,0,0,0,0,0,0,508,0,0,0,0,0,0,0,0,29,2791,0,0,0,0,0,0,0,0,0,0,0,0,0,0,0,99887,838,61134,2888,29,0,86223,68,0,0
KS,20191,45055,3800,0,36006,45450,388,0,0,0,0,0,0,0,1,330567,0,40325,601,8,47,0,989,0,0,0,0,6308,20256,0,0,0,0,0,0,0,0,0,0,0,0,0,0,0,0,0,72,0,48,0,4458,0,0,0,0,0,0,0,0,0,0,0,0,5527,0,29418,7343,986,285,11,17249,4,2,0,137502,10098,17,0,0,0,0,0,0,0,0,0,0,0,0,0,0,0,0,0,0,5,85,0,0,0,0,0,0,0,0,0,15350,0,0,0,54,0,0,0,0,0,0,0,0,0,0,0,45140,3800,51356,85829,0,0,386327,62,0,0
KS,20193,204849,0,0,61250,7778,848,0,0,0,0,0,0,0,0,153585,0,266,0,86,367,0,0,0,0,0,0,1462,6,0,0,0,0,0,0,0,0,0,0,0,0,0,2,0,0,0,0,0,0,0,111120,0,0,0,0,0,0,0,0,0,0,0,0,10,0,22400,1562,213,102,10,340,0,0,0,116736,529,0,0,9,0,0,0,0,0,0,0,0,0,0,0,0,0,0,0,0,0,1059,2,0,0,0,0,0,0,0,0,3331,0,0,0,0,0,0,0,0,0,0,0,0,0,0,0,205910,0,64581,8044,0,0,158241,88,0,0
KS,20195,13128,0,0,66524,3019,14,0,0,0,0,0,65,0,0,92531,0,4,5,398,0,0,0,0,1,0,0,2499,750,0,0,0,0,0,0,0,0,0,0,0,0,0,0,0,0,0,0,0,0,0,78128,0,0,0,0,0,0,0,0,0,0,0,0,3621,0,19617,1424,240,73,464,316,0,0,111,282608,9240,14,0,120,0,0,0,0,0,0,0,0,0,0,0,0,0,0,0,0,0,0,0,0,0,0,0,0,0,0,1,458,0,0,0,0,0,0,0,0,0,0,0,0,0,0,0,13128,0,66983,3023,66,0,92993,398,0,0
KS,20197,26074,0,0,1617,25753,0,0,0,0,0,0,2,0,0,6225,0,466,32,94,1,0,0,0,0,0,0,2160,26998,0,0,0,3,0,4,0,0,0,0,0,0,0,0,0,0,0,0,19,198,0,224,0,0,0,0,0,0,0,0,0,0,0,0,3277,0,13181,3540,907,52,447,26179,3,19,9,373146,827,34,0,42,0,0,0,0,0,0,0,0,0,0,0,0,0,0,0,0,0,1,0,0,0,0,0,0,0,0,1,253,0,0,0,3,0,0,0,0,0,0,0,0,0,0,1,26075,0,1871,26223,4,0,6945,97,0,0
KS,20199,78472,0,0,38083,568,351,0,0,0,0,0,1,0,0,77281,0,0,0,139,3531,0,0,0,0,0,0,178,510,0,0,0,0,0,0,0,0,0,0,0,0,0,0,0,0,0,0,0,0,0,68095,0,0,0,0,0,0,0,0,0,0,0,0,22,0,17258,237,64,28,6,24,0,0,1,295467,604,13,0,4,0,0,0,0,0,0,0,0,0,0,0,0,0,0,0,0,0,1715,1,0,0,0,0,0,0,0,0,2337,0,0,0,0,0,0,0,0,0,0,0,0,0,0,0,80188,0,40420,568,1,0,81333,140,0,0
KS,20201,60246,0,0,28849,97607,0,0,0,0,0,0,2,0,0,69331,0,1944,93,371,0,0,3,0,0,0,0,7523,8596,0,0,0,0,0,2,0,0,0,0,0,0,0,0,0,0,0,0,3,7,0,354,0,0,0,0,0,0,0,0,0,0,0,0,1901,0,20305,2404,288,54,18,35885,82,62,2,238384,456,10,0,63,0,0,0,0,0,0,0,0,0,0,0,0,0,0,0,0,0,237,0,0,0,0,0,0,0,0,0,218,0,0,0,22,0,0,0,0,0,0,0,0,0,0,0,60483,0,29067,99573,2,0,71730,393,0,0
KS,20203,41334,0,0,70501,10,30,0,0,0,0,0,4,0,0,123508,0,9,0,88,520,0,0,0,0,0,0,336,4,0,0,0,0,1,0,0,0,0,0,0,0,0,19,0,0,0,0,0,0,0,107427,0,0,0,0,0,0,0,0,0,0,0,0,157,0,14895,404,37,22,17,63,0,0,2,98675,64,0,0,81,0,0,0,0,0,0,0,0,0,0,0,0,0,0,0,0,0,10,4,0,0,0,0,0,0,0,0,1639,0,0,0,0,0,0,0,0,0,0,0,0,0,0,0,41348,0,72140,19,4,0,125166,92,0,0
KS,20205,42359,0,0,446,29372,0,0,0,0,0,0,1,0,0,16985,0,30304,22,46,0,0,0,0,0,0,0,563,69385,0,0,0,0,0,179,0,0,0,0,0,0,0,0,0,0,0,0,29,0,0,547,0,0,0,0,0,0,0,0,0,0,0,0,2288,0,12940,4694,650,151,455,52308,1,589,2,102384,1197,96,0,0,0,0,0,0,0,0,0,0,0,0,0,0,0,0,0,0,0,0,0,0,0,0,0,0,0,0,1,15,0,0,0,0,0,0,0,0,0,0,0,0,0,0,0,42359,0,462,59676,2,0,47304,46,0,0
KS,20207,18518,0,0,505,24622,0,0,0,0,0,0,0,0,0,9379,0,8331,18,145,0,0,0,0,0,0,0,836,72710,0,0,0,1,0,141,0,0,0,0,0,0,0,0,0,0,0,0,152,0,0,359,0,0,0,0,0,0,0,0,0,0,0,0,4658,0,11745,1770,138,30,107,36921,0,55,8,131643,485,21,0,0,0,0,0,0,0,0,0,0,0,0,0,0,0,0,0,0,0,1,0,0,0,0,0,0,0,0,6,110,0,0,0,0,0,0,0,0,0,0,29,0,0,0,1,18519,0,621,32954,7,0,17821,145,0,0
KS,20209,2171,0,0,19,4822,1,0,0,0,0,0,4,0,0,326,0,234,1,4,0,0,0,0,0,0,0,36,6572,0,0,0,0,0,6,0,0,0,0,0,0,0,0,0,0,0,0,55,5,0,170,0,0,0,0,0,0,0,0,0,0,0,0,3219,0,15213,19238,8657,6018,1118,19385,1,31,155,11462,666,215,0,0,0,0,0,0,0,0,0,0,0,0,0,0,0,0,0,0,0,4,0,0,0,0,0,0,0,0,0,0,0,0,0,0,2,0,0,0,0,0,0,0,0,0,0,2177,0,19,5058,4,0,564,4,0,0
KY,21001,7623,0,0,0,3307,0,0,11,0,0,0,0,0,0,10,0,922,0,0,0,0,0,0,0,0,0,98,15934,0,0,0,0,0,0,0,0,0,0,0,0,0,0,0,0,0,0,0,0,0,6,0,0,0,0,0,0,0,0,0,0,0,0,3900,0,11861,840,271,105,46,143868,747,296,8,73369,0,0,0,0,0,0,0,0,0,0,0,0,0,0,0,0,0,0,0,0,0,607,0,0,0,0,0,0,0,0,0,0,0,0,0,0,0,0,0,0,0,0,0,0,0,0,0,8230,0,0,4229,0,0,1539,0,0,0
KY,21003,5020,0,0,0,1857,0,0,226,0,0,0,1,0,0,17,0,1122,0,0,0,0,0,0,0,0,0,52,10597,0,0,0,0,0,0,0,0,0,0,0,0,0,0,0,0,0,0,0,6,0,0,0,0,0,0,0,0,0,0,0,0,0,0,3945,0,11595,449,250,148,128,106268,595,7,1,82878,0,12,0,0,0,0,0,0,0,0,0,0,0,0,0,0,0,0,0,0,0,75,0,0,0,0,0,0,0,0,0,0,1,0,0,0,0,0,0,0,0,0,0,0,0,0,53,5096,0,0,3032,55,0,1214,0,0,0
KY,21005,455,0,0,0,427,0,0,7,0,0,0,0,0,0,2,0,47,0,0,0,0,0,0,0,0,0,97,2129,0,0,0,0,0,0,0,0,0,0,0,0,0,0,0,0,0,0,0,0,0,0,0,0,0,0,0,0,0,0,0,0,0,0,874,0,5868,1439,685,203,2,72614,5117,1261,17,39515,0,0,0,0,0,0,0,0,0,0,0,0,0,0,0,0,0,0,0,0,0,1,0,0,0,0,0,0,0,0,0,0,0,0,0,0,0,0,0,0,0,0,0,0,0,0,0,456,0,0,474,0,0,50,0,0,0
KY,21007,28753,0,0,0,24745,0,0,14,0,4,0,0,0,0,73,0,18066,0,6,0,0,0,0,0,0,0,48,1862,0,0,0,0,0,0,0,0,0,0,0,0,0,0,0,0,0,0,0,0,0,0,0,0,0,0,0,0,0,0,0,0,0,0,15249,0,5528,318,108,54,39,35727,109,0,8,26135,15659,2642,0,0,0,0,0,0,0,0,0,0,0,0,0,0,0,0,0,0,0,0,0,0,0,0,0,0,0,0,0,0,0,0,0,1,2,0,0,0,0,0,0,0,0,0,3,28755,0,0,42817,3,0,18139,7,0,0
KY,21009,19469,0,0,6,15850,0,0,966,0,3,0,8,0,0,61,0,2403,0,0,0,0,66,0,0,0,0,657,24435,0,0,0,0,0,0,0,0,0,0,0,0,0,0,0,0,0,0,0,5,0,0,0,0,0,0,0,0,0,0,0,0,0,0,6006,0,20182,2192,1037,273,197,92959,2077,93,1,129994,1,9,0,0,0,0,0,0,0,0,0,0,0,0,0,0,0,0,0,0,0,971,0,0,0,0,0,0,0,0,0,0,21,0,0,0,0,0,0,0,0,0,0,0,0,0,20,20461,0,6,18273,49,0,3435,0,0,0
KY,21011,1988,0,0,0,3306,0,0,78,1,0,0,0,0,0,7,0,9,0,0,0,0,0,0,0,0,0,129,7244,0,0,0,0,0,1,0,0,0,0,0,0,0,0,0,0,0,0,1,0,0,0,0,0,0,0,1,0,0,0,0,0,0,0,3087,0,7026,2016,399,62,8,83101,1466,606,168,71032,0,2,0,0,0,0,0,0,0,0,0,0,0,0,0,0,0,0,0,0,0,2,0,0,0,0,0,0,0,0,0,0,0,0,0,0,0,0,0,0,0,0,0,0,0,0,0,1990,0,0,3315,0,0,18,0,0,0
KY,21013,7,0,0,0,34,0,0,0,0,0,0,0,0,0,0,0,0,0,0,0,0,0,0,0,0,0,3,88,0,0,0,0,0,0,0,0,0,0,0,0,0,0,0,0,0,0,0,0,0,0,0,0,0,0,0,0,0,0,0,0,0,0,576,0,12308,4023,1220,202,1372,185318,42,1975,64,24030,0,0,0,0,0,0,0,0,0,0,0,0,0,0,0,0,0,0,0,0,0,1,0,0,0,0,0,0,0,0,0,0,0,0,0,0,0,0,0,0,0,0,0,0,0,0,0,8,0,0,34,0,0,1,0,0,0
KY,21015,1307,0,0,0,1003,0,0,5,0,0,0,0,0,0,2,0,39,0,0,0,0,0,0,0,0,0,53,2579,0,0,0,0,0,0,0,0,0,0,0,0,0,0,0,0,0,0,9,0,0,0,0,0,0,0,0,0,0,0,0,0,0,0,7496,0,15236,8675,4908,2593,20,71998,558,4,192,47466,14,10,0,0,0,0,0,0,0,0,0,0,0,0,0,0,0,0,0,0,0,276,0,0,0,0,0,0,0,0,0,0,0,0,0,0,0,0,0,0,0,0,0,0,0,0,0,1583,0,0,1042,0,0,317,0,0,0
KY,21017,2630,0,0,0,4081,0,0,132,2,0,0,0,0,0,131,0,762,0,0,0,0,0,0,0,0,0,444,5054,0,0,0,0,0,2,0,0,0,0,0,0,0,0,0,0,0,0,0,21,0,0,0,0,0,0,0,0,0,0,0,0,0,0,277,0,10805,1523,506,133,14,17758,116,5,79,142072,0,1,0,0,0,0,0,0,0,0,0,0,0,0,0,0,0,0,0,0,0,23,0,0,0,0,0,0,0,0,0,0,0,0,0,0,0,0,0,0,0,0,0,0,0,0,0,2653,0,0,4843,0,0,916,0,0,0
KY,21019,92,0,0,1,50,0,0,0,0,0,0,0,0,0,0,0,0,0,0,0,0,0,0,0,0,0,0,121,0,0,0,0,0,0,0,0,0,0,0,0,0,0,0,0,0,0,0,0,0,0,0,0,0,0,0,0,0,0,0,0,0,0,1390,0,10764,7736,3110,1049,100,57852,319,20,36,20927,0,0,0,0,0,0,0,0,0,0,0,0,0,0,0,0,0,0,0,0,0,0,0,0,0,0,0,0,0,0,0,0,0,0,0,0,0,0,0,0,0,0,0,0,0,0,0,92,0,1,50,0,0,0,0,0,0
KY,21021,3244,0,0,0,1166,0,0,12,1,0,0,0,0,0,2,0,1838,0,0,0,0,0,0,0,0,0,184,16781,0,0,0,0,0,2,0,0,0,0,0,0,0,0,0,0,0,0,0,0,0,0,0,0,0,0,0,0,0,0,0,0,0,0,733,0,7247,1733,926,525,12,38955,115,15,5,43504,0,0,0,0,0,0,0,0,0,0,0,0,0,0,0,0,0,0,0,0,0,34,0,0,0,0,0,0,0,0,0,0,0,0,0,0,0,0,0,0,0,0,0,0,0,0,0,3278,0,0,3004,0,0,1874,0,0,0
KY,21023,238,0,0,0,320,0,0,22,0,0,0,0,0,0,0,0,3,0,0,0,0,0,0,0,0,0,95,891,0,0,0,0,0,0,0,0,0,0,0,0,0,0,0,0,0,0,3,0,0,0,0,0,0,0,0,0,0,0,0,0,0,0,3993,0,5785,488,214,46,16,74077,5837,1552,637,39483,9,4,0,0,0,0,0,0,0,0,0,0,0,0,0,0,0,0,0,0,0,0,0,0,0,0,0,0,0,0,0,0,0,0,0,0,0,0,0,0,0,0,0,0,0,0,0,238,0,0,323,0,0,3,0,0,0
KY,21025,59,0,0,0,4,0,0,1,0,0,0,0,0,0,0,0,0,0,0,0,0,0,0,0,0,0,0,134,0,0,0,0,0,0,0,0,0,0,0,0,0,0,0,0,0,0,0,0,0,0,0,0,0,0,0,0,0,0,0,0,0,0,563,0,12455,3018,565,58,2178,261888,86,2818,15,33147,0,0,0,0,0,0,0,0,0,0,0,0,0,0,0,0,0,0,0,0,0,0,0,0,0,0,0,0,0,0,0,0,0,0,0,0,0,0,0,0,0,0,0,0,0,0,0,59,0,0,4,0,0,0,0,0,0
KY,21027,17267,0,0,5,14464,0,0,442,0,23,0,0,0,0,85,0,5061,0,0,0,0,0,0,0,0,0,247,10531,0,0,0,0,0,0,0,0,0,0,0,0,0,0,0,0,0,0,0,0,0,4,0,0,0,0,0,0,0,0,0,0,0,0,8628,0,13974,500,230,44,37,206208,3512,9,63,93138,210,44,0,0,0,0,0,0,0,0,0,0,0,0,0,0,0,0,0,0,0,3,0,0,0,0,0,0,0,0,0,0,1,0,0,0,0,0,0,0,0,0,0,0,0,0,1,17271,0,5,19526,2,0,5149,0,0,0
KY,21029,2276,0,0,0,3416,0,0,13,0,2,0,0,0,0,18,0,202,0,0,0,0,0,0,0,0,0,81,3113,0,0,0,0,0,1,0,0,0,0,0,0,0,0,0,0,0,0,0,23,0,0,0,0,0,0,0,0,0,0,0,0,0,0,1140,0,12490,4914,1787,560,341,116441,4083,8,1,28944,12244,54,0,0,0,0,0,0,0,0,0,0,0,0,0,0,0,0,0,0,0,10,0,0,0,0,0,0,0,0,0,0,0,0,0,0,2,0,0,0,0,0,0,0,0,0,0,2288,0,0,3620,0,0,230,0,0,0
KY,21031,17640,0,0,34,15809,0,0,14,0,8,0,0,0,0,46,0,1173,0,0,0,0,0,0,0,0,0,38,13927,0,0,0,0,0,0,0,0,0,0,0,0,0,0,0,0,0,0,0,0,0,0,0,0,0,0,0,0,0,0,0,0,0,0,2449,0,8957,610,235,60,7,166661,2086,53,22,44740,776,743,0,0,0,0,0,0,0,0,0,0,0,0,0,0,0,0,0,0,0,1,0,0,0,0,0,0,0,0,0,19,0,0,0,0,56,0,0,0,0,0,0,0,0,0,7,17697,0,53,17045,7,0,1239,0,0,0
KY,21033,30546,0,0,38,13029,0,0,158,0,22,0,0,0,0,15,0,16791,1,1,2,0,0,0,0,0,0,278,7885,0,0,0,0,0,0,0,0,0,0,0,0,0,0,0,0,0,0,1,0,0,1,0,0,0,0,0,0,0,0,0,0,0,0,1039,0,8193,791,303,297,58,104946,4512,2,118,31541,1673,565,0,0,0,0,0,0,0,0,0,0,0,0,0,0,0,0,0,0,0,16,0,0,0,0,0,0,0,0,0,0,1,0,0,0,1,0,0,0,0,0,0,0,0,0,1,30564,0,38,29822,2,0,16822,1,0,0
KY,21035,32755,0,0,1,17161,0,0,204,0,1004,0,0,0,0,6,0,26104,0,0,0,0,0,0,0,0,0,6,4752,0,0,0,0,0,0,0,0,0,0,0,0,0,0,0,0,0,0,0,0,0,0,0,0,0,0,0,0,0,0,0,0,0,0,15922,0,12671,1598,773,417,28,97818,2524,0,34,44075,5020,24,0,0,0,0,0,0,0,0,0,0,0,0,0,0,0,0,0,0,0,3,0,0,0,0,0,0,0,0,0,0,0,0,0,0,0,0,0,0,0,0,0,0,0,0,4,32758,0,1,43269,4,0,26113,0,0,0
KY,21037,259,0,0,0,113,0,0,0,0,0,0,0,0,0,0,0,4,0,0,0,0,0,0,0,0,0,11,743,0,0,0,0,0,0,0,0,0,0,0,0,0,0,0,0,0,0,0,0,0,0,0,0,0,0,0,0,0,0,0,0,0,0,5684,0,11484,5128,3021,1059,2,43474,3155,6,639,27421,24,4,0,0,0,0,0,0,0,0,0,0,0,0,0,0,0,0,0,0,0,0,0,0,0,0,0,0,0,0,0,0,0,0,0,0,0,0,0,0,0,0,0,0,0,0,0,259,0,0,117,0,0,4,0,0,0
KY,21039,23335,0,0,29,20972,0,0,17,0,3,0,0,0,0,6,0,10769,0,0,0,0,0,0,0,0,0,50,2906,0,0,0,0,0,0,0,0,0,0,0,0,0,0,0,0,0,0,0,0,0,0,0,0,0,0,0,0,0,0,0,0,0,0,6283,0,4634,181,64,32,14,32054,73,0,7,15652,9133,1074,0,0,0,0,0,0,0,0,0,0,0,0,0,0,0,0,0,0,0,0,0,0,0,0,0,0,0,0,0,0,0,0,0,0,65,0,0,0,0,0,0,0,0,0,22,23400,0,29,31828,22,0,10775,0,0,0
KY,21041,1033,0,0,0,1623,0,0,30,0,0,0,0,0,0,0,0,5,0,0,0,0,0,0,0,0,0,35,1900,0,0,0,0,0,0,0,0,0,0,0,0,0,0,0,0,0,0,0,1,0,3,0,0,0,0,0,0,0,0,0,0,0,0,5110,0,4867,1606,853,370,86,46866,363,2,54,23032,38,1,0,0,0,0,0,0,0,0,0,0,0,0,0,0,0,0,0,0,0,1,0,0,0,0,0,0,0,0,0,0,0,0,0,0,0,0,0,0,0,0,0,0,0,0,0,1034,0,0,1628,0,0,6,0,0,0
KY,21043,636,0,0,1,137,0,0,5,0,0,0,0,0,0,0,0,0,0,0,0,0,0,0,0,0,0,17,2236,0,0,0,0,0,0,0,0,0,0,0,0,0,0,0,0,0,0,0,0,0,0,0,0,0,0,0,0,0,0,0,0,0,0,1026,0,14806,5974,1479,250,132,180978,1217,721,91,54055,0,0,0,0,0,0,0,0,0,0,0,0,0,0,0,0,0,0,0,0,0,0,0,0,0,0,0,0,0,0,0,0,0,0,0,0,0,0,0,0,0,0,0,0,0,0,0,636,0,1,137,0,0,0,0,0,0
KY,21045,5662,0,0,0,3147,0,0,8,0,0,0,0,0,0,107,0,479,0,2,0,0,0,0,0,0,0,42,18343,0,0,0,0,0,4,0,0,0,0,0,0,0,0,0,0,0,0,0,0,0,0,0,0,0,0,0,0,0,0,0,0,0,0,196,0,8838,394,195,94,56,184347,85,63,4,63097,0,0,0,0,0,0,0,0,0,0,0,0,0,0,0,0,0,0,0,0,0,95,0,0,0,0,0,0,0,0,0,0,0,0,0,0,0,0,0,0,0,0,0,0,0,0,0,5757,0,0,3626,0,0,681,2,0,0
KY,21047,75098,0,0,117,10862,0,0,1121,0,14,0,0,0,0,145,0,62653,0,2,1,0,0,0,0,0,0,133,17952,0,0,0,0,0,0,0,0,0,0,0,0,0,0,10,0,0,0,0,2,0,0,0,0,0,0,0,0,0,0,0,0,0,0,1664,0,21517,5344,2337,1132,52,190756,6627,2,221,65272,21,150,0,0,0,0,0,0,0,0,0,0,0,0,0,0,0,0,0,0,0,87,0,0,0,0,0,0,0,0,0,16,2,0,0,4,43,0,0,0,0,0,0,0,0,0,3,75230,0,133,73565,5,0,62901,6,0,0
KY,21049,1948,0,0,0,2505,1,0,40,0,0,0,0,0,0,59,0,84,0,0,0,0,0,0,0,0,0,70,5092,0,0,0,0,0,32,0,0,0,0,0,0,0,0,0,0,0,0,0,0,0,0,0,0,0,0,0,0,0,0,0,0,0,0,481,0,9926,4127,1419,451,26,38353,1202,387,51,97045,0,0,0,0,0,0,0,0,0,0,0,0,0,0,0,0,0,0,0,0,0,2,0,0,0,0,0,0,0,0,0,0,0,0,0,0,0,0,0,0,0,0,0,0,0,0,0,1950,0,0,2589,0,0,145,0,0,0
KY,21051,204,0,0,0,63,0,0,5,0,0,0,0,0,0,0,0,0,0,0,0,0,0,0,0,0,0,2,806,0,0,0,0,0,0,0,0,0,0,0,0,0,0,0,0,0,0,0,0,0,0,0,0,0,0,0,0,0,0,0,0,0,0,433,0,14718,3869,684,68,145,245629,47,1874,192,32755,0,0,0,0,0,0,0,0,0,0,0,0,0,0,0,0,0,0,0,0,0,0,0,0,0,0,0,0,0,0,0,0,0,0,0,0,0,0,0,0,0,0,0,0,0,0,0,204,0,0,63,0,0,0,0,0,0
KY,21053,1263,0,0,0,968,0,0,4,0,0,0,0,0,0,10,0,259,0,0,0,0,0,0,0,0,0,8,9147,0,0,0,0,0,0,0,0,0,0,0,0,0,0,0,0,0,0,0,2,0,0,0,0,0,0,0,0,0,0,0,0,0,0,5035,0,6830,2666,356,72,73,69526,146,481,16,34629,0,0,0,0,0,0,0,0,0,0,0,0,0,0,0,0,0,0,0,0,0,57,0,0,0,0,0,0,0,0,0,0,0,0,0,0,0,0,0,0,0,0,0,0,0,0,0,1320,0,0,1227,0,0,326,0,0,0
KY,21055,16199,0,0,38,12919,0,0,3,0,1,0,0,0,0,43,0,6108,4,0,0,0,0,0,0,0,0,159,16347,0,0,0,0,0,0,0,0,0,0,0,0,0,0,0,0,0,0,12,0,0,25,0,0,0,0,0,0,0,0,0,0,0,0,6195,0,6967,301,129,64,24,123334,2716,0,74,42150,2954,572,0,0,0,0,0,0,0,0,0,0,0,0,0,0,0,0,0,0,0,0,0,0,0,0,0,0,0,0,0,0,0,0,0,0,0,0,0,0,0,0,0,0,0,0,13,16199,0,38,19040,13,0,6151,0,0,0
KY,21057,1859,0,0,0,1802,0,0,0,0,0,0,0,0,0,1,0,270,0,0,0,0,0,0,0,0,0,2,7019,0,0,0,0,0,0,0,0,0,0,0,0,0,0,0,0,0,0,0,0,0,0,0,0,0,0,0,0,0,0,0,0,0,0,3105,0,5569,571,120,46,17,155672,1262,209,7,21396,0,0,0,0,0,0,0,0,0,0,0,0,0,0,0,0,0,0,0,0,0,9,0,0,0,0,0,0,0,0,0,0,0,0,0,0,0,0,0,0,0,0,0,0,0,0,0,1868,0,0,2072,0,0,280,0,0,0
KY,21059,70945,0,0,284,55517,0,0,1305,0,667,0,0,0,0,24,0,15512,0,0,0,0,0,0,0,0,0,54,11027,0,0,0,0,0,0,0,0,0,53,0,0,0,0,0,0,0,0,1,1,0,0,0,22,0,0,0,0,0,0,0,0,0,0,10543,0,16158,6461,2535,1044,77,71766,785,0,5,38254,1222,573,0,0,0,0,0,0,0,0,0,0,0,0,0,0,0,0,0,0,0,15,0,0,0,0,0,0,0,0,0,4,1,0,0,4,0,0,0,0,0,0,0,0,0,0,1,70961,0,288,71034,2,0,15555,4,0,0
KY,21061,3699,0,0,11,4884,0,0,66,0,0,0,0,0,0,60,0,778,0,0,0,0,1,0,0,0,0,20,5765,0,0,0,0,0,0,0,0,0,0,0,0,0,0,0,0,0,0,0,0,0,0,0,0,0,0,0,0,0,0,0,0,0,0,3614,0,5724,228,89,13,10,119353,11904,249,10,40027,502,81,0,0,0,0,0,0,0,0,0,0,0,0,0,0,0,0,0,0,0,23,0,0,0,0,0,0,0,0,0,0,7,0,0,0,0,0,0,0,0,0,0,0,0,0,2,3729,0,11,5664,9,0,861,0,0,0
KY,21063,145,0,0,1,13,0,0,0,0,0,0,0,0,0,0,0,0,0,0,0,0,0,0,0,0,0,0,1095,0,0,0,0,0,0,0,0,0,0,0,0,0,0,0,0,0,0,0,0,0,0,0,0,0,0,0,0,0,0,0,0,0,0,618,0,6696,1392,104,8,12,112555,727,4031,3,23126,0,0,0,0,0,0,0,0,0,0,0,0,0,0,0,0,0,0,0,0,0,0,0,0,0,0,0,0,0,0,0,0,0,0,0,0,0,0,0,0,0,0,0,0,0,0,0,145,0,1,13,0,0,0,0,0,0
KY,21065,981,0,0,0,747,0,0,1,0,0,0,0,0,0,0,0,75,0,0,0,0,0,0,0,0,0,20,1920,0,0,0,0,0,0,0,0,0,0,0,0,0,0,0,0,0,0,0,0,0,0,0,0,0,0,0,0,0,0,0,0,0,0,1208,0,8284,3246,485,111,15,108464,1283,2955,55,33799,2,0,0,0,0,0,0,0,0,0,0,0,0,0,0,0,0,0,0,0,0,2,0,0,0,0,0,0,0,0,0,0,0,0,0,0,0,0,0,0,0,0,0,0,0,0,0,983,0,0,822,0,0,77,0,0,0
KY,21067,2387,0,0,0,3112,1,0,58,0,0,0,0,0,0,38,0,197,0,0,0,0,0,0,0,0,0,134,3598,0,0,0,0,0,1,0,0,0,0,0,0,0,0,0,0,0,0,0,0,0,2,0,0,0,0,0,0,0,0,0,0,0,0,895,0,19962,18821,9875,3914,55,18367,162,12,10,101105,0,0,0,0,0,0,0,0,0,0,0,0,0,0,0,0,0,0,0,0,0,8,0,0,0,0,0,0,0,0,0,0,0,0,0,0,0,0,0,0,0,0,0,0,0,0,0,2395,0,0,3309,0,0,243,0,0,0
KY,21069,2135,0,0,0,8166,0,0,41,0,0,0,0,0,0,66,0,56,0,0,0,0,0,0,0,0,0,1845,15284,0,0,0,0,0,0,0,0,0,0,0,0,0,0,0,0,0,0,0,0,0,0,0,0,0,0,10,0,0,0,0,0,0,0,429,0,10716,2358,434,181,102,87861,1210,372,450,93191,0,3,0,0,0,0,0,0,0,0,0,0,0,0,0,0,0,0,0,0,0,28,0,0,0,0,0,0,0,0,0,0,0,0,0,0,0,0,0,0,0,0,0,0,0,0,0,2163,0,0,8222,0,0,150,0,0,0
KY,21071,1,0,0,0,0,0,0,0,0,0,0,0,0,0,0,0,0,0,0,0,0,0,0,0,0,0,0,8,0,0,0,0,0,0,0,0,0,0,0,0,0,0,0,0,0,0,0,0,0,0,0,0,0,0,0,0,0,0,0,0,0,0,1552,0,11712,5823,1858,227,1623,196583,7,554,1,33137,0,0,0,0,0,0,0,0,0,0,0,0,0,0,0,0,0,0,0,0,0,0,0,0,0,0,0,0,0,0,0,0,0,0,0,0,0,0,0,0,0,0,0,0,0,0,0,1,0,0,0,0,0,0,0,0,0
KY,21073,1529,0,0,0,1232,0,0,77,0,0,0,0,0,0,2,0,22,0,0,0,0,0,0,0,0,0,42,2162,0,0,0,0,0,0,0,0,0,0,0,0,0,0,0,0,0,0,8,0,0,1,0,0,0,0,0,0,0,0,0,0,0,0,1279,0,11178,4486,2087,646,16,52957,6474,86,1109,50339,6,1,0,0,0,0,0,0,0,0,0,0,0,0,0,0,0,0,0,0,0,4,0,0,0,0,0,0,0,0,0,0,0,0,0,0,0,0,0,0,0,0,0,0,0,0,0,1533,0,0,1254,0,0,28,0,0,0
KY,21075,25974,0,0,0,35600,0,0,0,0,0,0,0,0,0,76,0,13913,0,1,0,0,0,0,0,0,0,16,109,0,0,0,0,0,0,0,0,0,0,0,0,0,0,0,0,0,0,0,0,0,0,0,0,0,0,0,0,0,5,0,0,0,0,18634,0,6435,664,215,128,37,9704,15,0,117,7322,26250,1595,0,0,0,0,0,0,0,0,0,0,0,0,0,0,0,0,0,0,0,0,0,0,0,0,0,0,0,0,0,0,0,0,0,0,759,0,0,0,0,0,0,0,0,0,0,26733,0,0,50272,0,0,13989,1,0,0
KY,21077,1000,0,0,0,598,0,0,50,0,0,0,0,0,0,2,0,238,0,0,0,0,0,0,0,0,0,32,798,0,0,0,0,0,0,0,0,0,0,0,0,0,0,0,0,0,0,0,0,0,0,0,0,0,0,0,0,0,0,0,0,0,0,4162,0,3543,928,705,217,19,34987,1046,1,135,18520,10,2,0,0,0,0,0,0,0,0,0,0,0,0,0,0,0,0,0,0,0,0,0,0,0,0,0,0,0,0,0,0,0,0,0,0,0,0,0,0,0,0,0,0,0,0,0,1000,0,0,836,0,0,240,0,0,0
KY,21079,855,0,0,0,566,0,0,10,0,0,0,0,0,0,45,0,153,2,0,0,0,0,0,0,0,0,367,8611,0,0,0,0,0,0,0,0,0,0,0,0,0,0,0,0,0,0,0,0,0,1,0,0,0,0,0,0,0,0,0,0,0,0,1678,0,7687,705,165,63,15,59622,892,70,7,68119,0,0,0,0,0,0,0,0,0,0,0,0,0,0,0,0,0,0,0,0,0,8,0,0,0,0,0,0,0,0,0,0,1,0,0,0,0,0,0,0,0,0,0,0,0,0,0,864,0,0,719,1,0,206,0,0,0
KY,21081,135,0,0,0,183,0,0,10,0,0,0,0,0,0,1,0,1,0,0,0,0,0,0,0,0,0,53,1878,0,0,0,0,0,0,0,0,0,0,0,0,0,0,0,0,0,0,0,0,0,0,0,0,0,0,0,0,0,0,0,0,0,0,648,0,7795,1716,631,141,6,75735,9012,62,3019,65924,0,4,0,0,0,0,0,0,0,0,0,0,0,0,0,0,0,0,0,0,0,0,0,0,0,0,0,0,0,0,0,0,0,0,0,0,0,0,0,0,0,0,0,0,0,0,0,135,0,0,184,0,0,2,0,0,0
KY,21083,64457,0,0,3,44634,0,0,80,0,1067,0,0,0,0,161,0,36929,0,0,0,0,0,0,0,0,0,10,1842,0,0,0,0,0,0,0,0,0,0,0,0,0,0,0,0,0,0,0,0,0,0,0,0,0,0,0,0,0,0,0,0,0,0,1307,0,15645,2065,710,363,157,105087,973,0,33,77076,3416,106,0,0,0,0,0,0,0,0,0,0,0,0,0,0,0,0,0,0,0,1,0,0,0,0,0,0,0,0,0,0,0,0,0,0,0,0,0,0,0,0,0,0,0,0,1,64458,0,3,81564,1,0,37091,0,0,0
KY,21085,8933,0,0,1,10637,0,0,61,0,17,0,0,0,0,47,0,2891,0,0,0,0,0,0,0,0,0,70,13508,0,0,0,0,0,0,0,0,0,0,0,0,0,0,0,0,0,0,0,0,0,0,0,0,0,0,0,0,0,0,0,0,0,0,5033,0,13233,1195,642,150,23,176308,6650,54,69,87288,13,2,0,0,0,0,0,0,0,0,0,0,0,0,0,0,0,0,0,0,0,75,0,0,0,0,0,0,0,0,0,0,0,0,0,0,0,0,0,0,0,0,0,0,0,0,8,9008,0,1,13536,8,0,3013,0,0,0
KY,21087,7231,0,0,0,5337,0,0,90,0,3,0,0,0,0,39,0,1417,0,0,0,0,0,0,0,0,0,67,15232,0,0,0,0,0,0,0,0,0,0,0,0,0,0,0,0,0,0,6,1,0,1,0,0,0,0,0,0,0,0,0,0,0,0,513,0,9613,368,187,64,24,84066,1008,56,4,59424,1,0,0,0,0,0,0,0,0,0,0,0,0,0,0,0,0,0,0,0,0,73,0,0,0,0,0,0,0,0,0,0,0,0,0,0,0,0,0,0,0,0,0,0,0,0,0,7304,0,0,6754,0,0,1529,0,0,0
KY,21089,779,0,0,0,1013,0,0,0,0,0,0,0,0,0,0,0,0,0,0,0,0,0,0,0,0,0,0,2214,0,0,0,0,0,0,0,0,0,0,0,0,0,0,0,0,0,0,0,0,0,0,0,0,0,0,0,0,0,0,0,0,0,0,5954,0,15374,6384,2072,447,31,150133,350,11,196,41925,0,0,0,0,0,0,0,0,0,0,0,0,0,0,0,0,0,0,0,0,0,0,0,0,0,0,0,0,0,0,0,0,0,0,0,0,0,0,0,0,0,0,0,0,0,0,0,779,0,0,1013,0,0,0,0,0,0
KY,21091,8181,0,0,18,10881,0,0,113,0,13,0,0,0,0,24,0,1811,0,0,0,0,0,0,0,0,0,12,2955,0,0,0,0,0,0,0,0,0,0,0,0,0,0,0,0,0,0,0,0,0,0,0,0,0,0,0,0,0,0,0,0,0,0,7184,0,4051,467,334,226,117,71726,221,0,90,18565,259,63,0,0,0,0,0,0,0,0,0,0,0,0,0,0,0,0,0,0,0,0,0,0,0,0,0,0,0,0,0,0,0,0,0,0,0,0,0,0,0,0,0,0,0,0,0,8181,0,18,12692,0,0,1835,0,0,0
KY,21093,28407,0,0,0,21769,0,0,83,0,778,0,0,0,0,51,0,7454,0,2,0,0,0,0,0,0,0,326,17211,0,0,0,0,0,27,0,0,0,0,0,0,0,0,0,0,0,0,0,8,0,61,0,0,0,0,0,0,0,0,0,0,0,0,1696,0,21229,6623,3439,1270,530,179820,8404,93,46,97976,5740,12,0,0,0,0,0,0,0,0,0,0,0,0,0,0,0,0,0,0,0,154,0,0,0,0,0,0,0,0,0,0,2,0,0,0,27,0,0,0,0,0,0,0,0,0,0,28590,0,0,29250,2,0,7659,2,0,0
KY,21095,1,0,0,0,0,0,0,0,0,0,0,0,0,0,0,0,0,0,0,0,0,0,0,0,0,0,0,21,0,0,0,0,0,0,0,0,0,0,0,0,0,0,0,0,0,0,0,0,0,0,0,0,0,0,0,0,0,0,0,0,0,0,516,0,14917,4272,1348,145,2454,256656,53,1140,18,17957,0,0,0,0,0,0,0,0,0,0,0,0,0,0,0,0,0,0,0,0,0,0,0,0,0,0,0,0,0,0,0,0,0,0,0,0,0,0,0,0,0,0,0,0,0,0,0,1,0,0,0,0,0,0,0,0,0
KY,21097,2419,0,0,0,1471,0,0,203,1,0,0,0,0,0,28,0,185,0,0,0,0,0,0,0,0,0,188,6297,0,0,0,0,0,0,0,0,0,0,0,0,0,0,0,0,0,0,2,0,0,0,0,0,0,0,0,0,0,0,0,0,0,0,742,0,11150,1386,385,178,0,57973,5941,133,1970,107715,0,5,0,0,0,0,0,0,0,0,0,0,0,0,0,0,0,0,0,0,0,1,0,0,0,0,0,0,0,0,0,0,0,0,0,0,0,0,0,0,0,0,0,0,0,0,0,2420,0,0,1656,0,0,214,0,0,0
KY,21099,5162,0,0,2,5917,0,0,292,0,2,0,0,0,0,11,0,571,4,0,2,0,0,0,0,0,0,726,20515,0,0,0,0,0,9,0,0,0,0,0,0,0,6,0,0,0,0,3,61,0,0,0,0,0,0,0,0,0,0,0,0,0,0,2038,0,11222,786,283,68,70,136488,12505,351,6,70249,56,7,0,0,0,0,0,0,0,0,0,0,0,0,0,0,0,0,0,0,0,116,0,0,0,0,0,0,0,0,0,0,0,0,0,0,0,0,0,0,0,0,0,0,0,0,0,5278,0,2,6488,0,0,698,0,0,0
KY,21101,86040,0,0,609,67465,0,0,159,0,436,0,0,0,0,40,0,9201,0,0,0,0,0,0,0,0,0,8,13055,0,0,0,0,0,0,0,0,0,2,0,0,0,0,0,0,0,0,1,1,0,0,0,0,0,0,0,0,0,0,0,0,0,0,18617,0,14427,3947,1315,542,55,54125,571,0,6,19243,6311,2872,0,0,0,0,0,0,0,0,0,0,0,0,0,0,0,0,0,0,0,0,0,0,0,0,0,0,0,0,0,0,3,0,0,0,1,0,0,0,0,0,0,0,0,0,0,86044,0,609,76667,3,0,9241,0,0,0
KY,21103,3397,0,0,0,4189,0,0,97,0,1,0,0,0,0,5,0,96,0,2,0,0,0,0,0,0,0,101,6112,0,0,0,0,0,0,0,0,0,0,0,0,0,0,0,0,0,0,10,0,0,0,0,0,0,0,0,0,0,0,0,0,0,0,1416,0,9065,1061,307,112,21,69557,2736,52,222,87742,20,0,0,0,0,0,0,0,0,0,0,0,0,0,0,0,0,0,0,0,0,4,0,0,0,0,0,0,0,0,0,0,0,0,0,0,0,0,0,0,0,0,0,0,0,0,0,3401,0,0,4285,0,0,105,2,0,0
KY,21105,41263,0,0,0,26755,0,0,6,0,10,0,0,0,0,14,0,20724,0,11,0,0,0,0,0,0,0,131,616,0,0,0,0,0,0,0,0,0,0,0,0,0,0,0,0,0,0,0,0,0,0,0,0,0,0,0,0,0,45,0,0,0,0,6471,0,5938,324,109,54,16,20865,154,0,8,14185,23648,271,0,0,0,0,0,0,0,0,0,0,0,0,0,0,0,0,0,0,0,0,0,0,0,0,0,0,0,0,0,0,0,0,0,1,271,0,0,0,0,0,0,0,0,0,0,41534,0,0,47751,0,0,20738,12,0,0
KY,21107,32103,0,0,1801,33158,0,0,149,0,538,0,0,0,0,257,0,5230,0,1,3,0,0,0,0,0,0,5,15124,0,0,0,0,0,0,0,0,0,0,0,0,0,0,1,0,0,0,1,0,0,2,0,0,0,0,0,0,0,0,0,0,0,0,5815,0,13369,3215,1263,466,508,169990,5920,1,174,45781,8105,11720,0,0,0,0,0,0,0,0,0,0,0,0,0,0,0,0,0,0,0,1,0,0,0,0,0,0,0,0,0,0,0,0,0,0,8,0,0,0,0,0,0,0,0,0,0,32112,0,1801,38396,0,0,5488,1,0,0
KY,21109,107,0,0,0,39,0,0,1,0,0,0,0,0,0,0,0,3,0,0,0,0,0,0,0,0,0,2,4268,0,0,0,0,0,0,0,0,0,0,0,0,0,0,0,2,0,0,0,0,0,0,0,0,0,0,0,0,0,0,0,0,0,0,283,0,11291,3354,198,22,132,157017,39,2610,30,42392,0,0,0,0,0,0,0,0,0,0,0,0,0,0,0,0,0,0,0,0,0,0,0,0,0,0,0,0,0,0,0,0,0,0,0,0,0,0,0,0,0,0,0,0,0,0,0,107,0,0,42,0,0,3,0,0,0
KY,21111,967,0,0,0,1026,1,0,6,0,1,0,0,0,0,13,0,185,0,0,0,0,0,0,0,0,0,21,1560,0,0,0,12,0,1,0,0,0,0,0,0,0,0,0,0,0,0,4,6,0,12,0,0,0,0,0,0,0,0,0,0,0,0,10053,0,47412,46662,23667,14241,455,79323,2232,17,1,26624,1032,14,0,0,0,0,0,0,0,0,0,0,0,0,0,0,0,0,0,0,0,0,0,0,0,0,0,0,0,0,0,0,0,0,0,0,0,0,0,0,0,0,0,0,0,0,0,967,0,0,1211,0,0,198,0,0,0
KY,21113,652,0,0,0,951,0,0,20,0,0,0,0,0,0,66,0,177,1,0,0,0,0,0,0,0,0,157,3465,0,0,0,0,0,0,0,0,0,0,0,0,0,0,0,0,0,0,0,0,0,0,0,0,0,0,0,0,0,0,0,0,0,0,649,0,8015,2981,1350,574,9,34030,687,20,4,57867,0,1,0,0,0,0,0,0,0,0,0,0,0,0,0,0,0,0,0,0,0,1,0,0,0,0,0,0,0,0,0,0,0,0,0,0,0,0,0,0,0,0,0,0,0,0,0,653,0,0,1128,0,0,244,0,0,0
KY,21115,8,0,0,0,8,0,0,0,0,0,0,0,0,0,0,0,0,0,0,0,0,0,0,0,0,0,0,230,0,0,0,0,0,0,0,0,0,0,0,0,0,0,0,0,0,0,0,0,0,0,0,0,0,0,0,0,0,0,0,0,0,0,1212,0,7825,3569,1105,131,332,132541,220,1469,7,20299,0,0,0,0,0,0,0,0,0,0,0,0,0,0,0,0,0,0,0,0,0,0,0,0,0,0,0,0,0,0,0,0,0,0,0,0,0,0,0,0,0,0,0,0,0,0,0,8,0,0,8,0,0,0,0,0,0
KY,21117,134,0,0,0,18,0,0,1,0,0,0,0,0,0,0,0,0,0,0,0,0,0,0,0,0,0,57,1110,0,0,0,0,0,0,0,0,0,0,0,0,0,0,0,0,0,0,0,0,0,0,0,0,0,0,0,0,0,0,0,0,0,0,1644,0,13530,9061,4403,1380,10,44718,1196,6,272,27408,6,2,0,0,0,0,0,0,0,0,0,0,0,0,0,0,0,0,0,0,0,0,0,0,0,0,0,0,0,0,0,0,0,0,0,0,0,0,0,0,0,0,0,0,0,0,0,134,0,0,18,0,0,0,0,0,0
KY,21119,1,0,0,0,0,0,0,0,0,0,0,0,0,0,0,0,0,0,0,0,0,0,0,0,0,0,0,2,0,0,0,0,0,0,0,0,0,0,0,0,0,0,0,0,0,0,0,0,0,0,0,0,0,0,0,0,0,0,0,0,0,0,734,0,10509,2556,631,83,4555,172966,5,894,2,32987,0,0,0,0,0,0,0,0,0,0,0,0,0,0,0,0,0,0,0,0,0,0,0,0,0,0,0,0,0,0,0,0,0,0,0,0,0,0,0,0,0,0,0,0,0,0,0,1,0,0,0,0,0,0,0,0,0
KY,21121,320,0,0,0,124,0,0,0,0,0,0,0,0,0,1,0,16,0,0,0,0,0,0,0,0,0,1,2363,0,0,0,0,0,0,0,0,0,0,0,0,0,0,0,0,0,0,0,0,0,7,0,0,0,0,0,0,0,0,0,0,0,0,409,0,13119,5942,1359,154,312,183323,60,1897,22,38703,0,0,0,0,0,0,0,0,0,0,0,0,0,0,0,0,0,0,0,0,0,4,0,0,0,0,0,0,0,0,0,0,0,0,0,0,0,0,0,0,0,0,0,0,0,0,0,324,0,0,140,0,0,21,0,0,0
KY,21123,21622,0,0,0,15627,0,0,209,0,9,0,0,0,0,34,0,4847,0,0,0,0,1,0,0,0,0,224,8680,0,0,0,0,0,2,0,0,0,0,0,0,0,0,0,0,0,0,0,6,0,1,0,0,0,0,0,0,0,0,0,0,0,0,429,0,7561,477,187,51,11,67604,1259,36,14,39662,8,2,0,0,0,0,0,0,0,0,0,0,0,0,0,0,0,0,0,0,0,58,0,0,0,0,0,0,0,0,0,0,0,0,0,0,130,0,0,0,0,0,0,0,0,0,0,21810,0,0,20604,0,0,4939,0,0,0
KY,21125,302,0,0,1,124,0,0,2,0,0,0,0,0,0,2,0,20,0,0,0,0,0,0,0,0,0,6,9994,0,0,0,0,0,8,0,0,0,0,0,0,0,0,0,0,0,0,0,0,0,0,0,0,0,0,0,0,0,0,0,0,0,0,5039,0,16697,12956,3190,701,691,121549,346,30471,5,81858,0,0,0,0,0,0,0,0,0,0,0,0,0,0,0,0,0,0,0,0,0,2,0,0,0,0,0,0,0,0,0,0,0,0,0,0,0,0,0,0,0,0,0,0,0,0,0,304,0,1,144,0,0,24,0,0,0
KY,21127,41,0,0,0,21,0,0,0,0,0,0,0,0,0,0,0,0,0,0,0,0,0,0,0,0,0,0,553,0,0,0,0,0,0,0,0,0,0,0,0,0,0,0,0,0,0,0,0,0,0,0,0,0,0,0,0,0,0,0,0,0,0,2763,0,12319,3471,1134,143,341,217369,1080,1128,33,28477,0,0,0,0,0,0,0,0,0,0,0,0,0,0,0,0,0,0,0,0,0,0,0,0,0,0,0,0,0,0,0,0,0,0,0,0,0,0,0,0,0,0,0,0,0,0,0,41,0,0,21,0,0,0,0,0,0
KY,21129,39,0,0,0,4,0,0,0,0,0,0,0,0,0,0,0,0,0,0,0,0,0,0,0,0,0,0,174,0,0,0,0,0,0,0,0,0,0,0,0,0,0,0,0,0,0,0,0,0,0,0,0,0,0,0,0,0,0,0,0,0,0,1171,0,8518,1568,271,23,97,93691,773,9880,22,18944,0,0,0,0,0,0,0,0,0,0,0,0,0,0,0,0,0,0,0,0,0,0,0,0,0,0,0,0,0,0,0,0,0,0,0,0,0,0,0,0,0,0,0,0,0,0,0,39,0,0,4,0,0,0,0,0,0
KY,21131,2,0,0,0,0,0,0,0,0,0,0,0,0,0,0,0,0,0,0,0,0,0,0,0,0,0,0,5,0,0,0,0,0,0,0,0,0,0,0,0,0,0,0,0,0,0,0,0,0,0,0,0,0,0,0,0,0,0,0,0,0,0,796,0,12001,1563,294,33,2370,224765,12,769,85,16098,0,0,0,0,0,0,0,0,0,0,0,0,0,0,0,0,0,0,0,0,0,0,0,0,0,0,0,0,0,0,0,0,0,0,0,0,0,0,0,0,0,0,0,0,0,0,0,2,0,0,0,0,0,0,0,0,0
KY,21133,2,0,0,0,0,0,0,0,0,0,0,0,0,0,0,0,0,0,0,0,0,0,0,0,0,0,0,0,0,0,0,0,0,0,0,0,0,0,0,0,0,0,0,0,0,0,0,0,0,0,0,0,0,0,0,0,0,0,0,0,0,0,201,0,11921,3263,763,152,2866,169739,44,934,6,27147,0,0,0,0,0,0,0,0,0,0,0,0,0,0,0,0,0,0,0,0,0,0,0,0,0,0,0,0,0,0,0,0,0,0,0,0,0,0,0,0,0,0,0,0,0,0,0,2,0,0,0,0,0,0,0,0,0
KY,21135,1018,0,0,0,5778,0,0,0,0,0,0,0,0,0,75,0,1,0,14,0,0,0,0,0,0,0,30,4211,0,0,0,0,0,0,0,0,0,0,0,0,0,0,0,0,0,0,0,0,0,0,0,0,0,0,3,0,0,0,0,0,0,0,8096,0,13020,2954,495,66,6,232736,1639,103,811,46183,0,0,0,0,0,0,0,0,0,0,0,0,0,0,0,0,0,0,0,0,0,0,0,0,0,0,0,0,0,0,0,0,0,0,0,0,0,0,0,0,0,0,0,0,0,0,0,1018,0,0,5779,0,0,76,14,0,0
KY,21137,6441,0,0,0,5605,0,0,32,0,0,0,0,0,0,35,0,556,0,0,13,0,0,0,0,0,0,1450,17508,0,0,0,0,0,92,0,0,0,0,0,0,0,0,0,0,0,0,11,0,0,0,0,0,0,0,0,0,0,0,0,0,0,0,828,0,10750,998,386,88,26,90301,635,51,8,79407,0,0,0,0,0,0,0,0,0,0,0,0,0,0,0,0,0,0,0,0,0,195,0,0,0,0,0,0,0,0,0,0,0,0,0,0,0,0,0,0,0,0,0,0,0,0,0,6636,0,0,6161,0,0,786,0,0,0
KY,21139,10934,0,0,2,14807,6,0,3,0,756,0,0,0,0,20,0,3731,0,0,0,0,0,0,0,0,0,66,14962,0,0,0,0,0,0,0,0,0,0,0,0,0,0,7,0,0,0,9,0,0,0,0,0,0,0,0,0,0,0,0,0,0,0,18595,0,5867,534,271,149,978,97486,3488,0,11,40023,5080,1204,0,0,0,0,0,0,0,0,0,0,0,0,0,0,0,0,0,0,0,1,0,0,0,0,0,0,0,0,0,0,0,0,0,0,12,0,0,0,0,0,0,0,0,0,0,10947,0,2,18550,0,0,3752,0,0,0
KY,21141,59076,0,0,40,12530,0,0,608,0,2,0,0,0,0,178,0,53767,6,8,0,0,0,0,0,0,0,655,15796,0,0,0,0,0,0,0,0,0,1,0,0,0,0,0,0,0,0,0,6,0,0,0,0,0,0,0,0,0,0,0,0,0,0,1116,0,18966,1323,609,181,22,102705,3647,171,8,83270,31,73,0,0,0,0,0,0,0,0,0,0,0,0,0,0,0,0,0,0,0,20,16,0,0,0,0,0,0,0,0,84,32,0,0,5,90,0,0,0,0,0,0,0,0,0,1499,59234,0,124,67891,1531,0,54049,29,0,0
KY,21143,8109,0,0,8,3450,0,0,7,0,182,0,0,0,0,2,0,4703,0,0,0,0,0,0,0,0,0,102,4378,0,0,0,0,0,0,0,0,0,0,0,0,0,0,0,0,0,0,0,0,0,0,0,0,0,0,0,0,0,0,0,0,0,0,26343,0,3768,783,211,78,53,92642,2723,0,60,14450,1875,163,0,0,0,0,0,0,0,0,0,0,0,0,0,0,0,0,0,0,0,12,0,0,0,0,0,0,0,0,0,0,0,0,0,0,0,0,0,0,0,0,0,0,0,0,0,8121,0,8,8153,0,0,4717,0,0,0
KY,21145,14339,0,0,6,17558,0,0,10,0,147,0,0,0,0,26,0,9834,0,0,0,0,0,0,0,0,0,11,2173,0,0,0,0,0,0,0,0,0,0,0,0,0,0,0,0,0,0,0,0,0,0,0,0,0,0,0,0,0,0,0,0,0,0,11822,0,14947,6099,2544,1243,208,50337,1468,0,1,28860,8365,1505,0,0,0,0,0,0,0,0,0,0,0,0,0,0,0,0,0,0,0,0,0,0,0,0,0,0,0,0,0,0,0,0,0,10,1,0,0,0,0,0,0,0,0,0,3,14340,0,6,27406,3,0,9860,10,0,0
KY,21147,33,0,0,0,18,0,0,0,0,0,0,0,0,0,0,0,0,0,0,0,0,0,0,0,0,0,1,435,0,0,0,0,0,0,0,0,0,0,0,0,0,0,0,0,0,0,0,0,0,0,0,0,0,0,0,0,0,0,0,0,0,0,1764,0,14855,2252,586,97,366,183354,436,52251,32,19122,1,2,0,0,0,0,0,0,0,0,0,0,0,0,0,0,0,0,0,0,0,1,0,0,0,0,0,0,0,0,0,0,0,0,0,0,0,0,0,0,0,0,0,0,0,0,0,34,0,0,18,0,0,1,0,0,0
KY,21149,43363,0,0,372,38081,0,0,279,0,8,0,0,0,0,73,0,11789,0,0,1,0,0,0,0,0,0,39,6499,0,0,0,0,0,0,0,0,0,0,0,0,0,0,0,0,0,0,1,7,0,0,0,0,0,0,0,0,0,0,0,0,0,0,1494,0,7003,460,181,80,32,40375,439,0,10,11283,1379,655,0,0,0,0,0,0,0,0,0,0,0,0,0,0,0,0,0,0,0,42,0,0,0,0,0,0,0,0,0,2,0,0,0,7,0,0,0,0,0,0,0,0,0,0,1,43405,0,374,49878,1,0,11906,7,0,0
KY,21151,842,0,0,0,292,0,0,18,0,0,0,0,0,0,44,0,25,4,0,0,0,0,0,0,0,0,102,9579,0,0,0,0,0,2,0,0,0,0,0,0,0,0,0,0,0,0,0,0,0,0,0,0,0,0,0,0,0,0,0,0,0,0,1704,0,19725,8162,2875,794,19,105472,3667,877,118,129312,0,0,0,0,0,0,0,0,0,0,0,0,0,0,0,0,0,0,0,0,0,19,0,0,0,0,0,0,0,0,0,0,0,0,0,0,0,0,0,0,0,0,0,0,0,0,0,861,0,0,317,0,0,88,0,0,0
KY,21153,17,0,0,1,6,0,0,0,0,0,0,0,0,0,0,0,0,0,0,0,0,0,0,0,0,0,2,926,0,0,0,0,0,0,0,0,0,0,0,0,0,0,0,0,0,0,0,0,0,0,0,0,0,0,0,0,0,0,0,0,0,0,30,0,5298,1865,205,16,878,164814,137,1963,0,21876,0,0,0,0,0,0,0,0,0,0,0,0,0,0,0,0,0,0,0,0,0,0,0,0,1,0,0,0,0,0,0,0,0,0,0,0,0,0,0,0,0,0,0,0,0,0,0,17,0,1,6,0,0,0,0,0,0
KY,21155,11332,0,0,0,7527,0,0,68,0,14,0,0,0,0,117,0,4951,8,8,0,0,0,0,0,0,0,221,23713,0,0,0,0,0,2,0,0,0,0,0,0,0,0,0,0,0,0,0,0,0,0,0,0,0,0,0,0,0,0,0,0,0,0,455,0,8306,1028,456,235,16,102151,774,62,6,60089,0,2,0,0,0,0,0,0,0,0,0,0,0,0,0,0,0,0,0,0,0,526,0,0,0,0,0,0,0,0,0,0,0,0,0,0,0,0,0,0,0,0,0,0,0,0,2,11858,0,0,12480,2,0,5594,8,0,0
KY,21157,10962,0,0,1,9726,0,0,13,0,744,0,0,0,0,3,0,7783,0,0,0,0,0,0,0,0,0,0,6784,0,0,0,0,0,0,0,0,0,0,0,0,0,0,0,0,0,0,1,0,0,0,0,0,0,0,0,0,0,0,0,0,0,0,23961,0,9270,1773,701,617,324,90475,3396,0,1,42427,8137,698,0,0,0,0,0,0,0,0,0,0,0,0,0,0,0,0,0,0,0,0,0,0,0,0,0,0,0,0,0,0,0,0,0,0,0,0,0,0,0,0,0,0,0,0,0,10962,0,1,17509,0,0,7786,0,0,0
KY,21159,2,0,0,0,0,0,0,0,0,0,0,0,0,0,0,0,0,0,0,0,0,0,0,0,0,0,0,10,0,0,0,0,0,0,0,0,0,0,0,0,0,0,0,0,0,0,0,0,0,0,0,0,0,0,0,0,0,0,0,0,0,0,363,0,5583,2415,516,56,2248,103333,20,115,7,33057,0,0,0,0,0,0,0,0,0,0,0,0,0,0,0,0,0,0,0,0,0,0,0,0,0,0,0,0,0,0,0,0,0,0,0,0,0,0,0,0,0,0,0,0,0,0,0,2,0,0,0,0,0,0,0,0,0
KY,21161,3020,0,0,0,4957,0,0,28,0,0,0,0,0,0,12,0,32,0,0,0,0,0,0,0,0,0,1420,6196,0,0,0,0,0,0,0,0,0,0,0,0,0,0,0,0,0,0,16,0,0,0,0,0,0,0,0,0,0,0,0,0,0,0,3672,0,9099,1380,1005,517,128,54351,542,306,62,71004,0,1,0,0,0,0,0,0,0,0,0,0,0,0,0,0,0,0,0,0,0,76,0,0,0,0,0,0,0,0,0,0,0,0,0,0,0,0,0,0,0,0,0,0,0,0,0,3096,0,0,4989,0,0,120,0,0,0
KY,21163,15514,0,0,0,7873,0,0,189,0,38,0,0,0,0,11,0,4670,0,0,0,0,0,0,0,0,0,957,6431,0,0,0,0,0,0,0,0,0,0,0,0,0,0,0,0,0,0,0,0,0,3,0,0,0,0,0,0,0,0,0,0,0,0,10843,0,8790,734,278,72,610,97652,1592,11,33,51046,114,24,0,0,0,0,0,0,0,0,0,0,0,0,0,0,0,0,0,0,0,7,0,0,0,0,0,0,0,0,0,0,2,0,0,0,4,0,0,0,0,0,0,0,0,0,2,15527,0,0,12549,4,0,4688,0,0,0
KY,21165,85,0,0,0,189,0,0,0,0,0,0,0,0,0,1,0,0,0,0,0,0,0,0,0,0,0,1,786,0,0,0,0,0,2,0,0,0,0,0,0,0,0,0,0,0,0,0,0,0,0,0,0,0,0,0,0,0,0,0,0,0,0,1501,0,4617,1837,155,13,145,91066,1360,11366,4,18731,0,0,0,0,0,0,0,0,0,0,0,0,0,0,0,0,0,0,0,0,0,0,0,0,0,0,0,0,0,0,0,0,0,0,0,0,0,0,0,0,0,0,0,0,0,0,0,85,0,0,189,0,0,1,0,0,0
KY,21167,6102,0,0,0,1245,0,0,33,0,2,0,0,0,0,108,0,1044,0,0,0,0,0,0,0,0,0,838,8548,0,0,0,0,0,1,0,0,0,0,0,0,0,0,0,0,0,0,0,7,0,0,0,0,0,0,0,0,0,0,0,0,0,0,1440,0,7837,1326,693,350,40,45758,6590,602,42,79335,0,2,0,0,0,0,0,0,0,0,0,0,0,0,0,0,0,0,0,0,0,44,0,0,0,0,0,0,0,0,0,0,0,0,0,0,0,0,0,0,0,0,0,0,0,0,0,6146,0,0,2289,0,0,1196,0,0,0
KY,21169,3913,0,0,2,2321,0,0,74,0,1,0,0,0,0,47,0,556,0,0,0,0,0,0,0,0,0,406,8588,0,0,0,0,0,0,0,0,0,0,0,0,0,0,0,0,0,0,0,1,0,0,0,0,0,0,0,0,0,0,0,0,0,0,155,0,8730,437,124,44,17,101082,799,209,11,58585,0,0,0,0,0,0,0,0,0,0,0,0,0,0,0,0,0,0,0,0,0,99,5,0,0,0,0,0,0,0,0,0,7,0,0,0,0,0,0,0,0,0,0,0,0,0,0,4024,0,2,2877,7,0,702,5,0,0
KY,21171,3992,0,0,8,2280,0,0,333,0,2,0,0,0,0,6,0,551,0,0,0,0,0,0,0,0,0,39,8067,0,0,0,0,0,0,0,0,0,0,0,0,0,0,0,0,0,0,0,0,0,0,0,0,0,0,0,0,0,0,0,0,0,0,820,0,9227,419,297,178,18,114031,711,134,3,70947,0,0,0,0,0,0,0,0,0,0,0,0,0,0,0,0,0,0,0,0,0,468,0,0,0,0,0,0,0,0,0,0,10,0,0,0,0,0,0,0,0,0,0,0,0,0,1,4470,0,8,2832,11,0,1025,0,0,0
KY,21173,799,0,0,1,799,0,0,44,0,0,0,0,0,0,4,0,4,0,0,0,0,0,0,0,0,0,50,6791,0,0,0,0,0,8,0,0,0,0,0,0,0,0,0,0,0,0,0,0,0,0,0,0,0,0,0,0,0,0,0,0,0,0,270,0,7626,3389,794,295,53,35577,204,273,15,70182,0,0,0,0,0,0,0,0,0,0,0,0,0,0,0,0,0,0,0,0,0,31,0,0,0,0,0,0,0,0,0,0,0,0,0,0,0,0,0,0,0,0,0,0,0,0,0,830,0,1,803,0,0,39,0,0,0
KY,21175,124,0,0,13,60,0,0,0,0,0,0,0,0,0,0,0,0,0,0,0,0,0,0,0,0,0,2,4389,0,0,0,0,0,0,0,0,0,0,0,0,0,0,0,0,0,0,0,0,0,0,0,0,0,0,0,0,0,0,0,0,0,0,968,0,6910,3028,241,20,112,179836,988,11619,7,37258,0,0,0,0,0,0,0,0,0,0,0,0,0,0,0,0,0,0,0,0,0,0,0,0,4,0,0,0,0,0,0,0,0,0,0,0,0,0,0,0,0,0,0,0,0,0,0,124,0,13,60,0,0,0,0,0,0
KY,21177,16241,0,0,130,13056,0,0,133,0,5,0,0,0,0,286,0,2885,1,0,0,0,0,0,0,0,0,8,13472,0,0,0,0,0,0,0,0,0,2,0,0,0,0,1,0,0,0,2,0,0,0,0,0,0,0,0,0,0,0,0,0,0,0,7058,0,12792,2068,1055,313,263,163488,5757,13,75,59851,3009,4714,0,0,0,0,0,0,0,0,0,0,0,0,0,0,0,0,0,0,0,4,0,0,0,0,0,0,0,0,0,2,0,0,0,151,5,0,0,0,0,0,0,0,0,0,1,16250,0,132,16098,1,0,3177,151,0,0
KY,21179,14816,0,0,0,9034,1,0,19,0,12,0,6,0,0,291,0,5429,0,0,0,0,1,0,0,0,0,319,18775,0,0,0,0,0,0,0,0,0,0,0,0,0,0,0,0,0,0,0,1,0,3,0,0,0,0,0,0,0,0,0,0,0,0,1301,0,11124,2256,1060,457,100,125573,3996,97,5,75756,757,5,0,0,0,0,0,0,0,0,0,0,0,0,0,0,0,0,0,0,0,156,0,0,0,0,0,0,0,0,0,0,20,0,0,4,94,0,0,0,0,0,0,0,0,0,2,15086,0,0,14563,28,0,5876,4,0,0
KY,21181,424,0,0,0,421,0,0,52,0,0,0,0,0,0,1,0,24,0,0,0,0,0,0,0,0,0,264,2481,0,0,0,0,0,0,0,0,0,0,0,0,0,0,0,0,0,0,0,0,0,0,0,0,0,0,0,0,0,0,0,0,0,0,315,0,6394,414,157,52,2,53798,2279,489,269,58176,0,3,0,0,0,0,0,0,0,0,0,0,0,0,0,0,0,0,0,0,0,5,0,0,0,0,0,0,0,0,0,0,0,0,0,0,0,0,0,0,0,0,0,0,0,0,0,429,0,0,445,0,0,30,0,0,0
KY,21183,34077,0,0,14,28178,0,0,85,0,323,0,0,0,0,26,0,3291,0,0,0,0,0,0,0,0,0,9,11025,0,0,0,0,0,0,0,0,0,0,0,0,0,0,0,0,0,0,0,0,0,0,0,0,0,0,0,0,0,0,0,0,0,0,4879,0,14404,1476,548,158,183,215850,1732,3,242,61968,1948,1479,0,0,0,0,0,0,0,0,0,0,0,0,0,0,0,0,0,0,0,2,0,0,0,0,0,0,0,0,0,0,0,0,0,0,1,0,0,0,0,0,0,0,0,0,1,34080,0,14,31471,1,0,3319,0,0,0
KY,21185,1843,0,0,0,2398,0,0,4,0,0,0,0,0,0,23,0,399,0,0,0,0,0,0,0,0,0,46,2388,0,0,0,0,0,1,0,0,0,0,0,0,0,0,0,0,0,0,2,1,0,0,0,0,0,0,0,0,0,0,0,0,0,0,5067,0,9686,2590,747,272,83,54686,1171,1,3,44272,15,0,0,0,0,0,0,0,0,0,0,0,0,0,0,0,0,0,0,0,0,1,0,0,0,0,0,0,0,0,0,0,0,0,0,4,0,0,0,0,0,0,0,0,0,0,0,1844,0,0,2801,0,0,423,4,0,0
KY,21187,449,0,0,0,807,0,0,33,0,0,0,0,0,0,0,0,3,0,0,0,0,0,0,0,0,0,115,4397,0,0,0,0,0,0,0,0,0,0,0,0,0,0,0,0,0,0,10,1,0,0,0,0,0,0,0,0,0,0,0,0,0,0,1158,0,11107,1022,318,65,0,109026,13049,180,2281,82599,38,2,0,0,0,0,0,0,0,0,0,0,0,0,0,0,0,0,0,0,0,0,0,0,0,0,0,0,0,0,0,0,0,0,0,0,0,0,0,0,0,0,0,0,0,0,0,449,0,0,810,0,0,3,0,0,0
KY,21189,35,0,0,0,16,0,0,0,0,0,0,0,0,0,0,0,0,0,0,0,0,0,0,0,0,0,1,365,0,0,0,0,0,0,0,0,0,0,0,0,0,0,0,0,0,0,0,0,0,0,0,0,0,0,0,0,0,0,0,0,0,0,250,0,5915,1363,96,5,59,99563,78,1409,8,17604,0,0,0,0,0,0,0,0,0,0,0,0,0,0,0,0,0,0,0,0,0,0,0,0,0,0,0,0,0,0,0,0,0,0,0,0,0,0,0,0,0,0,0,0,0,0,0,35,0,0,16,0,0,0,0,0,0
KY,21191,781,0,0,0,880,0,0,135,0,0,0,0,0,0,1,0,7,0,0,0,0,0,0,0,0,0,21,3257,0,0,0,0,0,0,0,0,0,0,0,0,0,0,0,0,0,0,0,0,0,0,0,0,0,0,0,2,0,0,0,0,0,0,1972,0,9573,909,293,167,36,86294,15658,193,3677,56542,3,12,0,0,0,0,0,0,0,0,0,0,0,0,0,0,0,0,0,0,0,0,0,0,0,0,0,0,0,0,0,0,0,0,0,0,0,0,0,0,0,0,0,0,0,0,0,781,0,0,887,0,0,8,0,0,0
KY,21193,3,0,0,0,1,0,0,0,0,0,0,0,0,0,0,0,0,0,0,0,0,0,0,0,0,0,0,9,0,0,0,0,0,0,0,0,0,0,0,0,0,0,0,0,0,0,0,0,0,0,0,0,0,0,0,0,0,0,0,0,0,0,956,0,12384,4236,1454,284,6620,158663,10,1187,10,33476,0,0,0,0,0,0,0,0,0,0,0,0,0,0,0,0,0,0,0,0,0,0,0,0,0,0,0,0,0,0,0,0,0,0,0,0,0,0,0,0,0,0,0,0,0,0,0,3,0,0,1,0,0,0,0,0,0
KY,21195,4,0,0,0,0,0,0,0,0,0,0,0,0,0,0,0,0,0,0,0,0,0,0,0,0,0,0,4,0,0,0,0,0,0,0,0,0,0,0,0,0,0,0,0,0,0,0,0,0,0,0,0,0,0,0,0,0,0,0,0,0,0,2489,0,14219,9340,3288,543,8415,382311,4,1570,12,82667,0,0,0,0,0,0,0,0,0,0,0,0,0,0,0,0,0,0,0,0,0,0,0,0,0,0,0,0,0,0,0,0,0,0,0,0,0,0,0,0,0,0,0,0,0,0,0,4,0,0,0,0,0,0,0,0,0
KY,21197,1037,0,0,0,1583,0,0,4,0,0,0,0,0,0,3,0,14,0,0,0,0,0,0,0,0,0,9,766,0,0,0,0,0,2,0,0,0,0,0,0,0,0,0,0,0,0,0,0,0,0,0,0,0,0,0,0,0,0,0,0,0,0,184,0,4571,2662,849,121,105,73579,882,8354,24,20581,0,0,0,0,0,0,0,0,0,0,0,0,0,0,0,0,0,0,0,0,0,1,0,0,0,0,0,0,0,0,0,0,0,0,0,0,0,0,0,0,0,0,0,0,0,0,0,1038,0,0,1597,0,0,18,0,0,0
KY,21199,8569,0,0,0,5740,0,0,10,0,0,0,0,0,0,50,0,2038,0,0,0,0,0,0,0,0,0,64,20137,0,0,0,0,0,4,0,0,0,0,0,0,0,0,0,0,0,0,0,0,0,0,0,0,0,0,0,0,0,0,0,0,0,0,9609,0,22899,8385,2539,840,606,214324,894,14736,66,121354,0,0,0,0,0,0,0,0,0,0,0,0,0,0,0,0,0,0,0,0,0,463,0,0,0,0,0,0,0,0,0,0,0,0,0,3,0,0,0,0,0,0,0,0,0,0,6,9032,0,0,7787,6,0,2551,3,0,0
KY,21201,37,0,0,0,112,0,0,3,0,0,0,0,0,0,0,0,0,0,0,0,0,0,0,0,0,0,54,405,0,0,0,0,0,0,0,0,0,0,0,0,0,0,0,0,0,0,0,0,0,0,0,0,0,0,0,0,0,0,0,0,0,0,77,0,2730,136,27,6,1,33325,4394,1099,178,21487,0,1,0,0,0,0,0,0,0,0,0,0,0,0,0,0,0,0,0,0,0,0,0,0,0,0,0,0,0,0,0,0,0,0,0,0,0,0,0,0,0,0,0,0,0,0,0,37,0,0,112,0,0,0,0,0,0
KY,21203,1519,0,0,0,1563,0,0,89,0,0,0,0,0,0,6,0,37,0,0,0,0,0,0,0,0,0,131,5437,0,0,0,0,0,1,0,0,0,0,0,0,0,0,0,0,0,0,0,0,0,0,0,0,0,0,0,0,0,0,0,0,0,0,429,0,11046,2802,606,97,66,135939,106,2797,24,40840,0,0,0,0,0,0,0,0,0,0,0,0,0,0,0,0,0,0,0,0,0,11,0,0,0,0,0,0,0,0,0,0,0,0,0,0,0,0,0,0,0,0,0,0,0,0,0,1530,0,0,1600,0,0,54,0,0,0
KY,21205,762,0,0,2,1600,0,0,0,0,0,0,0,0,0,1,0,0,0,0,0,0,0,0,0,0,0,103,3051,0,0,0,0,0,0,0,0,0,0,0,0,0,0,0,0,0,0,0,0,0,0,0,0,0,0,1,0,0,0,0,0,0,0,3291,0,8016,3627,1362,277,40,133571,457,2956,70,24022,0,0,0,0,0,0,0,0,0,0,0,0,0,0,0,0,0,0,0,0,0,0,0,0,0,0,0,0,0,0,0,0,0,0,0,0,0,0,0,0,0,0,0,0,0,0,0,762,0,2,1600,0,0,1,0,0,0
KY,21207,3173,0,0,0,3488,0,0,0,0,0,0,0,0,0,1,0,461,0,0,0,0,0,0,0,0,0,6,9166,0,0,0,0,0,0,0,0,0,0,0,0,0,0,0,0,0,0,0,0,0,3,0,0,0,0,0,0,0,0,0,0,0,0,18033,0,8207,890,357,171,157,87571,248,277,7,48524,0,0,0,0,0,0,0,0,0,0,0,0,0,0,0,0,0,0,0,0,0,275,1,0,0,0,0,0,0,0,0,0,0,0,0,0,0,0,0,0,0,0,0,0,0,0,2,3449,0,0,3951,2,0,737,1,0,0
KY,21209,2157,0,0,0,1323,0,0,146,0,0,0,0,0,0,81,0,265,0,0,0,0,0,0,0,0,0,394,3567,0,0,0,0,0,0,0,0,0,0,0,0,0,0,0,0,0,0,13,0,0,1,0,0,0,0,0,0,0,0,0,0,0,0,407,0,13454,3683,1857,861,10,49011,3303,58,2303,99679,0,0,0,0,0,0,0,0,0,0,0,0,0,0,0,0,0,0,0,0,0,8,0,0,0,0,0,0,0,0,0,0,0,0,0,0,0,0,0,0,0,0,0,0,0,0,0,2165,0,0,1588,0,0,354,0,0,0
KY,21211,16072,0,0,16,15963,0,0,310,10,2,0,0,0,0,113,0,2666,0,0,0,0,0,0,0,0,0,274,10310,0,0,0,0,0,3,0,0,0,0,0,0,0,0,0,0,0,0,2,49,0,22,0,0,0,0,0,0,0,0,0,0,0,0,1022,0,11049,3113,1111,497,49,71136,1882,65,289,110870,0,0,0,0,0,0,0,0,0,0,0,0,0,0,0,0,0,0,0,0,0,13,0,0,0,0,0,0,0,0,0,0,0,0,0,23,0,0,0,0,0,0,0,0,0,0,0,16085,0,16,18652,0,0,2792,23,0,0
KY,21213,39114,0,0,3,8147,0,0,453,0,0,0,0,0,0,77,0,29666,0,1,0,0,0,0,0,0,0,80,6552,0,0,0,0,0,0,0,0,0,0,0,0,0,0,0,0,0,0,0,0,0,0,0,0,0,0,0,0,0,0,0,0,0,0,177,0,9770,1572,409,175,44,16860,210,0,0,36300,0,0,0,0,0,0,0,0,0,0,0,0,0,0,0,0,0,0,0,0,0,271,0,0,0,0,0,0,0,0,0,0,1,0,0,0,3,0,0,0,0,0,0,0,0,0,1273,39389,0,3,39089,1274,0,30014,1,0,0
KY,21215,3284,0,0,3,6038,0,0,40,0,4,0,23,0,0,44,0,656,0,0,0,0,0,0,0,0,0,58,7415,0,0,0,0,0,0,0,0,0,0,0,0,0,0,0,0,0,0,0,10,0,2,0,0,0,0,0,0,0,0,0,0,0,0,2787,0,5082,472,215,74,10,58175,1977,326,2,35857,23,2,0,0,0,0,0,0,0,0,0,0,0,0,0,0,0,0,0,0,0,9,0,0,0,0,0,0,0,0,0,0,0,0,0,1,0,0,0,0,0,0,0,0,0,0,0,3293,0,3,6695,23,0,709,1,0,0
KY,21217,11044,0,0,0,5438,0,0,165,0,1,0,0,0,0,7,0,3891,0,0,0,0,0,0,0,0,0,24,11221,0,0,0,0,0,2,0,0,0,0,0,0,0,0,0,0,0,0,0,0,0,1,0,0,0,0,0,0,0,0,0,0,0,0,4856,0,8450,1318,576,430,43,80560,391,31,6,48634,0,0,0,0,0,0,0,0,0,0,0,0,0,0,0,0,0,0,0,0,0,203,0,0,0,0,0,0,0,0,0,0,0,0,0,0,0,0,0,0,0,0,0,0,0,0,0,11247,0,0,9329,0,0,4101,0,0,0
KY,21219,46401,0,0,91,12054,0,0,612,0,10,0,0,0,0,489,0,40882,1,1,0,0,0,0,0,0,0,30,5234,0,0,0,0,0,0,0,0,0,0,0,0,0,0,3,0,0,0,0,41,0,0,0,0,0,0,0,0,0,0,0,0,0,0,599,0,11239,529,243,71,3,72262,1056,18,15,48815,1,9,0,0,0,0,0,0,0,0,0,0,0,0,0,0,0,0,0,0,0,6,13,0,0,0,0,0,0,0,0,7,30,0,0,1,3,0,0,0,0,0,0,0,0,0,492,46453,0,98,53432,522,0,41384,15,0,0
KY,21221,22513,0,0,41,5585,0,0,269,0,12,0,0,0,0,18,0,18225,0,1,0,0,0,0,0,0,0,20,10573,0,0,0,0,0,0,0,0,0,0,0,0,0,0,1,0,0,0,0,0,0,0,0,0,0,0,0,0,0,0,0,0,0,0,23846,0,7429,651,232,106,42,181512,5676,0,26,28515,2396,173,0,0,0,0,0,0,0,0,0,0,0,0,0,0,0,0,0,0,0,59,0,0,0,0,0,0,0,0,0,0,3,0,0,2,1,0,0,0,0,0,0,0,0,0,1,22576,0,41,23814,4,0,18302,3,0,0
KY,21223,800,0,0,0,2466,0,0,113,0,5,0,0,0,0,20,0,198,0,0,0,0,0,0,0,0,0,51,1632,0,0,0,0,0,0,0,0,0,0,0,0,0,0,0,0,0,0,0,0,0,0,0,5,0,0,0,0,0,0,0,0,0,0,5168,0,4220,224,108,48,86,59881,1756,1,2,23131,10,15,0,0,0,0,0,0,0,0,0,0,0,0,0,0,0,0,0,0,0,0,0,0,0,0,0,0,0,0,0,0,0,0,0,1,0,0,0,0,0,0,0,0,0,0,0,800,0,0,2665,0,0,218,1,0,0
KY,21225,86731,0,0,89,36073,0,0,2,0,6,0,0,0,0,19,0,14218,0,0,2,0,0,0,0,0,0,26,7870,0,0,0,0,0,0,0,0,0,0,0,0,0,0,0,0,0,0,17,0,0,0,0,0,0,0,0,0,0,0,0,0,0,0,13036,0,8097,1016,454,197,54,39973,360,0,4,18456,4958,905,0,0,0,0,0,0,0,0,0,0,0,0,0,0,0,0,0,0,0,1,0,0,0,0,0,0,0,0,0,0,0,0,0,49,0,0,0,0,0,0,0,0,0,0,0,86732,0,89,50340,0,0,14238,49,0,0
KY,21227,31239,0,0,24,12130,0,0,364,0,0,0,0,0,0,170,0,16323,0,0,0,0,0,0,0,0,0,88,19174,0,0,0,0,0,0,0,0,0,0,0,0,0,0,0,0,0,0,2,49,0,0,0,0,0,0,0,0,0,0,0,0,0,0,1837,0,26021,8045,2738,888,105,106596,4042,117,9,119397,36,100,0,0,0,0,0,0,0,0,0,0,0,0,0,0,0,0,0,0,0,241,0,0,0,0,0,0,0,0,0,0,0,0,0,64,612,0,0,0,0,0,0,0,0,0,108,32092,0,24,29237,108,0,16734,64,0,0
KY,21229,5064,0,0,0,2168,4,0,38,0,90,0,0,0,0,46,0,1722,0,1,0,0,0,0,0,0,0,202,15630,0,0,0,0,0,0,0,0,0,0,0,0,0,0,0,0,0,0,2,0,0,7,0,0,0,0,0,0,0,0,0,0,0,0,404,0,7745,898,420,242,2,80158,4525,752,27,72457,0,0,0,0,0,0,0,0,0,0,0,0,0,0,0,0,0,0,0,0,0,98,0,0,0,0,0,0,0,0,0,0,0,0,0,0,0,0,0,0,0,0,0,0,0,0,8,5162,0,0,3898,8,0,1866,1,0,0
KY,21231,5553,0,0,0,4983,0,0,6,3,0,0,0,0,0,71,0,2230,0,0,0,0,0,0,0,0,0,48,8960,0,0,0,0,0,0,0,0,0,0,0,0,0,0,0,0,0,0,0,0,0,1,0,0,0,0,0,0,0,0,0,0,0,0,16126,0,15298,5058,806,153,206,195601,390,4557,223,49493,0,1,0,0,0,0,0,0,0,0,0,0,0,0,0,0,0,0,0,0,0,47,0,0,0,0,0,0,0,0,0,0,0,0,0,0,0,0,0,0,0,0,0,0,0,0,68,5600,0,0,7281,68,0,2348,0,0,0
KY,21233,43966,0,0,476,36191,0,0,60,0,79,0,0,0,0,10,0,5409,0,0,0,0,0,0,0,0,0,11,15170,0,0,0,0,0,0,0,0,0,0,0,0,0,0,0,0,0,0,5,0,0,2,0,0,0,0,0,0,0,0,0,0,0,0,1479,0,7323,975,544,276,124,77240,739,0,6,21289,2504,961,0,0,0,0,0,0,0,0,0,0,0,0,0,0,0,0,0,0,0,1,0,0,0,0,0,0,0,0,0,1,1,0,0,0,1,0,0,0,0,0,0,0,0,0,0,43969,0,477,41601,1,0,5421,0,0,0
KY,21235,357,0,0,0,51,0,0,4,0,0,0,0,0,0,0,0,5,0,0,0,0,0,0,0,0,0,2,1794,0,0,0,0,0,1,0,0,0,0,0,0,0,0,0,0,0,0,6,0,0,0,0,0,0,0,0,0,0,0,0,0,0,0,3517,0,16816,7373,1829,322,303,180126,352,16580,43,55412,0,0,0,0,0,0,0,0,0,0,0,0,0,0,0,0,0,0,0,0,0,1,0,0,0,0,0,0,0,0,0,0,0,0,0,0,0,0,0,0,0,0,0,0,0,0,0,358,0,0,56,0,0,6,0,0,0
KY,21237,59,0,0,3,7,0,0,0,0,0,0,0,0,0,0,0,0,0,0,0,0,0,0,0,0,0,0,2248,0,0,0,0,0,0,0,0,0,0,0,0,0,0,0,0,0,0,0,0,0,0,0,0,0,0,0,0,0,0,0,0,0,0,116,0,6917,2681,445,31,155,84809,3492,20900,3,20761,0,0,0,0,0,0,0,0,0,0,0,0,0,0,0,0,0,0,0,0,0,0,0,0,4,0,0,0,0,0,0,0,0,0,0,0,0,0,0,0,0,0,0,0,0,0,0,59,0,3,7,0,0,0,0,0,0
KY,21239,2042,0,0,0,1866,0,0,91,0,0,0,0,0,0,83,0,220,0,0,0,0,0,0,0,0,0,301,4438,0,0,0,0,0,0,0,0,0,0,0,0,0,0,0,0,0,0,2,0,0,0,0,0,0,0,0,0,0,0,0,0,0,0,724,0,8834,1924,654,195,0,26048,275,59,14,75096,2,3,0,0,0,0,0,0,0,0,0,0,0,0,0,0,0,0,0,0,0,2,0,0,0,0,0,0,0,0,0,0,0,0,0,0,0,0,0,0,0,0,0,0,0,0,0,2044,0,0,2086,0,0,305,0,0,0
LA,22001,270,0,85376,556,64769,17,0,0,0,0,0,0,0,0,1927,0,1281,0,6,0,0,0,0,0,0,0,0,0,0,0,0,0,0,0,2850,0,0,0,0,0,0,0,0,0,0,0,0,0,0,37898,0,0,0,0,0,0,0,2,0,0,0,46991,2302,0,8961,24458,966,443,19,47,68,8,503,59394,81056,688,0,0,0,0,0,0,0,0,0,0,0,0,0,0,0,0,0,0,0,0,0,0,0,0,0,0,0,0,0,0,0,0,0,0,0,0,0,0,0,0,0,0,0,0,0,270,0,556,66050,0,0,3208,6,0,0
LA,22003,104,64,16742,321,7342,0,0,0,0,0,0,0,0,0,21,0,686,0,0,0,0,0,0,0,0,0,0,0,0,0,0,0,0,0,12,0,0,0,0,0,0,0,0,0,0,0,0,0,0,19546,0,0,0,0,0,0,0,5,0,0,0,3059,1359,0,2856,22273,1063,265,242,146,170509,4478,56593,49079,132378,889,0,0,0,0,0,0,0,0,0,0,0,0,0,0,0,0,0,0,0,0,0,0,0,0,0,0,0,0,0,6,0,0,0,0,0,0,0,0,0,0,0,0,0,0,0,104,64,327,8028,0,0,713,0,0,0
LA,22005,8,0,6,2,2135,0,0,0,0,0,0,0,0,0,0,0,9,0,0,0,0,0,0,0,0,0,0,0,0,0,0,0,0,0,16039,0,0,0,0,0,0,0,0,0,0,0,0,0,0,4662,0,0,0,0,0,0,0,0,0,0,0,62,7844,0,16671,18360,3956,2060,242,90,432,4,1826,28234,86755,4430,0,0,0,0,0,0,0,0,0,0,0,0,0,0,0,0,0,0,0,0,0,0,0,0,0,0,0,0,0,0,0,0,0,0,0,0,0,0,0,0,0,0,0,0,0,8,0,2,2144,0,0,9,0,0,0
LA,22007,11,0,13,0,4264,0,0,0,0,0,0,0,0,0,0,0,1,0,0,0,0,0,0,0,0,0,0,0,0,0,0,0,0,0,46014,0,0,0,0,0,0,0,0,0,0,0,0,0,0,10890,0,0,0,0,0,0,0,0,0,0,0,405,17082,0,2678,7176,360,524,87,1,27,0,212,5279,132507,5797,0,0,0,0,0,0,0,0,0,0,0,0,0,0,0,0,0,0,0,0,0,0,0,0,0,0,0,0,0,0,0,0,0,0,0,0,0,0,0,0,0,0,0,0,0,11,0,0,4265,0,0,1,0,0,0
LA,22009,11499,5467,14360,29279,81330,2,0,0,0,0,0,0,0,0,2935,0,10417,0,252,0,0,0,0,0,0,0,0,0,0,0,0,0,0,37,10090,1419,1,0,0,0,0,0,0,0,0,0,0,0,0,11161,0,0,0,0,0,0,0,9,0,0,0,771,14273,0,9418,11729,560,174,29,304,8063,603,12376,94766,208467,14227,0,0,0,0,0,0,0,0,0,0,0,0,0,0,0,0,0,0,0,12,0,0,0,0,0,0,0,0,0,2,0,2,0,8,0,0,0,0,0,0,0,0,0,0,0,11511,5469,29281,91755,0,0,13368,260,0,0
LA,22011,536,0,1626,556,960,0,0,0,0,0,0,0,0,0,28,0,1161,0,0,0,0,0,0,0,0,0,0,0,0,0,0,0,0,0,3,0,0,0,0,0,0,0,0,0,0,0,0,1,0,1404,0,0,0,0,0,0,0,1,0,0,0,482,4058,0,4985,23113,947,461,1105,84,290930,1776,156688,92728,161640,961,0,0,0,0,0,0,0,0,0,0,0,0,0,0,0,0,0,0,0,0,0,0,0,0,0,0,0,0,0,1,0,0,0,0,0,0,0,0,0,0,0,0,0,0,0,536,0,557,2121,0,0,1190,0,0,0
LA,22013,11,1,1,0,8,0,0,0,0,0,0,0,0,0,715,0,19,0,0,0,0,0,0,0,0,0,0,0,0,0,0,0,0,0,0,0,0,0,0,0,0,0,0,0,0,0,0,0,0,0,0,1,0,0,0,0,0,0,0,0,0,0,7647,0,19721,9567,832,170,12,6267,324667,9598,75693,11808,59010,221,0,0,0,0,0,0,0,0,0,0,0,0,0,0,0,0,0,0,0,0,0,0,0,0,0,0,0,0,0,0,0,0,0,0,0,0,0,0,0,0,0,0,0,0,0,11,1,0,27,0,0,734,0,0,0
LA,22015,3557,387,3,0,4386,0,0,0,0,0,0,0,0,0,2309,0,1650,0,101,0,0,0,0,0,0,0,37,0,0,0,0,0,0,0,1,0,0,0,0,0,0,0,0,0,0,0,0,0,0,77,0,0,0,0,0,0,0,5,0,0,0,4,21684,0,18754,21609,6343,2185,332,28704,187633,37327,61769,68355,87043,550,0,0,0,0,0,0,0,0,0,0,0,0,0,0,0,0,0,0,0,0,0,0,0,0,0,0,0,0,0,0,0,0,0,0,0,10,0,0,0,0,0,0,0,0,0,3557,387,0,6036,0,0,3959,101,0,0
LA,22017,24875,11626,6,0,6813,0,0,0,0,0,0,0,0,0,2533,0,898,0,67,0,0,0,0,0,0,0,78,0,0,0,0,0,0,0,0,0,0,0,0,0,0,1,0,0,0,0,0,0,0,159,0,0,0,0,0,0,0,0,0,0,0,5,34194,0,37622,40098,12218,5176,419,31614,115444,56552,47663,71561,99167,934,0,0,0,0,0,0,0,0,0,0,0,0,0,0,0,0,0,0,0,0,0,0,0,0,0,0,0,0,0,0,0,0,0,0,0,39,0,0,0,0,0,0,0,0,0,24875,11626,0,7711,0,0,3431,67,0,0
LA,22019,1362,0,13897,262,12143,0,0,0,0,0,0,0,0,0,184,0,202,0,0,0,0,0,0,0,0,0,0,0,0,0,0,0,0,0,229,0,0,0,0,0,0,0,0,0,0,0,0,0,0,26603,0,0,0,0,0,0,0,0,0,0,0,1783,22826,0,32010,57951,10064,6314,86,37,80460,2401,38855,173348,149549,69789,0,0,0,0,0,0,0,0,0,0,0,0,0,0,0,0,0,0,0,0,0,0,0,0,0,0,0,0,0,44,0,0,0,0,0,0,0,0,0,0,0,0,0,0,0,1362,0,306,12345,0,0,430,0,0,0
LA,22021,5888,1376,2556,456,9346,0,0,0,0,0,0,0,0,0,1581,0,1600,4,58,0,0,0,0,0,0,0,0,0,0,0,0,0,0,0,0,3,0,0,0,0,0,0,0,0,0,0,0,0,0,20812,0,0,0,0,0,0,0,3,0,0,0,2,8600,0,12333,3417,160,40,12,1528,130273,7024,33522,2253,102720,494,0,0,0,0,0,0,0,0,0,0,0,0,0,0,0,0,0,0,0,0,0,0,0,0,0,0,0,0,0,0,0,0,0,0,0,0,0,0,0,0,0,0,0,0,0,5888,1376,456,10946,0,0,3181,58,0,0
LA,22023,16,0,13352,0,2186,0,0,0,0,0,0,0,0,0,1,0,8,0,0,0,0,0,0,0,0,0,0,0,0,0,0,0,0,0,8,0,0,0,0,0,0,0,0,0,0,0,0,0,0,13814,0,0,0,0,0,0,0,0,0,0,0,2886,288684,0,4547,10926,2109,369,1154,2,83,21,296,28952,14966,672778,0,0,0,0,0,0,0,0,0,0,0,0,0,0,0,0,0,0,0,0,0,0,0,0,0,0,0,0,0,0,0,0,0,0,0,0,0,0,0,0,0,0,0,0,0,16,0,0,2194,0,0,9,0,0,0
LA,22025,32853,16314,848,19222,66235,2,0,0,0,0,0,0,0,0,4233,0,9001,0,2,0,0,0,0,0,0,0,6,0,0,0,0,0,0,1,3,4,0,0,0,0,0,0,0,0,0,0,0,0,0,82261,0,0,0,0,0,0,0,31,0,0,0,3,21873,0,14084,2071,281,32,33,2205,48909,19355,17284,2546,112031,1410,0,0,0,0,0,0,0,0,0,0,0,0,0,0,0,0,0,0,0,0,0,0,0,0,0,0,0,0,0,84,0,0,0,17,0,0,0,0,0,0,0,0,0,0,0,32853,16314,19306,75253,0,0,13318,19,0,0
LA,22027,249,0,0,0,1,0,0,0,0,0,0,0,0,0,77,0,0,0,0,0,0,0,0,0,0,0,0,0,0,0,0,0,0,0,0,0,0,0,0,0,0,0,0,0,0,0,0,0,0,1,0,0,0,0,0,0,0,0,0,0,0,0,7907,0,16869,12888,569,127,8,6650,319127,16872,43817,16945,49051,59,0,0,0,0,0,0,0,0,0,0,0,0,0,0,0,0,0,0,0,0,0,0,0,0,0,0,0,0,0,0,0,0,0,0,0,0,0,0,0,0,0,0,0,0,0,249,0,0,1,0,0,77,0,0,0
LA,22029,29636,17310,7421,11105,92863,1,1,0,221,0,0,0,0,12,1940,0,7798,2,888,0,0,0,0,0,0,0,59,0,0,0,0,0,0,2,34,2,0,0,0,0,0,0,0,0,0,0,0,0,0,59846,0,0,0,0,0,0,0,48,0,0,0,11,33465,0,14253,3049,451,108,1621,589,14,1545,1630,6660,179768,6256,0,0,0,0,0,0,0,0,0,0,0,0,0,0,0,0,0,0,0,0,0,0,0,0,0,0,0,0,0,0,0,1,0,558,0,0,0,0,0,0,0,0,0,0,0,29636,17311,11105,101219,0,0,9739,1446,0,0
LA,22031,286,516,1,0,758,0,0,0,0,0,0,0,0,0,279,0,125,0,2,0,0,0,0,0,0,0,0,0,0,0,0,0,0,0,0,0,0,0,0,0,0,0,0,0,0,0,0,0,0,7,0,0,0,0,0,0,0,1,0,0,0,4,7464,0,14335,6942,1025,187,1315,18451,194475,40836,102034,65183,116062,2133,0,0,0,0,0,0,0,0,0,0,0,0,0,0,0,0,0,0,0,0,0,0,0,0,0,0,0,0,0,0,0,0,0,0,0,129,0,0,0,0,0,0,0,0,0,286,516,0,883,0,0,404,2,0,0
LA,22033,150,0,19,7,1052,0,0,0,0,0,0,0,0,0,66,0,570,0,0,0,0,0,0,0,0,0,0,0,0,0,0,0,0,0,189,1,0,0,0,0,0,0,0,0,0,0,0,0,0,352,0,0,0,0,0,0,0,0,0,0,0,100,9991,0,40614,40095,19850,5826,943,421,7046,75,7989,55966,108363,971,0,0,0,0,0,0,0,0,0,0,0,0,0,0,0,0,0,0,0,0,0,0,0,0,0,0,0,0,0,0,0,0,0,0,0,0,0,0,0,0,0,0,0,0,0,150,0,7,1622,0,0,636,0,0,0
LA,22035,69308,2902,4857,1084,97384,6,3,0,0,0,0,0,0,0,1442,0,2872,0,2,0,0,0,0,0,0,0,0,0,0,0,0,0,0,0,0,15,0,0,0,0,0,0,0,0,0,0,0,0,0,18879,0,0,0,0,0,0,0,79,0,0,0,8,17963,0,6897,803,125,37,336,94,70,3117,1539,1529,50345,538,0,0,0,0,0,0,0,0,0,0,0,0,0,0,0,0,0,0,0,2,0,0,0,0,0,0,0,0,0,0,0,0,0,0,940,0,0,0,0,0,0,0,0,0,0,70250,2902,1084,101196,0,0,4316,2,0,0
LA,22037,244,0,7,82,65,0,0,0,0,0,0,0,0,0,36,0,1631,0,0,0,0,0,0,0,0,0,0,0,0,0,0,0,0,3,6,0,0,0,0,0,0,0,0,0,0,0,0,0,0,23,0,0,0,0,0,0,0,0,0,0,0,12,2325,0,8291,1154,184,31,1194,5817,61907,8468,29207,64783,106017,160,0,0,0,0,0,0,0,0,0,0,0,0,0,0,0,0,0,0,0,0,0,0,0,0,0,0,0,0,0,0,0,0,0,0,0,0,0,0,0,0,0,0,0,0,0,244,0,82,1696,0,0,1667,0,0,0
LA,22039,735,225,47464,1289,38464,0,0,0,0,0,0,0,0,0,356,0,2514,0,18,0,0,0,0,0,0,0,0,0,0,0,0,0,0,0,619,23,2,0,0,0,0,0,0,0,0,0,0,0,0,38808,0,0,0,0,0,0,0,1,0,0,0,1483,2812,0,6284,19285,1186,215,127,37,49965,2056,25340,62780,130497,2369,0,0,0,0,0,0,0,0,0,0,0,0,0,0,0,0,0,0,0,0,0,0,0,0,0,0,0,0,0,0,0,0,0,0,0,0,0,0,0,0,0,0,0,0,0,735,225,1289,40978,0,0,2870,18,0,0
LA,22041,101949,6025,367,607,31948,0,0,0,0,0,0,0,0,0,15990,0,14289,231,1,0,0,0,0,0,0,0,53,0,0,0,0,0,0,16,0,1082,2,0,0,0,0,1,0,0,0,0,0,0,0,107112,0,0,0,0,0,0,0,812,0,0,0,8,7500,0,15125,1412,383,106,13,765,7736,9346,1305,404,81132,643,0,0,0,0,0,0,0,0,0,0,0,0,0,0,0,0,0,0,0,33,0,0,0,0,0,0,0,0,0,0,0,261,0,19,0,0,0,0,0,0,0,0,0,0,0,101982,6286,607,46256,0,0,30573,20,0,0
LA,22043,989,1495,142,1948,5476,9,0,0,0,0,0,0,0,0,140,0,537,0,0,0,0,0,0,0,0,0,0,0,0,0,0,0,0,0,0,0,0,0,0,0,0,0,0,0,0,0,0,0,0,1771,0,0,0,0,0,0,0,29,0,0,0,1,15231,0,19445,5718,386,103,119,2578,227080,10135,40185,19113,71852,844,0,0,0,0,0,0,0,0,0,0,0,0,0,0,0,0,0,0,0,0,0,0,0,0,0,0,0,0,0,0,0,0,0,0,0,0,0,0,0,0,0,0,0,0,0,989,1495,1948,6013,0,0,677,0,0,0
LA,22045,22,0,497,14,2752,0,0,0,0,0,0,0,0,0,79,0,115,0,0,0,0,0,0,0,0,0,0,0,0,0,0,0,0,0,64325,1,0,0,0,0,0,0,0,0,0,0,0,0,0,13758,0,0,0,0,0,0,0,0,0,0,0,2567,37187,0,9029,16634,1573,979,336,1419,6,1,143,19154,111951,118228,0,0,0,0,0,0,0,0,0,0,0,0,0,0,0,0,0,0,0,0,0,0,0,0,0,0,0,0,0,0,0,0,0,0,0,0,0,0,0,0,0,0,0,0,0,22,0,14,2867,0,0,194,0,0,0
LA,22047,922,0,99,545,11728,0,0,0,0,0,0,0,0,0,589,0,519,0,0,0,0,0,0,0,0,0,0,0,0,0,0,0,0,0,41479,0,0,0,0,0,0,0,0,0,0,0,0,0,0,7056,0,0,0,0,0,0,0,0,0,0,0,1354,18420,0,8574,9949,1073,1245,48,5,26,0,156,21809,284688,7523,0,0,0,0,0,0,0,0,0,0,0,0,0,0,0,0,0,0,0,0,0,0,0,0,0,0,0,0,0,0,0,0,0,0,0,0,0,0,0,0,0,0,0,0,0,922,0,545,12247,0,0,1108,0,0,0
LA,22049,3,1,0,0,1,0,0,0,0,0,0,0,0,0,0,0,1,0,0,0,0,0,0,0,0,0,0,0,0,0,0,0,0,0,0,0,0,0,0,0,0,0,0,0,0,0,0,0,0,2,0,0,0,0,0,0,0,0,0,0,0,0,6576,0,14572,6535,837,286,4,6004,241459,3723,39820,6545,44882,160,0,0,0,0,0,0,0,0,0,0,0,0,0,0,0,0,0,0,0,0,0,0,0,0,0,0,0,0,0,0,0,0,0,0,0,0,0,0,0,0,0,0,0,0,0,3,1,0,2,0,0,1,0,0,0
LA,22051,0,0,0,0,9,0,0,0,0,0,0,0,0,0,0,0,2,0,0,0,0,0,0,0,0,0,0,0,0,0,0,0,0,0,29,0,0,0,0,0,0,0,0,0,0,0,0,0,0,17,0,0,0,0,0,0,0,0,0,0,0,0,136898,0,4407,35231,13406,8642,38,55,54,0,169,2134,25724,85338,0,0,0,0,0,0,0,0,0,0,0,0,0,0,0,0,0,0,0,0,0,0,0,0,0,0,0,0,0,0,0,0,0,0,0,0,0,0,0,0,0,0,0,0,0,0,0,0,11,0,0,2,0,0,0
LA,22053,162,0,85746,32,37158,0,0,0,0,0,0,0,0,0,256,0,553,0,0,0,0,0,0,0,0,0,0,0,0,0,0,0,0,0,576,0,0,0,0,0,0,0,0,0,0,0,0,0,0,128235,0,0,0,0,0,0,0,0,0,0,0,24921,3875,0,5246,23464,2569,367,47,18,9297,92,6681,28364,55867,7960,0,0,0,0,0,0,0,0,0,0,0,0,0,0,0,0,0,0,0,0,0,0,0,0,0,0,0,0,0,1,0,0,0,0,0,0,0,0,0,0,0,0,0,0,0,162,0,33,37711,0,0,810,0,0,0
LA,22055,415,0,4078,141,6644,0,0,0,0,0,0,0,0,0,433,0,1639,0,0,0,0,0,0,0,0,0,0,0,0,0,0,0,0,0,15523,0,0,0,0,0,0,0,0,0,0,0,0,0,0,5343,0,0,0,0,0,0,0,0,0,0,0,3016,855,0,16774,30405,4291,2335,7,165,0,0,110,62621,17843,355,0,0,0,0,0,0,0,0,0,0,0,0,0,0,0,0,0,0,0,0,0,0,0,0,0,0,0,0,0,0,0,0,0,0,0,0,0,0,0,0,0,0,0,0,0,415,0,141,8283,0,0,2072,0,0,0
LA,22057,6,0,4,0,1364,0,0,0,0,0,0,0,0,0,1,0,10,0,0,0,0,0,0,0,0,0,0,0,0,0,0,0,0,0,36498,0,0,0,0,0,0,0,0,0,0,0,0,0,0,9241,0,0,0,0,0,0,0,0,0,0,0,192,124824,0,5350,20390,2176,1500,329,14,9,0,1160,46881,170017,333694,0,0,0,0,0,0,0,0,0,0,0,0,0,0,0,0,0,0,0,0,0,0,0,0,0,0,0,0,0,0,0,0,0,0,0,0,0,0,0,0,0,0,0,0,0,6,0,0,1374,0,0,11,0,0,0
LA,22059,224,233,32,56,884,0,0,0,0,0,0,0,0,0,43,0,405,0,6,0,0,0,0,0,0,0,0,0,0,0,0,0,0,0,1,3,0,0,0,0,0,0,0,0,0,0,0,0,0,2641,0,0,0,0,0,0,0,2,0,0,0,6,21610,0,15898,4731,478,114,194,1817,184548,5330,64512,7014,110931,2202,0,0,0,0,0,0,0,0,0,0,0,0,0,0,0,0,0,0,0,0,0,0,0,0,0,0,0,0,0,0,0,0,0,0,0,0,0,0,0,0,0,0,0,0,0,224,233,56,1289,0,0,448,6,0,0
LA,22061,1,2,1,0,1,0,0,0,0,0,0,0,0,0,11,0,1,0,0,0,0,0,0,0,0,0,0,0,0,0,0,0,0,0,0,0,0,0,0,0,0,0,0,0,0,0,0,0,0,1,0,0,0,0,0,0,0,0,0,0,0,0,1275,0,12620,12932,1710,488,31,8384,157547,6418,38007,14498,48314,36,0,0,0,0,0,0,0,0,0,0,0,0,0,0,0,0,0,0,0,0,0,0,0,0,0,0,0,0,0,0,0,0,0,0,0,0,0,0,0,0,0,0,0,0,0,1,2,0,2,0,0,12,0,0,0
LA,22063,3,0,1,0,69,0,0,0,0,0,0,0,0,0,0,0,4,0,0,0,0,0,0,0,0,0,0,0,0,0,0,0,0,0,33,0,0,0,0,0,0,0,0,0,0,0,0,0,0,71,0,0,0,0,0,0,0,0,0,0,0,24,34645,0,23547,13198,2710,471,710,133,81609,20,45607,36036,205369,5688,0,0,0,0,0,0,0,0,0,0,0,0,0,0,0,0,0,0,0,0,0,0,0,0,0,0,0,0,0,0,0,0,0,0,0,0,0,0,0,0,0,0,0,0,0,3,0,0,73,0,0,4,0,0,0
LA,22065,97389,11360,3303,1136,67453,7,0,0,0,0,0,0,0,0,4845,0,5847,0,206,0,0,0,0,0,0,0,0,0,0,0,0,0,0,1,0,1,0,0,0,0,0,0,0,0,0,0,0,0,0,59535,0,0,0,0,0,0,0,12,0,0,0,199,18584,0,12164,1506,342,144,52,63,92,684,1644,1010,128086,669,0,0,0,0,0,0,0,0,0,0,0,0,0,0,0,0,0,0,0,0,0,0,0,0,0,0,0,0,0,0,0,0,0,0,0,0,0,0,0,0,0,0,0,0,0,97389,11360,1136,73300,0,0,10692,206,0,0
LA,22067,98635,1406,18356,2896,79197,2,333,0,0,0,0,0,0,0,3895,0,10133,2,2,0,0,0,0,0,0,0,0,0,0,0,0,0,0,4,0,526,0,0,0,0,0,6,0,0,0,0,0,0,0,48570,0,0,0,0,0,0,0,4,0,0,0,14,14386,0,14497,5629,806,242,40,482,69158,31642,19993,9256,72203,10902,0,0,0,0,0,0,0,0,0,0,0,0,0,0,0,0,0,0,0,1823,0,0,0,0,0,0,0,0,0,0,0,1,0,60,224,0,0,0,0,0,0,0,0,0,0,100682,1407,2896,89614,0,0,15852,62,0,0
LA,22069,19822,1778,2287,459,15816,0,0,0,0,0,0,0,0,0,795,0,2474,0,0,0,0,0,0,0,0,0,0,0,0,0,0,0,0,0,0,0,0,0,0,0,0,0,0,0,0,0,0,0,0,1084,0,0,0,0,0,0,0,489,0,0,0,6,35030,0,22960,12725,1419,471,117,8548,343138,15583,94684,115587,132688,3618,0,0,0,0,0,0,0,0,0,0,0,0,0,0,0,0,0,0,0,0,0,0,0,0,0,0,0,0,0,0,0,0,0,0,0,0,0,0,0,0,0,0,0,0,0,19822,1778,459,18290,0,0,3269,0,0,0
LA,22071,0,0,0,0,0,0,0,0,0,0,0,0,0,0,0,0,1,0,0,0,0,0,0,0,0,0,0,0,0,0,0,0,0,0,15,0,0,0,0,0,0,0,0,0,0,0,0,0,0,4,0,0,0,0,0,0,0,0,0,0,0,0,115495,0,4772,27172,12398,6697,27,8,17,0,87,690,11785,44414,0,0,0,0,0,0,0,0,0,0,0,0,0,0,0,0,0,0,0,0,0,0,0,0,0,0,0,0,0,0,0,0,0,0,0,0,0,0,0,0,0,0,0,0,0,0,0,0,1,0,0,1,0,0,0
LA,22073,8514,2419,80,1161,11284,1,0,0,0,0,0,0,0,0,1866,0,5259,46,0,0,0,0,0,0,0,0,0,0,0,0,0,0,0,0,0,0,0,0,0,0,0,110,0,0,0,0,0,0,0,26428,0,0,0,0,0,0,0,209,0,0,0,0,17557,0,27248,24060,6376,1946,261,6977,82733,19497,35462,7660,113939,3818,0,0,0,0,0,0,0,0,0,0,0,0,0,0,0,0,0,0,0,0,0,0,0,0,0,0,0,0,0,0,0,0,0,2,21,0,0,0,0,0,0,0,0,0,0,8535,2419,1161,16566,0,0,7125,2,0,0
LA,22075,1,0,0,0,2,0,0,0,0,0,0,0,0,0,0,0,0,0,0,0,0,0,0,0,0,0,0,0,0,0,0,0,0,0,17,0,0,0,0,0,0,0,0,0,0,0,0,0,0,296,0,0,0,0,0,0,0,0,0,0,0,13,281661,0,4579,11718,1803,1195,3004,5,7,0,798,4478,33366,321192,0,0,0,0,0,0,0,4,0,0,0,0,0,0,0,0,0,0,0,0,0,0,0,0,0,0,0,0,0,0,0,0,0,0,0,0,0,0,0,0,0,0,0,0,0,1,0,0,2,0,0,0,0,0,0
LA,22077,12005,1316,1581,2125,45235,0,0,0,0,0,0,0,0,0,2640,0,20264,0,2,0,0,0,0,0,0,0,0,0,0,0,0,0,0,14,42452,2,1,0,0,0,0,0,0,0,0,0,0,0,0,3629,0,0,0,0,0,0,0,2,0,0,0,705,21776,0,9557,7792,328,218,382,8,4,0,79,48577,154214,2608,0,0,0,0,0,0,0,0,0,0,0,0,0,0,0,0,0,0,0,220,0,0,0,0,0,0,0,0,0,0,0,0,203,129,0,0,0,0,0,0,0,0,0,0,0,12225,1519,2125,65831,0,0,23124,131,0,0
LA,22079,11687,9072,7120,7881,32132,1,0,0,0,0,0,0,0,0,1368,0,2087,1,86,0,0,0,0,0,0,0,0,0,0,0,0,0,0,1,9735,52,14,0,0,0,0,0,0,0,0,0,0,0,0,11600,0,0,0,0,0,0,0,153,0,0,0,78,22923,0,41206,30105,4783,1931,1023,1657,283336,12665,97828,72013,206511,2456,0,0,0,0,0,0,0,0,0,0,0,0,0,0,0,0,0,0,0,158,0,0,0,0,0,0,0,0,0,0,0,0,0,5,0,0,0,0,0,0,0,0,0,0,0,11845,9072,7881,34224,0,0,3613,91,0,0
LA,22081,8779,589,387,1,2793,0,0,0,0,0,0,0,0,0,289,0,2525,0,0,0,0,0,0,0,0,0,0,0,0,0,0,0,0,0,0,0,0,0,0,0,0,145,0,0,0,0,0,0,0,140,0,7,0,0,0,0,0,36,0,0,0,28,14850,0,8410,4918,329,75,48,5226,72480,5728,39827,48779,39954,1002,0,0,0,0,0,0,0,0,0,0,0,0,0,0,0,0,0,0,0,0,0,0,0,0,0,0,0,0,0,0,0,0,0,0,0,0,0,0,0,0,0,0,0,0,0,8779,589,1,5318,0,0,2814,0,0,0
LA,22083,63579,2892,10410,783,42847,76,0,0,0,0,0,0,0,0,20588,0,12730,747,2,0,0,0,0,0,0,0,0,0,0,0,0,0,0,4,0,9,0,0,0,0,0,23,0,0,0,0,0,0,0,92310,0,0,0,0,0,0,0,23,0,0,0,9,5996,0,18106,1838,351,116,11,336,1520,11127,1929,340,71187,1386,0,0,0,0,0,0,0,0,0,0,0,0,0,0,0,0,0,0,0,1,0,0,0,0,0,0,0,0,0,0,0,11,0,7,0,0,0,0,0,0,0,0,0,0,0,63580,2903,783,55584,0,0,33330,9,0,0
LA,22085,12,0,0,0,3,0,0,0,0,0,0,0,0,0,3,0,11,0,0,0,0,0,0,0,0,0,0,0,0,0,0,0,0,0,0,0,0,0,0,0,0,0,0,0,0,0,0,0,0,0,0,0,0,0,0,0,0,0,0,0,0,2,85423,0,17263,5061,650,138,283,2292,289750,11725,93062,45423,89317,6964,0,0,0,0,0,0,0,0,0,0,0,0,0,0,0,0,0,0,0,0,0,0,0,0,0,0,0,0,0,0,0,0,0,0,0,0,0,0,0,0,0,0,0,0,0,12,0,0,14,0,0,14,0,0,0
LA,22087,0,0,0,0,0,0,0,0,0,0,0,0,0,0,0,0,1,0,0,0,0,0,0,0,0,0,0,0,0,0,0,0,0,0,0,0,0,0,0,0,0,0,0,0,0,0,0,0,0,2,0,0,0,0,0,0,0,0,0,0,0,0,75886,0,1745,5968,2211,1108,52,0,56,1,382,340,14395,205686,0,0,0,0,0,0,0,0,0,0,0,0,0,0,0,0,0,0,0,0,0,0,0,0,0,0,0,0,0,0,0,0,0,0,0,0,0,0,0,0,0,0,0,0,0,0,0,0,1,0,0,1,0,0,0
LA,22089,0,0,0,0,344,0,0,0,0,0,0,0,0,0,0,0,5,0,0,0,0,0,0,0,0,0,0,0,0,0,0,0,0,0,2482,0,0,0,0,0,0,0,0,0,0,0,0,0,0,1010,0,0,0,0,0,0,0,0,0,0,0,0,82514,0,3678,13233,2198,2130,41,1,94,0,333,9254,61032,84068,0,0,0,0,0,0,0,0,0,0,0,0,0,0,0,0,0,0,0,0,0,0,0,0,0,0,0,0,0,0,0,0,0,0,0,0,0,0,0,0,0,0,0,0,0,0,0,0,349,0,0,5,0,0,0
LA,22091,654,7,0,0,282,0,0,0,0,0,0,0,0,0,0,0,2,0,0,0,0,0,0,0,0,0,0,0,0,0,0,0,0,2,1,0,0,0,0,0,0,0,0,0,0,0,0,0,0,33,0,0,0,0,0,0,0,0,0,0,0,0,2421,0,11064,1647,133,21,1988,209,98678,167,46689,33912,64131,57,0,0,0,0,0,0,0,0,0,0,0,0,0,0,0,0,0,0,0,0,0,0,0,0,0,0,0,0,0,0,0,0,0,0,0,0,0,0,0,0,0,0,0,0,0,654,7,0,284,0,0,2,0,0,0
LA,22093,8,0,6,0,1845,0,0,0,0,0,0,0,0,0,0,0,28,0,0,0,0,0,0,0,0,0,0,0,0,0,0,0,0,0,28383,0,0,0,0,0,0,0,0,0,0,0,0,0,0,7430,0,0,0,0,0,0,0,0,0,0,0,904,7393,0,3945,10471,1061,810,237,5,327,0,745,5808,91639,3951,0,0,0,0,0,0,0,0,0,0,0,0,0,0,0,0,0,0,0,0,0,0,0,0,0,0,0,0,0,0,0,0,0,0,0,0,0,0,0,0,0,0,0,0,0,8,0,0,1873,0,0,28,0,0,0
LA,22095,1,0,0,0,714,0,0,0,0,0,0,0,0,0,0,0,1,0,0,0,0,0,0,0,0,0,0,0,0,0,0,0,0,0,9284,0,0,0,0,0,0,0,0,0,0,0,0,0,0,2410,0,0,0,0,0,0,0,0,0,0,0,4,83692,0,2992,10022,1642,874,155,4,190,0,544,3941,77233,28963,0,0,0,0,0,0,0,0,0,0,0,0,0,0,0,0,0,0,0,0,0,0,0,0,0,0,0,0,0,0,0,0,0,0,0,0,0,0,0,0,0,0,0,0,0,1,0,0,715,0,0,1,0,0,0
LA,22097,7219,382,24927,10902,101645,0,0,0,0,0,0,0,0,0,1694,0,13540,0,3,0,0,0,0,0,0,0,0,0,0,0,0,0,0,87,13118,27,0,0,0,0,0,0,0,0,0,0,0,0,0,24114,0,0,0,0,0,0,0,46,0,0,0,9469,7960,0,16071,20720,1016,584,19,144,62,7,798,128319,214835,3082,0,0,0,0,0,0,0,0,0,0,0,0,0,0,0,0,0,0,0,0,0,0,0,0,0,0,0,0,0,0,0,76,0,0,0,0,0,0,0,0,0,0,0,0,0,7219,458,10902,115185,0,0,15310,3,0,0
LA,22099,104,0,3373,1577,13254,0,0,0,0,0,0,0,0,0,33,0,625,0,0,0,0,0,0,0,0,0,0,0,0,0,0,0,0,4,37272,0,0,0,0,0,0,0,0,0,0,0,0,0,0,9118,0,0,0,0,0,0,0,0,0,0,0,10983,43433,0,9508,11059,591,281,36,6,13,1,58,37524,327463,16230,0,0,0,0,0,0,0,0,0,0,0,0,0,0,0,0,0,0,0,0,0,0,0,0,0,0,0,0,0,0,0,0,0,0,0,0,0,0,0,0,0,0,0,0,0,104,0,1577,13879,0,0,658,0,0,0
LA,22101,33,0,159,5,3516,0,0,0,0,0,0,0,0,0,482,0,73,0,0,0,0,0,0,0,0,0,0,0,0,0,0,0,0,0,52074,0,0,0,0,0,0,0,0,0,0,0,0,0,0,10173,0,0,0,0,0,0,0,0,0,0,0,711,48773,0,6489,13799,1526,1055,616,986,2,0,57,5886,168153,126533,0,0,0,0,0,0,0,0,0,0,0,0,0,0,0,0,0,0,0,0,0,0,0,0,0,0,0,0,0,0,0,0,0,0,0,0,0,0,0,0,0,0,0,0,0,33,0,5,3589,0,0,555,0,0,0
LA,22103,64,0,0,0,36,0,0,0,0,0,0,0,0,0,0,0,1,0,0,0,0,0,0,0,0,0,0,0,0,0,0,0,0,0,17,0,0,0,0,0,0,0,0,0,0,0,0,0,0,6,0,0,0,0,0,0,0,0,0,0,0,0,165029,0,46796,20103,6919,1665,1094,5,151097,56,67334,38201,161304,50638,0,0,0,0,0,0,0,0,0,0,0,0,0,0,0,0,0,0,0,0,0,0,0,0,0,0,0,0,0,0,0,0,0,0,0,0,0,0,0,0,0,0,0,0,0,64,0,0,37,0,0,1,0,0,0
LA,22105,583,0,0,1,788,0,0,0,0,0,0,0,0,0,0,0,213,0,50,0,0,0,0,0,0,0,0,0,0,0,0,0,0,33,0,0,0,0,0,0,0,0,0,0,0,0,0,0,0,552,0,0,0,0,0,0,0,0,0,0,0,1,20227,0,31020,12773,3029,760,1585,16,93712,379,76597,93113,167897,23370,0,0,0,0,0,0,0,0,0,0,0,0,0,0,0,0,0,0,0,0,0,0,0,0,0,0,0,0,0,0,0,0,0,74,0,0,0,0,0,0,0,0,0,0,0,583,0,1,1075,0,0,213,124,0,0
LA,22107,58617,32660,1741,5661,40133,4,0,0,0,0,0,0,0,0,7906,0,23699,0,0,0,0,0,0,0,0,0,6,0,0,0,0,0,0,3,0,3,0,0,0,0,0,0,0,0,0,0,0,0,0,56795,0,0,0,0,0,0,0,176,0,0,0,19,22396,0,12967,611,93,21,234,484,40,2187,531,384,141914,1091,0,0,0,0,0,0,0,0,0,0,0,0,0,0,0,0,0,0,0,0,0,0,0,0,0,0,0,0,0,0,0,2,0,0,0,0,0,0,0,0,0,0,0,0,0,58617,32662,5661,63832,0,0,31607,0,0,0
LA,22109,2,0,5,0,415,0,0,0,0,0,0,0,0,0,0,0,4,0,0,0,0,0,0,0,0,0,0,0,0,0,0,0,0,0,12147,0,0,0,0,0,0,0,0,0,0,0,0,0,0,3431,0,0,0,0,0,0,0,0,0,0,0,72,239213,0,6804,20711,3565,2002,1152,15,12,0,770,18127,119849,518320,0,0,0,0,0,0,0,0,0,0,0,0,0,0,0,0,0,0,0,0,0,0,0,0,0,0,0,0,0,0,0,0,0,0,0,0,0,0,0,0,0,0,0,0,0,2,0,0,419,0,0,4,0,0,0
LA,22111,24,15,7,2,261,0,0,0,0,0,0,0,0,0,27,0,271,0,0,0,0,0,0,0,0,0,0,0,0,0,0,0,0,0,0,0,0,0,0,0,0,8,0,0,0,0,0,0,0,87,0,0,0,0,0,0,0,47,0,0,0,1,20316,0,14838,17626,717,100,17,10062,288627,14308,56445,21080,127954,6552,0,0,0,0,0,0,0,0,0,0,0,0,0,0,0,0,0,0,0,0,0,0,0,0,0,0,0,0,0,0,0,0,0,0,0,0,0,0,0,0,0,0,0,0,0,24,15,2,532,0,0,298,0,0,0
LA,22113,32,0,63666,58,27499,0,0,0,0,0,0,0,0,0,1513,0,490,0,1,0,0,0,0,0,0,0,0,0,0,0,0,0,0,0,46099,0,0,0,0,0,0,0,0,0,0,0,0,0,0,29042,0,0,0,0,0,0,0,0,0,0,0,53306,90533,0,7567,17565,696,291,371,70,4,2,319,101480,45087,346752,0,0,0,0,0,0,0,0,0,0,0,0,0,0,0,0,0,0,0,0,0,0,0,0,0,0,0,0,0,0,0,0,0,1,0,0,0,0,0,0,0,0,0,0,0,32,0,58,27990,0,0,2003,2,0,0
LA,22115,18,0,43,1,14,0,0,0,0,0,0,0,0,0,6,0,2,0,0,0,0,0,0,0,0,0,0,0,0,0,0,0,0,0,0,0,0,0,0,0,0,0,0,0,0,0,0,0,0,8,0,0,0,0,0,0,0,0,0,0,0,20,7668,0,38179,23411,2692,927,1044,527,457566,10264,135540,54901,125555,183,0,0,0,0,0,0,0,0,0,0,0,0,0,0,0,0,0,0,0,0,0,0,0,0,0,0,0,0,0,0,0,0,0,0,0,0,0,0,0,0,0,0,0,0,0,18,0,1,16,0,0,8,0,0,0
LA,22117,1511,0,0,0,2136,0,0,0,0,0,0,0,0,0,2,0,351,0,2,0,0,0,0,0,0,0,0,1,0,0,0,0,0,12,4,0,0,0,0,0,0,0,0,0,0,0,0,0,0,886,0,0,0,0,0,0,0,0,0,0,0,0,4735,0,24597,4194,937,282,2304,11,128133,772,63090,77395,120964,301,0,0,0,0,0,0,0,0,0,0,0,0,0,0,0,0,0,0,0,0,0,0,0,0,0,0,0,0,0,0,0,0,0,0,0,0,0,0,0,0,0,0,0,0,0,1511,0,0,2487,0,0,353,2,0,0
LA,22119,42,0,0,0,5,0,0,0,0,0,0,0,0,0,226,0,18,0,0,0,0,0,0,0,0,0,0,0,0,0,0,0,0,0,0,0,0,0,0,0,0,2,0,0,0,0,0,0,0,0,0,4,0,0,0,0,0,0,0,0,0,0,12559,0,17621,15434,2070,522,87,9911,185253,19091,52673,22297,55645,186,0,0,0,0,0,0,0,0,0,0,0,0,0,0,0,0,0,0,0,0,0,0,0,0,0,0,0,0,0,0,0,0,0,0,0,0,0,0,0,0,0,0,0,0,0,42,0,0,23,0,0,244,0,0,0
LA,22121,817,0,265,188,8428,0,0,0,0,0,0,0,0,0,135,0,650,0,0,0,0,0,0,0,0,0,0,0,0,0,0,0,0,0,17095,0,0,0,0,0,0,0,0,0,0,0,0,0,0,3689,0,0,0,0,0,0,0,0,0,0,0,832,8322,0,4373,6031,1037,836,102,7,1,0,23,12133,64190,1535,0,0,0,0,0,0,0,0,0,0,0,0,0,0,0,0,0,0,0,0,0,0,0,0,0,0,0,0,0,0,0,0,1,0,0,0,0,0,0,0,0,0,0,0,0,817,1,188,9079,0,0,785,0,0,0
LA,22123,36580,177,1947,461,35145,14,0,0,0,0,0,0,0,0,11416,0,11035,2,190,0,0,0,0,0,0,0,0,0,0,0,0,0,0,0,0,1315,0,0,0,0,0,0,0,0,0,0,0,0,0,61848,0,0,0,0,0,0,0,4,0,0,0,23,524,0,9165,711,147,43,16,85,4620,1775,4687,5100,43358,72,0,0,0,0,0,0,0,0,0,0,0,0,0,0,0,0,0,0,0,26,0,0,0,0,0,0,0,0,0,0,0,9,0,97,14,0,0,0,0,0,0,0,0,0,0,36620,186,461,46291,0,0,22486,287,0,0
LA,22125,2103,57,977,221,3056,0,0,0,0,0,0,0,0,0,113,0,3028,0,0,0,0,0,0,0,0,0,0,0,0,0,0,0,0,4,229,2,0,0,0,0,0,0,0,0,0,0,0,0,0,783,0,0,0,0,0,0,0,0,0,0,0,215,14830,0,7278,1473,447,131,1564,70355,16740,16253,16467,31882,81561,2874,0,0,0,0,0,0,0,0,0,0,0,0,0,0,0,0,0,0,0,4,0,0,0,0,0,0,0,0,0,0,0,0,0,0,0,0,0,0,0,0,0,0,0,0,0,2107,57,221,6084,0,0,3145,0,0,0
LA,22127,81,0,15,2,72,0,0,0,0,0,0,0,0,0,181,0,35,0,0,0,0,0,0,0,0,0,0,0,0,0,0,0,0,0,0,0,0,0,0,0,0,0,0,0,0,0,0,0,0,26,0,0,0,0,0,0,0,8,0,0,0,0,5543,0,16584,6223,569,200,60,3672,401361,10539,59002,7141,100682,430,0,0,0,0,0,0,0,0,0,0,0,0,0,0,0,0,0,0,0,0,0,0,0,0,0,0,0,0,0,0,0,0,0,0,0,0,0,0,0,0,0,0,0,0,0,81,0,2,107,0,0,216,0,0,0
ME,23001,2292,0,0,0,0,0,0,0,0,0,0,77,0,0,0,0,0,1,17,0,0,0,0,0,0,0,103,19045,0,1,0,0,308,0,0,0,31,0,0,0,0,0,0,0,0,0,0,0,0,22,0,0,504,0,0,0,0,0,0,0,0,0,16305,0,17840,11239,5110,2078,1470,37599,54380,112795,2171,16053,16034,2705,0,0,0,0,0,0,0,0,0,0,0,0,0,0,0,0,0,0,0,0,0,0,0,0,0,0,0,0,0,0,0,0,0,0,0,22,0,0,0,0,0,0,0,1,0,2292,0,0,0,77,0,0,17,0,0
ME,23003,1061,0,0,0,1718,0,0,0,4,0,0,29662,0,1659,33,0,0,13554,30359,0,0,140,0,0,0,7,178,19171,0,552,0,0,65630,0,0,0,0,0,0,0,0,159,0,0,0,0,7620,0,0,1011,0,0,5,0,10,0,0,0,0,0,0,0,97895,0,43178,19538,5657,2329,6883,671167,940965,1623337,324401,98087,341981,15118,0,0,0,0,0,0,0,0,0,6360,0,0,0,0,0,0,7,0,0,0,0,0,0,0,0,0,0,0,0,0,0,0,0,0,0,271,0,0,0,0,0,0,0,1,0,1061,0,0,1718,29662,0,33,30359,0,0
ME,23005,490,0,0,0,28,0,0,0,40,0,0,12,0,0,0,0,0,1,10,0,0,0,0,0,0,0,49,13711,0,0,0,0,87,0,0,0,101,0,0,0,0,0,0,0,0,0,0,124,0,76,0,0,143,0,0,0,0,0,0,0,0,0,55180,0,45954,27805,9684,5011,2242,52600,104271,204021,9617,28434,20052,9136,0,0,0,0,0,0,0,0,0,0,0,0,0,0,0,0,0,0,0,0,0,0,0,0,0,0,0,0,0,0,0,0,0,0,0,3,0,0,0,0,0,0,0,19,0,490,0,0,28,12,0,0,10,0,0
ME,23007,730,0,0,0,23,0,0,0,0,0,0,10,0,0,3,0,0,0,1,0,0,0,0,0,0,0,5,14553,0,0,0,0,11,0,0,0,3,0,0,0,0,0,0,0,0,0,0,0,0,8,0,0,32,0,0,0,0,0,0,0,0,0,28840,0,17012,7072,1785,365,2106,341430,317936,286678,55425,6205,33692,2338,0,0,0,0,0,0,0,0,0,0,0,0,0,0,0,0,0,0,0,0,0,0,0,0,0,0,0,0,0,0,0,0,0,0,0,3,0,0,0,0,0,0,0,0,0,730,0,0,23,10,0,3,1,0,0
ME,23009,124,0,0,0,0,0,0,0,0,0,0,38,0,1,0,0,0,57,17,0,0,0,0,0,0,0,6,3120,0,0,0,0,13,0,0,0,0,0,0,0,0,1,0,0,0,0,1,0,0,411,0,0,0,0,12,0,0,0,0,0,0,0,81353,0,21109,16504,4725,1166,2340,129870,361189,324267,30587,11276,65570,18205,0,0,0,0,0,0,0,0,0,0,0,0,0,0,0,0,0,0,0,0,0,0,0,0,0,0,0,0,0,0,0,0,0,0,0,10747,0,0,0,0,0,0,0,0,0,124,0,0,0,38,0,0,17,0,0
ME,23011,3644,0,0,0,17,0,0,0,0,0,0,25,0,0,5,0,0,1,7,0,0,0,0,0,0,0,117,44382,0,2,0,0,14,0,0,0,7,0,0,0,0,0,0,0,0,0,1,0,0,163,0,0,66,0,22,0,0,0,0,0,0,0,54160,0,27268,16807,5222,1965,1400,110391,64207,221594,3920,16980,28717,7407,0,0,0,0,0,0,0,0,0,0,0,0,0,0,0,0,0,0,0,0,0,0,0,0,0,0,0,0,0,0,0,0,0,0,0,232,0,0,0,0,0,0,0,0,0,3644,0,0,17,25,0,5,7,0,0
ME,23013,121,0,0,0,0,0,0,0,0,0,0,0,0,0,0,0,0,1,0,0,0,0,0,0,0,0,1,6630,0,0,0,0,1,0,0,0,0,0,0,0,0,0,0,0,0,0,1,0,0,30,0,0,0,0,2,0,0,0,0,0,0,0,9409,0,12374,7534,1843,555,1277,63678,45202,52344,5743,7937,10821,5214,0,0,0,0,0,0,0,0,0,0,0,0,0,0,0,0,0,0,0,0,0,0,0,0,0,0,0,0,0,0,0,0,0,0,0,3208,0,0,0,0,0,0,0,0,0,121,0,0,0,0,0,0,0,0,0
ME,23015,107,0,0,0,16,0,0,0,0,0,0,4,0,0,0,0,0,0,5,0,0,0,0,0,0,0,4,8900,0,0,0,0,3,0,0,0,83,0,0,0,0,0,0,0,0,0,0,0,0,32,0,0,1,0,2,0,0,0,0,0,0,0,25272,0,14848,4250,773,187,1783,56916,56467,115755,3308,6834,12825,8879,0,0,0,0,0,0,0,0,0,0,0,0,0,0,0,0,0,0,0,0,0,0,0,0,0,0,0,0,0,0,0,0,0,0,0,1039,0,0,0,0,0,0,0,0,0,107,0,0,16,4,0,0,5,0,0
ME,23017,2671,0,0,0,107,0,0,0,0,0,0,7,0,0,0,0,0,4,156,0,0,0,0,0,0,0,61,20003,0,0,0,0,1546,0,0,0,131,0,0,0,0,0,0,0,0,0,1,211,0,60,0,0,226,0,0,0,0,0,0,0,0,0,58721,0,27497,10962,2590,657,2466,415518,298242,458359,27660,11312,46358,6403,0,0,0,0,0,0,0,0,0,0,0,0,0,0,0,0,0,0,0,0,0,0,0,0,0,0,0,0,0,0,0,0,0,0,0,96,0,0,0,0,0,0,0,1,0,2671,0,0,107,7,0,0,156,0,0
ME,23019,10115,0,0,0,6,0,0,0,0,0,0,23,0,2,1,0,0,56,179,0,0,0,0,0,0,0,864,41672,0,0,0,0,1895,0,0,0,1,0,0,0,0,4,0,0,0,0,33,0,0,222,0,0,177,0,97,0,0,0,0,0,0,0,101538,0,44342,23406,9445,3880,1915,319044,520708,843204,87668,21462,215453,28047,0,0,0,0,0,0,0,0,0,1,0,0,0,0,0,0,26,0,0,0,0,0,0,0,0,0,0,0,0,0,0,0,0,0,0,329,0,0,0,0,0,0,0,45,0,10115,0,0,6,23,0,1,179,0,0
ME,23021,1583,0,0,0,7,0,0,0,0,0,0,4,0,0,0,0,0,49,191,0,0,0,0,0,0,0,47,13318,0,1,0,0,404,0,0,0,0,0,0,0,0,3,0,0,0,0,177,0,0,484,0,0,71,0,381,0,0,0,0,0,0,0,258323,0,15610,4158,1057,299,6971,437327,679955,960201,256339,13167,137176,13882,0,0,0,0,0,0,0,0,0,0,0,0,0,0,0,0,0,0,0,0,0,0,0,0,0,0,0,0,0,0,0,0,0,0,0,231,0,0,0,0,0,0,0,0,0,1583,0,0,7,4,0,0,191,0,0
ME,23023,51,0,0,0,0,0,0,0,0,0,0,8,0,0,0,0,0,0,6,0,0,0,0,0,0,0,9,4562,0,0,0,0,5,0,0,0,348,0,0,0,0,0,0,0,0,0,0,0,0,2,0,0,9,0,0,0,0,0,0,0,0,0,18887,0,10492,4015,1223,341,814,16403,39279,64036,1849,7236,5035,9607,0,0,0,0,0,0,0,0,0,0,0,0,0,0,0,0,0,0,0,0,0,0,0,0,0,0,0,0,0,0,0,0,0,0,0,6,0,0,0,0,0,0,0,0,0,51,0,0,0,8,0,0,6,0,0
ME,23025,6676,0,0,0,2,0,0,0,0,0,0,27,0,0,0,0,0,1,6,0,0,0,0,0,0,0,437,45023,0,0,0,0,134,0,0,0,0,0,0,0,0,0,0,0,0,0,4,0,0,222,0,0,46,0,123,0,0,0,0,0,0,0,96668,0,27445,12371,3391,1029,7335,636302,582833,664319,370532,19799,132092,14075,0,0,0,0,0,0,0,0,0,0,0,0,0,0,0,0,0,0,0,0,0,0,0,0,0,0,0,0,0,0,0,0,0,0,0,76,0,0,0,0,0,0,0,0,0,6676,0,0,2,27,0,0,6,0,0
ME,23027,2234,0,0,0,4,0,0,0,0,0,0,1,0,0,3,0,0,22,4,0,0,0,0,0,0,0,84,25675,0,0,0,0,40,0,0,0,0,0,0,0,0,0,0,0,0,0,2,0,0,89,0,0,4,0,25,0,0,0,0,0,0,0,16226,0,17907,7749,1606,471,671,136386,68075,164086,5613,5947,22862,5628,0,0,0,0,0,0,0,0,0,0,0,0,0,0,0,0,0,0,0,0,0,0,0,0,0,0,0,0,0,0,0,0,0,0,0,1935,0,0,0,0,0,0,0,0,0,2234,0,0,4,1,0,3,4,0,0
ME,23029,34,0,0,0,0,0,0,0,0,0,0,148,0,4,0,0,0,31,30,0,0,0,0,0,0,0,78,3343,0,12,0,0,81,0,0,0,0,0,0,0,0,12,0,0,0,0,16,0,0,68,0,0,0,0,0,0,0,0,0,0,0,0,121335,0,23174,10903,3137,559,2368,189241,420160,616212,65182,16311,215699,37369,0,0,0,0,0,0,0,0,0,7,0,0,0,0,0,0,1,0,0,0,0,0,0,0,0,0,0,0,0,0,0,0,0,0,0,32443,0,0,0,0,0,0,0,13,0,34,0,0,0,148,0,0,30,0,0
ME,23031,644,0,0,0,25,0,0,0,39,0,0,1,0,0,0,0,0,0,0,0,0,0,0,0,0,0,97,15115,0,0,0,0,42,0,0,0,1,0,0,0,0,0,0,0,0,0,0,39,0,18,0,0,342,0,0,0,0,0,0,0,0,0,15860,0,39166,22491,6644,2332,2618,78165,113813,257672,15937,29649,40810,9565,0,0,0,0,0,0,0,0,0,0,0,0,0,0,0,0,1,0,0,0,0,0,0,0,0,0,0,0,0,0,0,0,0,0,0,4,0,0,0,0,0,0,0,6,0,644,0,0,25,1,0,0,0,0,0
MD,24001,456,0,0,0,133,0,0,0,0,0,0,0,0,0,58,0,2,3,9,0,0,0,0,0,0,0,8,1608,0,0,0,0,0,0,0,0,0,0,0,0,0,0,0,0,0,0,0,4,0,63,0,0,1,0,0,0,0,0,0,0,0,0,2253,0,15996,6547,2258,795,1154,214592,3565,878,0,24650,16,0,0,0,0,0,0,0,0,0,0,0,0,0,0,0,0,0,0,0,0,2,0,0,0,0,0,0,0,0,0,0,1,0,0,0,0,0,0,0,0,0,0,0,0,0,5,459,0,0,140,6,0,62,9,0,0
MD,24003,4515,0,0,83,2047,0,0,0,0,0,0,17,0,0,339,0,2012,289,4,5,0,0,0,0,0,0,47,2357,0,0,0,0,0,3,0,0,0,0,0,0,0,0,0,0,0,0,0,107,4,910,0,4,2,0,1,0,0,0,0,0,0,0,2932,0,47337,36361,15290,4894,373,90047,2236,1377,1261,14489,33791,2447,0,0,0,0,0,0,0,0,0,0,0,0,0,0,0,0,0,0,0,248,0,0,0,0,0,0,0,0,1,79,20,0,0,0,0,0,0,0,0,0,0,0,0,0,305,4783,0,163,4364,343,0,2678,4,0,0
MD,24005,16740,0,0,49,6031,0,0,0,2,0,0,188,0,0,1139,0,2294,23,1,0,0,0,0,0,0,0,267,9938,0,0,0,203,0,48,0,0,0,0,0,0,0,0,0,0,0,0,2,6,0,187,0,5,4,10,2,0,0,0,0,0,0,0,5649,0,70832,38815,19620,6772,387,142218,2449,1709,1641,45947,9848,2163,0,0,0,0,0,0,0,0,0,0,0,0,0,0,0,0,0,0,0,535,144,0,4,0,0,0,0,0,0,0,363,0,0,2,0,0,0,0,0,29,0,0,0,0,1820,17782,0,49,10147,2371,0,3968,147,0,0
MD,24009,3015,0,0,220,1718,0,0,3,0,0,0,7,0,0,346,0,2261,40,65,1,0,0,0,0,0,0,24,1251,0,0,0,1,0,4,0,0,0,0,0,1,0,0,0,0,0,0,0,10,1,938,0,4,0,4,16,0,0,0,0,0,0,0,1711,0,18639,3750,1204,280,68,74725,2771,1342,1138,7752,11779,2688,0,0,0,0,0,0,0,0,0,0,0,0,0,0,0,0,0,0,0,484,0,0,0,0,0,0,0,0,8,56,25,0,0,0,1,0,0,0,0,0,0,0,0,0,127,3525,0,284,4107,167,0,3147,65,0,0
MD,24011,30861,0,0,1139,15608,0,0,0,229,0,0,218,0,0,112,0,30961,135,1,58,0,0,0,0,7,0,617,2314,0,0,0,443,99,432,0,0,0,888,0,0,0,5,1,0,0,0,0,190,1,4609,0,22,10,2,8,0,0,0,0,0,0,0,2365,0,10186,2295,653,206,144,23853,3643,1674,2334,16653,38963,2298,0,1,0,4,0,1,0,0,0,0,0,0,0,0,0,0,0,0,0,3654,52,0,0,0,0,0,0,0,183,343,801,0,0,2,4,0,0,0,0,2,0,0,0,1,8295,35372,0,1665,54870,9497,0,35070,55,1,0
MD,24013,30666,0,0,68,13941,0,0,0,5,4,0,56,0,0,1100,0,5546,43,13,0,0,0,0,0,0,0,1246,18406,0,0,0,162,0,76,0,0,0,0,0,0,0,0,0,0,0,0,0,4,0,681,14,23,115,12,5,0,0,0,0,0,0,0,1963,0,28400,7189,2136,483,226,90663,2026,394,1332,77152,474,29,0,63,0,0,0,0,0,0,0,0,0,0,0,0,0,0,0,0,0,565,83,0,33,0,0,0,0,0,0,20,634,0,0,71,0,0,0,0,0,1,0,0,0,0,3275,31948,0,88,22833,3965,0,7231,167,0,0
MD,24015,17228,0,0,21,7315,7,0,0,5,0,0,100,0,0,685,0,8715,152,0,0,0,0,0,0,0,0,561,5812,0,0,0,4,12,92,0,0,0,4,0,5,0,0,3,0,0,0,1,62,9,2618,0,48,38,0,6,0,0,0,0,0,0,0,7106,0,23957,5558,2466,675,871,80567,792,435,3575,41342,8757,2904,0,0,0,0,0,0,0,0,0,0,2,0,0,0,0,0,1,0,0,3301,262,0,0,0,0,0,0,0,2,23,657,0,0,3,0,0,0,0,0,5,0,0,0,7,3262,21448,0,46,19295,4021,0,12724,265,0,0
MD,24017,5578,0,0,2391,2978,0,0,9,0,0,0,10,0,0,726,0,4422,12,127,26,0,0,0,0,0,0,40,3618,0,0,0,0,0,16,0,0,0,0,0,0,0,0,0,0,0,0,0,50,0,1338,0,1,0,0,7,0,0,0,0,0,0,0,72716,0,29326,9338,2736,860,650,156526,13301,1378,2026,12727,34671,5456,0,0,0,0,0,0,0,0,0,0,0,0,0,0,0,0,0,0,0,720,0,0,0,0,0,0,0,0,40,2131,12,0,0,0,0,0,0,0,0,0,0,0,0,0,217,6310,0,4562,7617,279,0,7999,127,0,0
MD,24019,23556,0,0,3980,21371,0,0,0,672,0,0,188,0,0,863,0,25389,169,3,0,0,0,0,0,2,0,207,721,0,0,0,252,155,215,0,1,0,1219,0,1,0,28,0,0,0,0,0,302,0,4438,0,3,1,0,6,0,0,0,0,0,0,0,24198,0,13518,4712,1189,375,254,5201,14957,1777,7367,13616,103637,81345,0,0,0,0,0,0,0,0,0,0,1,0,0,0,0,0,0,0,0,3380,1,0,0,0,0,0,0,0,59,1157,773,0,0,0,42,0,0,0,0,23,0,0,0,1,2344,27752,0,5196,49146,3364,0,30789,4,0,0
MD,24021,32489,0,0,171,19405,0,0,0,4,0,0,119,0,0,2405,0,14993,57,73,0,2,0,0,0,0,0,3496,26490,0,1,0,0,0,124,0,0,0,0,0,0,0,0,0,0,0,0,0,8,0,1261,0,0,12,0,144,0,0,0,0,0,0,0,3438,0,36333,18848,5194,1344,475,146879,2644,785,1001,101278,1266,28,0,8,0,0,0,0,0,0,0,0,0,0,0,0,0,0,0,0,0,2342,379,0,1,0,0,0,0,0,6,10,1820,0,0,41,9,0,0,0,0,38,0,0,0,0,1757,37039,0,187,36205,3702,0,19750,493,0,0
MD,24023,3364,0,0,0,932,0,0,0,4,0,0,14,0,0,44,0,8,4,117,0,0,0,0,0,0,0,241,4290,0,0,0,0,0,0,0,0,0,0,0,0,0,0,0,0,0,0,0,11,0,174,0,0,2,0,0,0,0,0,0,0,0,0,6479,0,22430,2130,569,83,3399,297884,18527,937,6,58015,50,95,0,0,0,0,0,0,0,0,0,0,0,0,0,0,0,0,0,0,0,3,2,0,0,0,0,0,0,0,7,0,1,0,0,0,0,0,0,0,0,0,0,0,0,0,4,3370,0,7,944,26,0,55,119,0,0
MD,24025,17306,0,0,8,6567,0,0,0,5,0,0,264,0,0,441,0,3792,70,13,0,0,0,0,0,0,0,567,4980,0,0,0,33,7,7,0,1,0,2,0,3,0,0,2,0,0,0,1,130,2,722,0,2,2,0,7,0,0,0,0,0,0,0,6115,0,40387,13315,5253,1689,551,100605,509,586,2906,50464,17723,7882,0,0,0,0,0,0,0,0,0,0,2,0,0,0,0,0,5,0,0,1215,199,0,0,0,0,0,0,0,12,3,618,0,0,124,0,0,0,0,0,113,0,0,0,5,846,19338,0,23,11329,1740,0,5451,336,0,0
MD,24027,5704,0,0,1,2833,0,0,0,0,2,0,2,0,0,616,0,1679,8,0,0,0,0,0,0,0,0,118,3987,0,0,0,0,0,3,0,0,0,0,0,0,0,0,0,0,0,0,25,24,0,184,1,0,2,0,0,0,0,0,0,0,0,0,855,0,30584,15203,6213,1808,205,59525,415,354,357,30441,509,36,0,0,0,0,0,0,0,0,0,0,0,0,0,0,0,0,0,0,0,128,5,0,0,0,0,0,0,0,0,1,4,0,0,0,0,0,0,0,0,0,0,0,0,0,274,5841,0,2,4786,280,0,2424,5,0,0
MD,24029,32173,0,0,786,13862,1,0,0,208,0,0,78,0,0,195,0,24791,7,0,0,0,0,0,0,0,0,870,1812,0,0,0,54,40,449,0,0,0,8,0,2,0,0,1,0,0,0,20,36,51,4235,0,4,1,0,0,0,0,0,0,0,0,0,4155,0,7751,1254,422,145,157,26783,368,44,818,14693,21391,4739,0,0,0,6,0,0,0,0,0,0,0,0,0,0,0,0,0,0,0,7971,214,0,0,0,0,0,0,0,25,12,3056,0,0,4,0,0,0,0,0,0,0,0,0,4,8151,43414,0,823,46808,11310,0,32969,218,0,0
MD,24031,9117,0,0,174,7797,0,0,0,44,0,0,26,0,0,649,0,7453,62,8,0,0,0,0,0,0,0,134,7230,0,28,0,0,0,127,0,0,0,0,0,0,0,0,0,0,0,0,0,103,0,882,0,0,0,0,133,0,0,0,0,0,0,0,6654,0,70845,37950,13763,4213,82,104381,1070,461,876,46000,3240,93,0,0,0,0,0,0,0,0,0,0,0,0,0,0,0,0,0,0,0,564,8,0,0,0,0,0,0,0,0,107,111,0,0,0,0,0,0,0,0,0,0,0,0,0,54,9800,0,281,15304,191,0,8773,16,0,0
MD,24033,3775,0,0,561,2884,0,0,4,0,0,0,2,0,0,598,0,1481,109,42,1,0,0,0,0,0,0,42,1318,0,0,0,0,0,2,0,0,0,0,0,0,0,0,0,0,0,0,0,9,1,1042,0,0,1,0,0,0,0,0,0,0,0,0,7448,0,58272,51145,20879,7109,826,121262,3621,1122,1503,15282,14393,2866,0,0,0,0,0,0,0,0,0,0,0,0,0,0,0,0,0,0,0,147,0,0,0,0,0,0,0,0,1,287,12,0,0,0,0,0,0,0,0,0,0,0,0,0,34,3934,0,849,4399,49,0,2513,42,0,0
MD,24035,43972,0,0,725,17933,10,0,0,375,0,0,131,0,0,181,0,36686,38,0,3,0,0,0,0,0,0,644,3250,0,0,0,175,47,880,0,0,0,26,0,1,0,0,1,0,0,0,2,428,45,4550,0,17,15,1,2,0,0,0,0,0,0,0,3540,0,15983,3385,1125,307,230,32992,1094,217,1608,20888,33504,4300,0,7,0,72,0,0,0,0,0,0,2,0,0,0,0,0,0,0,0,6004,75,0,0,0,0,0,0,0,226,22,1069,0,0,19,0,0,0,0,0,0,0,0,0,3,2945,51120,0,973,57583,4371,0,42893,94,0,0
MD,24037,9123,0,0,532,6955,2,0,35,1,0,0,26,0,0,622,0,9357,66,113,31,0,0,0,0,0,0,44,4180,0,0,0,0,0,7,0,6,0,0,0,1,0,0,0,0,0,0,6,36,0,2858,0,9,0,40,91,0,0,0,0,0,0,0,3942,0,24576,6058,2455,950,283,91591,20708,3669,2855,12688,22655,4185,0,0,0,0,0,0,0,0,0,0,0,0,0,0,0,0,0,0,0,509,0,0,4,0,0,0,0,0,53,340,221,0,0,1,2,0,0,0,0,0,0,0,0,0,1535,9855,0,925,17850,1835,0,10828,114,0,0
MD,24039,13588,0,0,93,7479,0,0,0,17,0,0,0,0,0,113,0,10959,4,0,1,0,0,0,0,0,0,23,573,0,0,0,1,11,4,0,0,0,225,0,1,0,0,0,0,0,0,0,68,0,1562,0,0,0,0,0,0,0,0,0,0,0,0,5900,0,9761,2141,499,131,125,1370,14259,453,6516,5657,73647,42992,0,0,0,0,0,0,0,0,0,0,2,0,0,0,0,0,0,0,0,1077,0,0,0,0,0,0,0,0,0,3,117,0,0,0,0,2,0,0,0,0,0,0,0,1,943,14782,0,96,19381,1060,0,12152,0,0,0
MD,24041,21646,0,0,671,9366,0,0,0,15,0,0,46,0,0,49,0,31040,81,6,3,0,0,0,0,0,0,151,644,0,0,0,70,2,115,0,0,0,63,0,0,0,1,0,0,0,0,0,66,3,6332,0,6,5,1,1,0,0,0,0,0,0,0,5110,0,13927,3325,1179,394,100,15330,3624,657,2788,11320,27466,6670,0,0,0,0,0,0,0,0,0,0,0,0,0,0,0,0,0,0,0,8033,2,0,0,0,0,0,0,0,319,512,965,0,0,0,3,0,0,0,0,0,0,0,0,0,2291,30649,0,1502,42700,3621,0,39634,8,0,0
MD,24043,19328,0,0,41,8090,0,0,0,66,0,0,212,0,0,1829,0,3971,11,59,0,0,0,0,0,0,0,2262,7903,0,15,0,0,0,0,0,0,0,0,0,0,0,0,0,0,0,0,0,1,0,132,0,58,328,3,0,0,0,0,0,0,0,0,6489,0,18257,16470,4645,1464,272,112420,2808,589,2,87426,191,13,0,1,0,0,0,0,0,0,0,0,0,0,0,0,0,0,0,0,0,768,200,0,0,0,0,0,0,0,111,38,1060,0,0,4,0,0,0,0,0,0,0,0,0,0,1823,21356,0,190,13888,3206,0,6606,263,0,0
MD,24045,23234,0,0,240,14720,0,0,0,63,0,0,1,0,0,223,0,12890,13,2,0,0,0,0,0,0,0,121,1354,0,0,0,15,57,18,0,0,0,1503,0,0,0,1,0,0,0,0,0,853,0,3805,0,1,0,0,0,0,0,0,0,0,0,0,4033,0,17773,7499,2850,1376,185,7694,22219,4762,14265,13474,71865,13572,0,0,0,0,0,2,0,0,0,0,61,0,0,0,0,0,0,0,0,2874,3,0,0,0,0,0,0,0,0,70,50,0,0,49,0,1,0,0,0,0,0,0,0,0,689,26161,0,310,28348,740,0,16057,54,2,0
MD,24047,35405,0,0,60,20180,3,0,0,18,0,0,0,0,0,398,0,16656,2,2,0,0,0,0,0,0,0,120,868,0,0,0,9,469,3,0,0,0,193,0,0,0,0,0,0,0,0,0,240,0,1482,0,2,0,0,0,0,0,0,0,0,0,0,4450,0,16690,5239,2725,1583,3318,4212,11807,1241,7778,8919,141182,16202,0,0,0,0,0,0,0,0,0,0,0,0,0,0,0,0,0,0,0,695,45,0,0,0,0,0,0,0,0,27,265,0,0,1,13,0,0,0,0,0,0,0,0,3,541,36423,0,87,37391,806,0,17776,48,0,0
MD,24510,0,0,0,1,2,0,0,0,0,0,0,0,0,0,0,0,0,0,0,0,0,0,0,0,0,0,0,3,0,0,0,0,0,0,0,0,0,0,0,0,0,0,0,0,0,0,0,0,0,0,0,0,0,0,0,0,0,0,0,0,0,0,205,0,10603,13200,13115,10905,21,3565,18,126,9,67,171,26,0,0,0,0,0,0,0,0,0,0,0,0,0,0,0,0,0,0,0,0,0,0,0,0,0,0,0,0,0,0,0,0,0,0,0,0,0,0,0,0,0,0,0,0,0,0,0,1,2,0,0,0,0,0,0
MA,25001,131,0,0,0,0,0,0,0,50,0,0,0,0,0,0,0,0,0,0,0,0,0,0,0,0,0,198,242,0,0,0,5,8,0,0,0,0,0,0,0,0,0,0,0,0,0,0,0,0,174,0,0,0,1,0,0,0,0,0,0,0,0,14340,0,29640,44633,21921,2984,14313,32235,51120,11264,4936,4390,10619,19885,0,0,0,0,0,0,0,0,0,0,0,0,0,0,0,0,0,0,0,0,0,0,2,0,0,0,0,0,0,0,0,0,0,0,0,1,0,0,0,0,0,0,0,1721,0,131,0,0,0,0,0,0,0,0,0
MA,25003,3737,0,0,0,43,0,0,1,7,0,0,0,0,0,0,0,0,16,0,0,0,0,0,0,0,0,3711,7903,0,0,0,0,1,2,0,0,0,0,0,0,0,0,0,0,0,0,0,0,0,523,0,0,11,1,1,0,0,0,0,0,0,0,10978,0,30575,10445,6097,1583,630,341113,38533,86002,5702,39737,16750,1492,0,0,0,0,0,0,0,0,0,0,1,0,0,0,0,0,8,0,0,0,0,0,21,0,0,0,0,0,0,0,0,0,0,0,0,15,0,0,0,0,0,0,0,0,0,3737,0,0,43,0,0,0,0,0,0
MA,25005,2543,0,0,0,1,0,0,0,237,0,0,0,0,0,0,0,0,1,1,0,0,0,0,0,0,0,1359,5883,0,0,0,1,91,26,0,0,1,0,0,0,0,0,0,0,0,0,0,2,0,727,0,0,3,13,48,0,0,0,0,0,0,0,16519,0,35066,38883,32218,10517,1683,112199,25021,7607,845,18084,55138,6186,0,0,0,0,0,0,0,0,0,0,0,0,0,0,0,0,119,0,0,0,0,0,10,0,0,0,0,0,0,0,0,0,0,0,0,2,0,0,0,0,0,0,0,1533,0,2543,0,0,1,0,0,0,1,0,0
MA,25007,21,0,0,0,2,0,0,0,39,0,0,0,0,0,0,0,0,0,0,0,0,0,0,0,0,0,725,674,0,0,0,1,10,0,0,0,0,0,0,0,0,0,0,0,0,0,0,0,0,111,0,0,0,0,0,0,0,0,0,0,0,0,4194,0,6136,3170,870,155,3463,29294,3328,784,3796,4867,3019,5314,0,0,0,0,0,0,0,0,0,0,0,0,0,0,0,0,0,0,0,0,0,0,2,0,0,0,0,0,0,0,0,0,0,0,0,1,0,0,0,0,0,0,0,131,0,21,0,0,2,0,0,0,0,0,0
MA,25009,686,0,0,0,1,0,0,0,81,0,0,0,0,0,0,0,0,0,0,0,0,0,0,0,0,0,169,4259,0,0,0,0,11,0,0,0,0,0,0,0,0,0,0,0,0,0,0,1,0,40,0,0,6,0,0,0,0,0,0,0,0,0,13950,0,32104,42649,42128,11678,2700,85954,23262,2351,929,15866,28935,22812,0,0,0,0,0,0,0,0,0,0,0,0,0,0,0,0,4,0,0,0,0,0,1,0,0,0,0,0,0,0,0,0,0,0,0,0,0,0,0,0,0,0,0,20,0,686,0,0,1,0,0,0,0,0,0
MA,25011,4221,0,0,1,4,0,0,7,457,0,0,5,17,0,0,0,0,201,0,0,0,0,0,0,0,0,289,12686,0,0,0,22,1801,1,0,0,1,0,0,0,0,0,0,0,0,86,0,286,0,1718,0,9,90,0,2,0,0,0,0,0,0,0,15294,0,19289,10027,4070,593,521,191832,110733,59708,1744,18881,7468,913,0,0,17,0,0,0,0,0,0,0,49,0,0,56,0,39,455,0,0,0,0,0,63,0,0,0,0,0,0,0,0,0,0,0,0,142,0,0,0,0,0,0,0,1,0,4221,0,1,4,5,17,0,0,0,0
MA,25013,2105,0,0,0,16,0,0,511,287,0,0,0,1,0,17,0,0,98,0,0,0,0,0,0,0,0,534,4649,0,0,0,8,8,9,0,0,0,0,0,1,0,0,0,0,0,0,0,1,0,384,0,0,44,3,4,0,0,0,0,0,0,0,10459,0,39312,30879,20235,5545,800,209928,22005,24938,1741,15004,15185,797,0,0,0,0,0,0,0,0,0,0,17,0,0,0,0,0,167,0,0,0,0,0,37,0,0,0,0,0,0,0,0,0,0,0,0,91,0,0,0,0,0,2,0,1,0,2105,0,0,16,0,1,17,0,0,0
MA,25015,3951,0,0,23,103,0,0,26,644,0,0,13,4,0,0,0,0,268,3,0,0,0,0,0,0,0,404,10861,0,0,0,24,2258,3,0,0,0,0,0,4,0,0,0,0,0,69,0,30,0,3548,0,2,74,0,0,0,0,0,0,0,0,0,10849,0,19871,11768,4907,978,299,176932,37769,29134,1711,17863,13231,635,0,0,12,0,0,0,0,0,0,0,31,0,0,29,0,41,569,0,0,0,0,0,33,0,0,0,0,0,0,0,0,0,0,0,0,88,0,0,0,0,0,0,0,0,0,3951,0,23,103,13,4,0,3,0,0
MA,25017,911,0,0,10,1,0,0,1,87,0,0,0,0,0,0,0,0,1,0,0,0,0,0,0,0,0,45,3900,0,0,0,0,7,16,0,0,0,0,0,0,0,0,2,0,0,0,0,5,0,45,0,0,84,0,0,0,0,0,0,0,0,0,16197,0,66723,76496,75400,22693,2139,148228,58240,2643,2090,23379,36898,5738,0,0,0,0,0,0,0,0,0,0,0,0,0,0,0,0,5,0,0,0,0,0,2,0,0,0,0,0,0,0,0,0,0,0,0,0,0,0,0,0,0,0,0,25,0,911,0,10,1,0,0,0,0,0,0
MA,25019,0,0,0,0,0,0,0,0,13,0,0,0,0,0,0,0,0,0,0,0,0,0,0,0,0,0,13,0,0,0,0,0,2,0,0,0,0,0,0,0,0,0,0,0,0,0,0,0,0,28,0,0,0,0,0,0,0,0,0,0,0,0,5238,0,2079,2768,1455,185,3532,4089,1516,34,5822,1674,3340,3586,0,0,0,0,0,0,0,0,0,0,0,0,0,0,0,0,0,0,0,0,0,0,0,0,0,0,0,0,0,0,0,0,0,0,0,0,0,0,0,0,0,0,0,344,0,0,0,0,0,0,0,0,0,0,0
MA,25021,163,0,0,0,0,0,0,0,18,0,0,0,0,0,0,0,0,1,1,0,0,0,0,0,0,0,81,723,0,0,0,0,6,10,0,0,0,0,0,0,0,0,0,0,0,0,0,3,0,48,0,0,4,0,0,0,0,0,0,0,0,0,6278,0,37603,42766,37651,8920,561,74952,16754,987,836,7878,22158,3065,0,0,0,0,0,0,0,0,0,0,0,0,0,0,0,0,6,0,0,0,0,0,1,0,0,0,0,0,0,0,0,0,0,0,0,0,0,0,0,0,0,0,0,49,0,163,0,0,0,0,0,0,1,0,0
MA,25023,1898,0,0,0,84,0,0,0,326,0,0,0,0,0,0,0,0,2,2,0,0,0,0,0,0,0,3536,733,0,0,0,237,85,2,0,0,0,0,0,0,0,0,0,0,0,0,0,8,0,2033,0,0,31,0,0,0,0,0,0,0,0,0,22646,0,47374,46872,25166,5683,3399,61162,98851,10716,2265,13246,64777,10939,0,0,0,0,0,0,0,0,0,0,0,0,0,0,0,0,5,0,0,0,0,0,26,0,0,0,0,0,0,0,0,0,0,0,0,1,0,0,0,0,0,0,0,20187,0,1898,0,0,84,0,0,0,2,0,0
MA,25025,3,0,0,0,0,0,0,0,1,0,0,0,0,0,0,0,0,0,0,0,0,0,0,0,0,0,9,16,0,0,0,0,0,0,0,0,0,0,0,0,0,0,0,0,0,0,0,0,0,1,0,0,0,0,0,0,0,0,0,0,0,0,867,0,2036,4991,14251,12656,199,1457,101,3,7,372,242,1071,0,0,0,0,0,0,0,0,0,0,0,0,0,0,0,0,0,0,0,0,0,0,0,0,0,0,0,0,0,0,0,0,0,0,0,0,0,0,0,0,0,0,0,0,0,3,0,0,0,0,0,0,0,0,0
MA,25027,2760,0,0,26,26,0,0,22,141,0,0,0,0,0,4,0,0,2,0,0,0,0,0,0,0,0,465,22499,0,0,0,4,4,51,0,0,0,0,0,0,0,0,12,0,0,0,0,100,0,391,0,4,236,0,6,0,0,0,0,0,0,0,41157,0,72443,55597,42014,10678,3289,458765,132318,57283,5650,47670,50964,6014,0,0,0,0,0,0,0,0,0,0,3,0,0,0,0,0,23,0,0,0,0,0,8,0,0,0,0,0,0,0,0,0,0,0,0,4,0,0,0,0,0,0,0,2,0,2760,0,26,26,0,0,4,0,0,0
MI,26001,4284,0,0,41,1355,0,0,0,0,0,0,5,0,0,2319,0,0,72,720,0,0,0,0,0,0,0,14461,7439,0,0,13,971,19,0,0,0,0,0,0,6,0,0,0,0,0,0,131,0,12,1214,0,0,0,0,0,0,0,0,0,0,0,0,13294,0,19367,5006,411,53,494,177693,57033,11607,1340,25645,96964,2401,0,2,0,0,0,0,0,0,0,0,0,0,0,0,0,0,0,0,0,0,0,0,0,0,0,0,0,0,0,0,0,0,0,0,0,0,0,0,0,0,0,0,0,0,0,4284,0,41,1355,5,0,2319,720,0,0
MI,26003,88,0,0,26,1,0,0,0,0,0,0,66,0,0,3,0,0,1,634,14,2,0,0,0,0,0,3148,8616,0,0,3,5,25,0,0,0,0,0,0,0,0,0,0,0,0,0,40,2,0,780,1,0,0,0,1,0,0,0,0,0,0,0,11811,0,14340,3029,391,115,1822,326910,42907,10463,3353,14503,153124,3152,0,0,0,0,0,0,0,0,0,0,0,0,0,0,0,0,0,0,0,0,0,0,0,0,0,0,0,0,0,0,0,0,0,0,0,0,0,0,0,0,0,0,0,0,0,88,0,26,1,66,0,3,634,0,0
MI,26005,101105,0,0,80,40187,2,0,0,10,0,0,5,0,2,11240,0,0,697,274,0,0,0,0,0,0,0,24479,6092,0,0,2,207,219,0,0,0,0,30,216,2091,0,2,14,2,0,3,46,8272,2,626,63,23,490,456,4,0,0,0,0,0,8,0,8889,0,27365,20802,4060,1512,1309,138419,3603,1274,230,73999,57179,678,0,0,7,29,0,0,0,0,0,0,6,0,0,0,0,4,245,0,0,0,0,0,0,0,0,0,0,0,0,0,0,0,0,0,0,2450,0,0,147,2,0,0,0,0,0,101105,0,80,40187,5,0,11240,274,0,0
MI,26007,7910,0,0,91,7858,0,0,0,0,0,0,45,0,0,6771,0,0,143,1312,0,0,0,0,0,0,0,23566,8298,0,0,81,2137,143,0,0,0,0,0,0,7,0,0,0,0,0,0,302,2,1,1944,0,0,0,0,0,0,0,0,0,0,0,0,13336,0,14599,8612,2656,1069,2264,65330,20345,2733,1094,19630,163911,3345,0,11,0,0,0,0,0,0,0,0,0,0,0,0,0,0,0,0,0,0,0,0,0,0,0,0,0,0,0,0,0,0,0,0,0,0,0,0,0,0,0,0,0,0,0,7910,0,91,7858,45,0,6771,1312,0,0
MI,26009,5708,0,0,145,584,25,0,0,1,0,0,26,0,0,1939,0,0,207,297,0,0,0,0,0,1,0,7484,8898,0,0,30,441,1038,0,0,0,0,0,0,4,0,0,0,0,0,0,268,13,0,1114,5352,1,342,5,19,0,0,0,0,0,12,0,31242,0,17627,6337,790,189,813,149773,16470,1965,2687,45256,27925,899,0,0,4,0,0,0,0,0,0,0,0,0,0,0,46,0,0,0,0,0,0,0,1,0,0,0,0,0,0,0,0,0,0,0,0,0,0,0,0,0,0,0,0,0,0,5708,0,145,584,26,0,1939,297,0,0
MI,26011,17147,0,0,19,16322,2,0,0,0,1,0,13,0,0,8577,0,0,50,648,0,2,0,0,0,0,0,7796,3212,0,0,3585,4408,695,0,0,0,0,0,0,1558,0,1,0,0,0,0,53,37,112,723,0,0,0,0,0,0,0,0,0,0,0,0,905,0,10551,8735,1681,169,273,57926,6088,2022,658,20263,56165,4809,0,6,1,4,0,0,0,0,0,0,0,0,0,0,0,0,0,0,0,0,0,0,0,0,0,0,0,0,0,0,0,0,0,0,0,0,0,0,0,0,0,0,0,0,0,17147,0,19,16322,13,0,8577,648,0,0
MI,26013,96,0,0,22,209,0,0,0,0,0,0,39,0,186,1,0,0,15,583,1,0,0,0,0,0,0,9,9421,0,0,6,0,1,0,0,0,0,0,0,0,0,466,0,0,0,0,1,0,0,1042,0,0,0,0,4,0,0,0,0,0,0,0,9390,0,15725,3024,510,163,323,295579,41589,69772,1301,8228,126838,2547,0,0,0,0,0,0,0,0,0,0,0,0,0,0,0,0,0,0,0,0,0,0,0,0,0,0,0,0,0,0,0,0,0,0,0,0,0,0,0,0,0,0,0,0,0,96,0,22,209,39,0,1,583,0,0
MI,26015,52523,0,0,15,28300,0,0,0,38,0,0,0,0,0,8009,0,0,220,289,0,10,0,0,0,0,0,21041,3218,0,0,12,104,64,0,0,0,0,1,67,73,0,1,0,0,0,24,17,595,0,440,1,1,104,21,1,0,0,0,0,0,0,0,12097,0,19140,8055,1049,342,462,105727,3014,719,67,57332,45723,282,0,9,0,4,0,0,0,0,0,0,0,0,0,0,0,5,15,0,0,0,0,0,0,0,0,0,0,0,0,0,0,0,0,0,0,28,0,0,38,2,0,0,0,0,0,52523,0,15,28300,0,0,8009,289,0,0
MI,26017,56606,0,0,19,39811,45,0,0,4,1,3,10,0,0,18172,0,0,54,525,0,0,0,0,0,0,0,3966,4618,0,0,15531,16737,2042,0,0,0,0,0,0,4746,0,5,0,0,0,0,6,76,604,359,0,0,0,0,1,0,0,0,0,0,0,0,2720,0,12576,21055,8248,2029,273,35582,573,132,105,15582,21209,2422,0,2,5,7,0,0,0,0,0,0,0,0,0,0,0,0,0,0,0,0,0,0,0,0,0,0,0,0,0,0,0,0,0,0,0,0,0,0,0,0,0,0,0,0,0,56606,0,19,39811,10,0,18172,525,0,0
MI,26019,1678,0,0,2,11,1,0,0,0,0,0,17,0,0,101,0,0,201,95,0,0,0,0,0,0,0,3179,14,0,0,0,15,13,0,0,0,0,0,0,0,0,0,0,0,0,0,0,36,0,699,6678,0,1293,4,645,0,0,0,0,0,1,0,16752,0,10789,4713,622,132,2306,105968,16580,2556,3077,21949,20494,1762,0,0,0,8,0,0,0,0,0,0,0,0,0,0,27,2,17,0,0,0,0,0,2,0,0,0,0,0,0,0,0,0,0,0,0,0,0,0,0,0,0,0,0,0,0,1678,0,2,11,17,0,101,95,0,0
MI,26021,59565,0,0,0,47892,0,0,0,9,0,0,0,0,0,4846,0,0,162,1,0,0,0,0,0,0,0,14710,830,0,0,0,52,119,0,0,0,0,266,2,2313,0,0,124,0,0,0,2,14,0,151,2524,338,6758,10804,0,0,0,0,0,228,39,0,4185,0,37402,26090,7032,2337,1594,72410,357,676,182,27366,34874,896,0,0,0,623,0,0,0,0,0,0,283,0,0,0,9,3,476,0,0,0,0,0,20,0,0,0,0,0,0,0,0,0,0,0,0,2438,0,0,22,0,0,0,0,3,0,59565,0,0,47892,0,0,4846,1,0,0
MI,26023,94724,0,0,49,67461,4,0,0,143,195,0,238,0,0,7562,0,0,4,277,0,4,0,0,0,0,0,13839,3319,0,0,0,371,1272,0,0,0,0,0,6,64,0,0,15,0,0,2,26,1886,0,193,0,0,14,1,0,0,0,0,0,0,0,0,7688,0,12965,10730,1309,550,155,33190,66,10,28,28424,45313,397,0,0,1,0,0,0,0,0,0,0,0,0,0,0,0,0,0,0,0,0,0,0,10,0,0,0,0,0,0,0,0,0,0,0,0,0,0,0,0,0,0,0,0,0,0,94724,0,49,67461,238,0,7562,277,0,0
MI,26025,92300,0,0,5,70560,1,0,0,24,958,0,0,0,0,11041,0,0,6,309,0,6,0,0,0,0,0,16902,10237,0,0,0,134,174,0,0,0,0,0,30,65,0,0,36,0,0,8,4,128,0,147,0,0,8,0,2,0,0,0,0,0,0,0,4620,0,34832,18698,4998,2536,351,79481,664,100,14,39342,70661,330,0,0,0,0,0,0,0,0,0,0,0,0,0,0,0,1,0,0,0,0,0,0,0,0,0,0,0,0,0,0,0,0,0,0,0,0,0,0,0,1,1,0,0,0,0,92300,0,5,70560,0,0,11041,309,0,0
MI,26027,85406,0,0,0,38665,0,0,0,12,0,0,3,0,0,3766,0,0,37,56,0,1,0,0,0,0,0,14805,1699,0,0,0,1034,435,0,0,0,0,342,21,444,0,0,130,0,0,1,160,86,0,175,1670,60,2438,994,1,0,0,0,0,22,34,0,8281,0,17617,11543,1243,563,106,70473,375,125,105,22912,37579,594,0,0,3,859,0,0,0,0,0,0,234,0,0,0,2,7,114,0,0,0,0,0,54,0,0,0,0,0,0,0,0,0,0,0,0,50,0,0,21,0,0,0,0,0,0,85406,0,0,38665,3,0,3766,56,0,0
MI,26029,3377,0,0,22,240,44,0,0,1,0,0,93,0,0,355,0,0,59,435,0,0,0,0,0,0,0,5100,9760,0,0,0,16,8,0,0,0,0,0,0,3,0,0,0,0,0,0,44,14,0,541,2038,0,61,4,10,0,0,0,0,0,2,0,23433,0,13554,6277,1104,320,2177,125331,6767,1385,924,31200,52589,2237,0,0,0,0,0,0,0,0,0,0,0,0,0,0,10,0,1,0,0,0,0,0,1,0,0,0,0,0,0,0,0,0,0,0,0,0,0,0,0,0,0,0,0,0,0,3377,0,22,240,93,0,355,435,0,0
MI,26031,1591,0,0,3,209,3,0,0,0,0,0,36,0,0,1061,0,0,37,335,0,0,0,0,0,0,0,8368,15439,0,0,2,28,20,0,0,0,0,0,0,2,0,0,0,0,0,0,640,2,51,348,8,0,0,0,2,0,0,0,0,0,0,0,50481,0,22981,8726,1388,365,642,173250,34372,7969,3626,34961,137419,4772,0,0,0,0,0,0,0,0,0,0,0,0,0,0,0,0,0,0,0,0,0,0,0,0,0,0,0,0,0,0,0,0,0,0,0,0,0,0,0,0,0,0,0,0,0,1591,0,3,209,36,0,1061,335,0,0
MI,26033,43,0,0,52,4,0,0,0,1,0,0,159,0,0,73,0,0,11,465,0,0,0,0,0,0,0,1836,86540,0,0,0,2,2,0,0,0,0,0,0,1,0,0,0,0,0,1,261,902,0,7342,0,0,0,0,0,0,0,0,0,0,0,0,9002,0,29199,9656,2611,879,2941,227805,135986,13719,371,40945,402567,32633,0,19,0,0,0,0,0,0,0,0,0,0,0,0,0,0,0,0,0,0,0,0,0,0,0,0,0,0,0,0,0,0,0,0,0,0,0,0,0,0,0,0,0,0,0,43,0,52,4,159,0,73,465,0,0
MI,26035,7674,0,0,18,4486,0,0,0,0,0,0,33,0,1,4798,0,0,64,404,0,3,42,0,0,0,0,12739,12085,0,0,91,692,78,0,0,0,0,0,2,56,0,13,0,0,0,4,29,0,3,4085,1,0,2,0,51,0,0,0,0,0,0,0,5443,0,21842,7867,1093,263,42,151897,20986,1982,3090,34685,67819,3656,0,9,0,0,0,0,0,0,0,0,0,0,0,0,0,0,1,0,0,0,0,0,0,0,0,0,0,0,0,0,0,0,0,0,0,0,0,0,7,0,0,0,0,0,0,7674,0,18,4486,33,0,4798,404,0,0
MI,26037,84348,0,0,29,62434,2,0,0,11,0,14,20,0,2,27179,0,0,17,620,0,56,0,0,0,0,0,24502,981,0,0,187,682,17,0,0,0,0,0,8,207,0,25,0,0,0,1396,72,25,6,2267,0,0,6,0,0,0,0,0,0,0,0,0,3213,0,20288,12003,2834,898,419,36751,399,22,17,52150,33341,230,0,6,0,0,0,0,0,0,0,0,0,0,0,0,0,1,0,0,0,0,0,0,0,0,0,0,0,0,0,0,0,0,0,0,0,0,0,0,0,0,0,0,0,0,0,84348,0,29,62434,20,0,27179,620,0,0
MI,26039,106,0,0,6,25,1,0,0,1,0,0,5,0,0,182,0,0,87,70,0,0,0,0,0,0,0,485,159,0,0,2,65,7,0,0,0,0,0,0,2,0,0,0,0,0,0,13,1,2,70,12,0,0,0,119,0,0,0,0,0,0,0,3576,0,24888,7360,922,236,436,108924,105593,15337,6414,48823,34733,1895,0,1,0,0,0,0,0,0,0,0,0,0,0,0,0,0,0,0,0,0,0,0,0,0,0,0,0,0,0,0,0,0,0,0,0,0,0,0,0,0,0,0,0,0,0,106,0,6,25,5,0,182,70,0,0
MI,26041,4617,0,0,79,155,32,0,0,0,0,0,701,0,171,87,0,0,194,974,49,102,0,0,0,0,0,21227,11317,0,0,2,1430,398,0,0,0,0,0,0,0,0,0,0,0,0,0,366,10,0,4023,0,0,0,0,0,0,0,0,0,0,0,0,5430,0,27703,9591,2573,793,1233,156716,44624,21698,2640,19375,407664,4838,0,0,0,0,0,0,0,0,0,0,0,0,0,0,0,0,0,0,0,0,0,0,0,0,0,0,0,0,0,0,0,0,0,0,0,0,0,0,0,0,0,0,0,0,0,4617,0,79,155,701,0,87,974,0,0
MI,26043,1285,0,0,315,48,0,0,0,0,0,0,388,0,183,218,0,0,274,310,413,0,0,0,0,0,0,3257,7457,0,0,38,0,399,0,0,0,0,0,0,0,0,0,0,0,0,0,25,85,0,371,0,0,0,0,0,0,0,0,0,0,0,0,8057,0,15179,5563,1629,924,232,200171,24646,41190,564,9400,174219,503,0,0,0,0,0,0,0,0,0,0,0,0,0,0,0,0,0,0,0,0,0,0,0,0,0,0,0,0,0,0,0,0,0,0,0,0,0,0,0,0,0,0,0,0,0,1285,0,315,48,388,0,218,310,0,0
MI,26045,67899,0,0,6,74672,0,0,0,198,26,0,2,0,1,19017,0,0,14,433,0,56,0,0,0,0,0,19812,1355,0,0,31,197,81,0,0,0,0,0,92,94,0,0,1,0,0,36,5,24,1,344,0,0,3,0,2,0,0,0,0,0,0,0,2165,0,23109,14540,4321,1985,255,50128,234,37,6,50535,38925,78,0,0,0,0,0,0,0,0,0,0,0,0,0,0,0,2,0,0,0,0,0,0,0,0,0,0,0,0,0,0,0,0,0,0,0,0,0,0,0,17,0,0,0,0,0,67899,0,6,74672,2,0,19017,433,0,0
MI,26047,1429,0,0,6,85,95,0,0,0,0,0,13,0,0,295,0,0,236,417,0,0,0,0,0,0,0,5331,11376,0,0,0,6,8,0,0,0,0,0,0,0,0,0,0,0,0,0,87,0,1,442,31,0,3,0,0,0,0,0,0,0,0,0,9891,0,15969,6695,1315,417,1472,140420,9262,1173,1697,38512,60197,1591,0,0,0,0,0,0,0,0,0,0,0,0,0,0,0,0,0,0,0,0,0,0,0,0,0,0,0,0,0,0,0,0,0,0,0,0,0,0,0,0,0,0,0,0,0,1429,0,6,85,13,0,295,417,0,0
MI,26049,26000,0,0,6,45122,3,0,0,2,0,4,14,0,0,10694,0,0,6,114,0,2,0,0,0,0,0,11088,287,0,0,412,959,77,0,0,0,0,0,12,37,0,5,0,0,0,1,66,127,7,2411,0,0,187,0,0,0,0,0,0,0,0,0,7067,0,60265,46612,18670,7784,323,86547,1005,217,42,66358,22146,915,0,6,13,1,0,0,0,0,0,0,0,0,0,0,0,0,0,0,0,0,0,0,0,0,0,0,0,0,0,0,0,0,0,0,0,0,0,0,0,21,0,0,0,0,0,26000,0,6,45122,14,0,10694,114,0,0
MI,26051,11143,0,0,40,6780,5,0,0,10,0,0,10,0,0,7345,0,0,4,591,0,0,0,0,0,0,0,6212,14720,0,0,674,1638,45,0,0,0,0,0,0,213,0,19,0,0,0,0,5,2,3,9060,0,0,0,0,10,0,0,0,0,0,0,0,5627,0,14423,8571,794,194,26,121865,9131,998,1533,27212,73411,8189,0,1,1,3,0,0,0,0,0,0,0,0,0,0,0,0,0,0,0,0,0,0,0,0,0,0,0,0,0,0,0,0,0,0,0,0,0,0,0,0,0,0,0,0,0,11143,0,40,6780,10,0,7345,591,0,0
MI,26053,10,0,0,1,27,0,0,0,0,0,0,14,0,3,361,0,0,8,66,0,0,0,0,0,0,0,3,2588,0,0,0,0,0,0,0,0,0,0,0,0,0,8,0,0,0,0,8,0,0,2879,0,0,0,0,0,0,0,0,0,0,0,0,29864,0,20685,2964,381,145,205,387785,41491,63855,150,2681,169489,6452,0,0,0,0,0,0,0,0,0,0,0,0,0,0,0,0,0,0,0,0,0,0,0,0,0,0,0,0,0,0,0,0,0,0,0,0,0,0,0,0,0,0,0,0,0,10,0,1,27,14,0,361,66,0,0
MI,26055,10138,0,0,16,655,240,0,0,6,0,0,196,0,0,2086,0,0,720,1345,0,0,0,0,0,0,0,16482,407,0,0,0,73,10,0,0,0,0,0,0,5,0,0,0,0,0,0,65,178,0,2119,13999,4,692,97,96,0,0,0,0,0,71,0,16083,0,22120,11919,3496,1661,879,102696,30855,7578,4885,38205,22025,1149,0,4,10,14,0,0,0,0,0,0,0,0,0,0,6,1,4,0,0,0,0,0,3,0,0,0,0,0,0,0,0,0,0,0,0,0,0,0,0,0,0,0,0,0,0,10138,0,16,655,196,0,2086,1345,0,0
MI,26057,99778,0,0,20,78296,0,0,0,0,0,27,14,0,36,27305,0,0,47,226,0,0,0,0,0,0,0,15284,12515,0,0,9742,4317,741,0,0,0,0,0,1,3186,0,833,0,0,0,48,13,491,41,3768,1,0,10,0,129,0,0,0,0,0,0,0,1891,0,13993,10981,1762,632,58,25130,1006,26,103,16543,36325,449,0,0,1,1,0,0,0,0,0,0,0,0,0,0,0,0,13,0,0,0,0,0,0,0,0,0,0,0,0,0,0,0,0,0,0,0,0,0,0,0,0,0,0,0,0,99778,0,20,78296,14,0,27305,226,0,0
MI,26059,73628,0,0,45,77575,2,0,0,2,23,0,1,0,0,18251,0,0,10,360,0,54,0,0,0,0,0,18333,1940,0,0,1,9,28,0,0,0,0,0,12,9,0,0,4,0,0,2,8,74,4,2345,0,0,12,0,1,0,0,0,0,0,0,0,4243,0,18953,9349,977,498,353,62273,173,35,24,56912,41390,479,0,0,0,0,0,0,0,0,0,0,1,0,0,0,0,1,0,0,0,0,0,0,149,0,0,0,0,0,0,0,0,0,0,0,0,0,3,0,0,4,2,0,0,0,0,73628,0,45,77575,1,0,18251,360,0,0
MI,26061,123,0,0,1,48,0,0,0,0,0,0,6,0,16,0,0,0,1,563,0,0,0,0,0,0,0,5,17184,0,0,0,0,1,0,0,0,0,0,0,0,0,360,0,0,0,0,2,0,0,1345,0,0,0,0,0,0,0,0,0,0,0,0,19545,0,12282,6549,2297,1079,967,354384,66184,86403,750,9305,82934,4178,0,0,0,0,0,0,0,0,0,0,0,0,0,0,0,0,0,0,0,0,0,0,0,0,0,0,0,0,0,0,0,0,0,0,0,0,0,0,0,0,0,0,0,0,0,123,0,1,48,6,0,0,563,0,0
MI,26063,117468,0,0,140,51581,0,0,0,0,0,0,159,0,0,66009,0,0,149,732,0,0,0,0,0,0,0,26460,1624,0,0,59495,64789,375,0,0,0,0,0,0,276,0,1,0,0,0,0,5,3,87,163,0,0,0,0,9,0,0,0,0,0,0,0,1049,0,19047,15208,1778,575,526,30889,429,169,75,25582,47166,3103,0,2,4,1,0,0,0,0,0,0,0,0,0,0,0,0,0,0,0,0,0,0,0,0,0,0,0,0,0,0,0,0,0,0,0,0,0,0,0,0,0,0,0,0,0,117468,0,140,51581,159,0,66009,732,0,0
MI,26065,62735,0,0,2,51327,6,0,0,158,6,4,1,0,1,19789,0,0,11,354,0,286,0,0,0,0,0,13486,534,0,0,21,21,26,0,0,0,0,0,4,7,0,1,2,0,0,14,15,131,1,710,0,0,1,0,2,0,0,0,0,0,0,0,2011,0,25415,27178,11080,4773,280,37579,636,63,14,54299,45429,469,0,0,0,0,0,0,0,0,0,0,0,0,0,0,0,0,0,0,0,0,0,0,1,0,0,0,0,0,0,0,0,0,0,0,0,0,0,0,0,1,0,0,0,0,0,62735,0,2,51327,1,0,19789,354,0,0
MI,26067,92828,0,0,4,60226,0,0,0,1,0,1,18,0,0,17788,0,0,44,635,0,2,0,0,0,0,0,24913,3332,0,0,361,596,88,0,0,0,0,0,89,929,0,14,0,0,0,99,42,51,0,950,12,0,385,1,0,0,0,0,0,0,0,0,4602,0,19667,7639,1596,583,146,57353,1327,69,60,41595,33091,139,0,1,0,3,0,0,0,0,0,0,0,0,0,0,0,6,4,0,0,0,0,0,0,0,0,0,0,0,0,0,0,0,0,0,0,3,0,0,12,47,0,0,0,0,0,92828,0,4,60226,18,0,17788,635,0,0
MI,26069,6299,0,0,145,2812,0,0,0,1,0,0,36,0,0,3522,0,0,91,887,0,0,0,0,0,0,0,8823,8070,0,0,567,1492,51,0,0,0,0,0,0,322,0,1,0,0,0,0,11,13,50,1175,0,0,0,0,0,0,0,0,0,0,0,0,12024,0,21756,9265,2232,718,650,60785,95308,9383,840,24200,86805,4195,0,4,1,0,0,0,0,0,0,0,0,0,0,0,0,0,0,0,0,0,0,0,0,0,0,0,0,0,0,0,0,0,0,0,0,0,0,0,0,0,0,0,0,0,0,6299,0,145,2812,36,0,3522,887,0,0
MI,26071,59,0,0,448,5,0,0,0,0,0,0,196,0,181,2,0,0,55,78,2,0,0,0,0,0,0,122,13219,0,0,0,0,325,0,0,0,0,0,0,0,0,7,0,0,0,0,153,0,0,118,0,0,0,0,0,0,0,0,0,0,0,0,27765,0,22798,3036,287,190,126,354311,58688,52948,621,11553,222464,5279,0,0,0,0,0,0,0,0,0,0,0,0,0,0,0,0,0,0,0,0,0,0,0,0,0,0,0,0,0,0,0,0,0,0,0,0,0,0,0,0,0,0,0,0,0,59,0,448,5,196,0,2,78,0,0
MI,26073,50243,0,0,125,43977,0,0,0,1,0,1,256,0,0,25089,0,0,98,928,0,2,2,0,0,0,0,28954,10503,0,0,1290,4123,1719,0,0,0,0,0,1,250,0,408,0,0,0,5,10,0,1,11056,2,0,6,0,151,0,0,0,0,0,0,0,2696,0,18274,10344,2276,1011,114,67224,4394,248,1742,34914,46306,998,0,6,3,1,0,0,0,0,0,0,0,0,0,0,0,0,1,0,0,0,0,0,0,0,0,0,0,0,0,0,0,0,0,0,0,0,0,0,0,0,0,0,0,0,0,50243,0,125,43977,256,0,25089,928,0,0
MI,26075,66962,0,0,7,40934,2,0,0,2,14,0,0,0,1,12517,0,0,34,343,0,56,0,0,0,0,0,21448,3804,0,0,1,11,96,0,0,0,0,0,39,6,0,0,6,0,0,2,14,309,1,674,0,0,16,0,4,0,0,0,0,0,0,0,10055,0,30984,18791,5132,2522,556,84093,896,153,33,67933,93001,1653,0,1,0,0,0,0,0,0,0,0,0,0,0,0,0,3,0,0,0,0,0,0,0,0,0,0,0,0,0,0,0,0,0,0,0,0,1,0,0,0,1,0,0,0,0,66962,0,7,40934,0,0,12517,343,0,0
MI,26077,64669,0,0,17,24043,1,0,0,50,1,0,2,0,0,7622,0,0,63,242,0,0,0,0,0,0,0,12219,2867,0,0,0,1356,211,0,0,0,0,134,20,56,0,0,0,0,0,1,28,549,0,304,334,25,187,1477,2,0,0,0,0,0,0,0,10703,0,35386,26622,8384,4390,167,81971,1689,367,66,38962,45318,787,0,0,1,6,0,0,0,0,0,0,2,0,0,0,0,1,31,0,0,0,0,0,0,0,0,0,0,0,0,0,0,0,0,0,0,46,0,0,12,0,0,0,0,0,0,64669,0,17,24043,2,0,7622,242,0,0
MI,26079,1398,0,0,21,26,3,0,0,0,0,0,66,0,0,1327,0,0,1390,98,0,0,0,0,0,1,0,6256,681,0,0,0,940,1133,0,0,0,0,0,0,3,0,0,0,0,0,0,9,6,0,248,118,0,3,0,325,0,0,0,0,0,0,0,5679,0,18747,4460,685,206,402,146960,55081,6633,7849,53749,49201,1528,0,40,0,0,0,0,0,0,0,0,0,0,0,0,0,0,0,0,0,0,0,0,0,0,0,0,0,0,0,0,0,0,0,0,0,0,0,0,0,0,0,0,0,0,0,1398,0,21,26,66,0,1327,98,0,0
MI,26081,55554,0,0,9,18995,0,0,0,6,0,0,19,0,0,9820,0,0,111,1043,0,10,0,0,0,0,0,20865,5498,0,0,30,1713,552,0,0,0,0,1,77,244,0,31,0,0,0,16,355,517,1,810,361,16,10811,1,1,0,0,0,0,0,0,0,10774,0,72820,60316,25771,13601,428,125305,5573,522,374,66856,47593,422,0,1,67,2,0,0,0,0,0,0,0,0,0,0,0,3,32,0,0,0,0,0,2,0,0,0,0,0,0,0,0,0,0,0,0,43,0,0,83,2,0,0,0,0,0,55554,0,9,18995,19,0,9820,1043,0,0
MI,26083,1,0,0,1,22,0,0,0,0,0,0,0,0,0,0,0,0,0,0,0,0,0,0,0,0,0,15,192,0,0,0,0,0,0,0,0,0,0,0,0,0,2,0,0,0,0,0,0,0,33,0,0,0,0,0,0,0,0,0,0,0,0,16132,0,6396,1185,213,46,584,134498,39421,72407,1639,457,80640,1824,0,0,0,0,0,0,0,0,0,0,0,0,0,0,0,0,0,0,0,0,0,0,0,0,0,0,0,0,0,0,0,0,0,0,0,0,0,0,0,0,0,0,0,0,0,1,0,1,22,0,0,0,0,0,0
MI,26085,2623,0,0,6,158,0,0,0,0,0,0,0,0,0,543,0,0,69,179,0,0,1,0,0,0,0,5796,1460,0,0,2,71,16,0,0,0,0,0,3,18,0,1,0,0,0,4,36,0,1,335,76,8,7,0,76,0,0,0,0,0,0,0,4057,0,15991,2415,206,50,143,176207,54465,33789,7853,25860,32490,2697,0,6,1,10,0,0,0,0,0,0,0,0,0,0,0,0,12,0,0,0,0,0,2,0,0,0,0,0,0,0,0,0,0,0,0,4,0,0,0,0,0,0,0,0,0,2623,0,6,158,0,0,543,179,0,0
MI,26087,47657,0,0,12,48294,1,0,0,12,1,0,49,0,0,15076,0,0,39,290,0,1,0,0,0,0,0,18431,1295,0,0,1984,2281,21,0,0,0,0,0,149,50,0,0,0,0,0,2,15,24,0,1452,0,1,0,0,18,0,0,0,0,11,0,0,5874,0,22609,10086,1976,714,553,106759,2676,675,35,91021,41309,1848,0,10,923,10,0,0,0,0,0,0,0,0,0,0,0,0,0,0,0,0,0,0,9,0,0,0,0,0,0,0,0,0,0,0,0,0,0,0,0,0,0,0,0,0,0,47657,0,12,48294,49,0,15076,290,0,0
MI,26089,3036,0,0,10,33,3,0,0,14,0,0,30,0,0,415,0,0,404,359,0,0,0,0,0,0,0,7455,43,0,0,0,6,11,0,0,0,0,0,0,3,0,0,0,0,0,1,0,324,0,2851,25410,5,1142,72,79,0,0,0,0,0,20,0,18539,0,10552,6355,731,117,5593,97653,7931,2054,894,24637,18367,987,0,0,0,2,0,0,0,0,0,0,0,0,0,0,12,4,1,0,0,0,0,0,2,0,0,0,0,0,0,0,0,0,0,0,0,0,0,0,0,0,0,0,0,0,0,3036,0,10,33,30,0,415,359,0,0
MI,26091,108977,0,0,86,109318,2,0,0,2,100,0,1,0,0,42732,0,0,4,259,0,289,0,0,0,0,0,20345,659,0,0,0,1,7,0,0,0,0,0,24,4,0,0,1067,0,0,2,32,672,1,1450,0,0,605,0,2,0,0,0,0,0,0,0,6653,0,24744,14448,3239,1496,447,49420,35,14,17,65576,32681,509,0,2,0,0,0,0,0,0,0,0,149,0,0,0,0,1,0,0,0,0,0,0,264,0,0,0,0,0,0,0,0,0,0,0,0,0,854,0,0,2,0,0,0,0,0,108977,0,86,109318,1,0,42732,259,0,0
MI,26093,25121,0,0,4,20895,117,0,0,131,3,0,4,0,9,11078,0,0,6,123,0,14,0,0,0,0,0,11709,265,0,0,9,64,14,0,0,0,0,0,4,3,0,2,1,0,0,3,31,230,1,820,0,1,4,0,1,0,0,0,0,0,0,0,10608,0,46430,23158,6382,2003,622,86864,2024,254,35,64889,58328,2407,0,0,6,0,0,0,0,0,0,0,0,0,0,0,0,3,0,0,0,0,0,0,3,0,0,0,0,0,0,0,0,0,0,0,0,0,0,0,1,0,0,0,0,0,0,25121,0,4,20895,4,0,11078,123,0,0
MI,26095,8,0,0,2,0,0,0,0,0,0,0,85,0,0,12,0,0,575,63,0,0,0,0,0,0,0,109,5099,0,0,0,3,487,0,0,0,0,0,0,0,0,0,0,0,0,0,0,2,0,290,0,0,0,0,0,0,0,0,0,0,0,0,12929,0,13420,2453,417,112,903,159506,63816,1021,1251,22211,280169,28323,0,0,0,0,0,0,0,0,0,0,0,0,0,0,0,0,0,0,0,0,0,0,0,0,0,0,0,0,0,0,0,0,0,0,0,0,0,0,0,0,0,0,0,0,0,8,0,2,0,85,0,12,63,0,0
MI,26097,209,0,0,18,2,0,0,0,0,0,0,22,0,0,187,0,0,37,253,0,0,0,0,0,0,0,1118,15733,0,0,0,9,28,0,0,0,0,0,0,1,0,0,0,0,0,0,19,180,0,1221,1,0,0,0,0,0,0,0,0,0,0,0,25108,0,16762,6998,1589,200,4284,168804,51969,3931,401,22132,334704,16726,0,84,0,0,0,0,0,0,0,0,0,0,0,0,0,0,0,0,0,0,0,0,0,0,0,0,0,0,0,0,0,0,0,0,0,0,0,0,0,0,0,0,0,0,0,209,0,18,2,22,0,187,253,0,0
MI,26099,16593,0,0,83,28966,5,0,0,565,1,0,1,0,0,5809,0,0,2,104,0,0,0,0,0,0,0,2522,1140,0,0,42,255,39,0,0,0,0,0,3,1,0,0,3,0,0,0,22,491,0,852,0,1,8,0,1,0,0,0,0,2,0,0,2232,0,41002,50775,54944,17147,650,41202,69,45,39,30731,12368,805,0,0,8,1,0,0,0,0,0,0,0,0,0,0,0,0,0,0,0,0,0,0,117,0,0,0,0,0,0,0,0,0,0,0,0,0,0,0,0,0,0,0,0,0,0,16593,0,83,28966,1,0,5809,104,0,0
MI,26101,5350,0,0,14,46,0,0,0,0,0,0,31,0,0,197,0,0,1004,217,0,0,0,0,0,0,0,7375,680,0,0,0,60,241,0,0,0,0,0,0,13,0,0,0,0,0,0,5,8,0,338,5609,29,1205,2,757,0,0,0,0,0,0,0,7657,0,17492,6691,1446,541,1879,162491,34251,11220,6745,44834,34307,3666,0,0,1,153,0,0,0,0,0,0,0,0,0,0,46,30,13,0,0,0,0,0,54,0,0,0,0,0,0,0,0,0,0,0,0,0,0,0,0,0,0,0,0,0,0,5350,0,14,46,31,0,197,217,0,0
MI,26103,474,0,0,73,16,0,0,0,0,0,0,211,0,6,23,0,0,23,467,192,0,0,0,0,0,0,3558,5297,0,0,2,0,158,0,0,0,0,0,0,0,0,1,0,0,0,0,42,8,0,622,0,0,0,0,0,0,0,0,0,0,0,0,32317,0,36408,10095,3549,1906,11171,425846,96353,152541,4969,24499,383788,1983,0,0,0,0,0,0,0,0,0,0,0,0,0,0,0,0,0,0,0,0,0,0,0,0,0,0,0,0,0,0,0,0,0,0,0,0,0,0,0,0,0,0,0,0,0,474,0,73,16,211,0,23,467,0,0
MI,26105,20309,0,0,60,3480,0,0,0,0,0,0,3,0,0,6100,0,0,367,99,0,0,0,0,0,0,0,17295,274,0,0,7,1067,2,0,0,0,0,0,36,43,0,0,0,0,0,3,527,0,0,427,5823,15,855,0,125,0,0,0,0,0,0,0,9275,0,16900,6741,1758,700,4629,114883,23238,10604,4940,33995,35464,3402,0,0,455,1024,0,0,0,0,0,0,1,0,0,0,225,4,1233,0,0,0,0,0,12,0,0,0,0,0,0,0,0,0,0,0,0,33,0,0,0,1,0,0,0,0,0,20309,0,60,3480,3,0,6100,99,0,0
MI,26107,30773,0,0,85,3398,0,0,0,0,0,0,51,0,1,4606,0,0,261,1256,0,5,8,0,0,0,0,34604,7546,0,0,132,2110,3861,0,0,0,0,0,1,314,0,378,0,0,0,1,215,1,1,1706,6,1,18,0,30,0,0,0,0,0,0,0,7766,0,17814,9119,1279,463,75,126436,14356,616,4000,46401,43239,2500,0,15,8,39,0,0,0,0,0,0,0,0,0,0,0,0,2,0,0,0,0,0,2,0,0,0,0,0,0,0,0,0,0,0,0,0,0,0,3,0,0,0,0,0,0,30773,0,85,3398,51,0,4606,1256,0,0
MI,26109,19933,0,0,824,1740,0,0,0,0,0,0,729,0,2,1003,0,0,453,852,9,0,0,0,0,0,0,26492,15380,0,0,4,0,16,0,0,0,0,0,0,1,0,0,0,0,0,0,128,56,0,1366,0,0,0,0,23,0,0,0,0,0,0,0,4179,0,24382,7699,1000,367,171,139860,13113,21066,356,16256,373213,2379,0,0,0,0,0,0,0,0,0,0,0,0,0,0,0,0,0,0,0,0,0,0,1,0,0,0,0,0,0,0,0,0,0,0,0,0,0,0,0,0,0,0,0,0,0,19933,0,824,1740,729,0,1003,852,0,0
MI,26111,27042,0,0,6,23844,2,0,0,0,58,2,1,0,0,7549,0,0,6,95,0,1,0,0,0,0,0,4101,5609,0,0,2948,2820,130,0,0,0,0,0,0,1037,0,7,0,0,0,1,3,51,167,1627,0,0,20,0,8,0,0,0,0,0,0,0,4040,0,18581,12589,3334,1901,26,114921,2008,164,1882,20889,78655,1702,0,0,1,5,0,0,0,0,0,0,0,0,0,0,0,0,0,0,0,0,0,0,0,0,0,0,0,0,0,0,0,0,0,0,0,0,0,0,0,0,0,0,0,0,0,27042,0,6,23844,1,0,7549,95,0,0
MI,26113,22044,0,0,172,120,0,0,0,0,0,0,8,0,0,683,0,0,431,613,0,0,1,0,0,0,0,34325,1239,0,0,1,570,144,0,0,0,0,0,0,11,0,2,0,0,0,0,430,0,0,473,10,1,2,0,5352,0,0,0,0,0,0,0,4484,0,14149,3746,453,120,260,133526,22595,3692,4823,36548,70669,5236,0,302,1,0,0,0,0,0,0,0,0,0,0,0,0,1,1,0,0,0,0,0,6,0,0,0,0,0,0,0,0,0,0,0,0,0,0,0,0,0,0,0,0,0,0,22044,0,172,120,8,0,683,613,0,0
MI,26115,72316,0,0,2,76620,1,0,0,2,5,0,0,0,0,31002,0,0,1,198,0,17,0,0,0,0,0,4549,28,0,0,70,92,438,0,0,0,0,0,5,0,0,0,2035,0,0,0,11,118,0,2682,0,1,219,0,1,0,0,0,0,0,0,0,3489,0,29990,25402,6846,2576,1712,43674,5,10,35,39701,8206,1364,0,113,2,0,0,0,0,0,0,0,109,0,0,0,0,0,0,0,0,0,0,0,120,0,0,0,0,0,0,0,0,0,0,0,0,0,1019,0,0,3,0,0,0,0,0,72316,0,2,76620,0,0,31002,198,0,0
MI,26117,74603,0,0,37,23928,0,0,0,2,0,5,4,0,1,23124,0,0,145,1469,0,11,2,0,0,0,0,31032,12633,0,0,723,8039,14993,0,0,0,0,0,13,389,0,1525,0,0,0,9,56,8,4,3633,38,0,230,0,30,0,0,0,0,0,0,0,7430,0,22855,12304,1590,662,242,96317,7377,574,1155,45324,67585,1269,0,10,90,4,0,0,0,0,0,0,0,0,0,0,0,3,1,0,0,0,0,0,2,0,0,0,0,0,0,0,0,0,0,0,0,2,0,0,2,0,0,0,0,0,0,74603,0,37,23928,4,0,23124,1469,0,0
MI,26119,2980,0,0,7,2540,0,0,0,0,0,0,55,0,0,1228,0,0,26,485,0,0,0,0,0,0,0,8128,1652,0,0,10,425,22,0,0,0,0,0,0,4,0,0,0,0,0,0,30,0,2,425,0,0,0,0,8,0,0,0,0,0,0,0,9054,0,19367,5794,403,66,66,153658,39966,8921,4131,26216,72063,2233,0,0,0,0,0,0,0,0,0,0,0,0,0,0,0,0,0,0,0,0,0,0,0,0,0,0,0,0,0,0,0,0,0,0,0,0,0,0,0,0,0,0,0,0,0,2980,0,7,2540,55,0,1228,485,0,0
MI,26121,20951,0,0,10,6255,0,0,0,0,0,0,2,0,0,4166,0,0,86,185,0,2,0,0,0,0,0,12932,1974,0,0,4,20,206,0,0,0,0,0,55,2845,0,9,0,0,0,10,4,0,0,123,599,81,3490,0,8,0,0,0,0,0,0,0,12395,0,31426,23656,7402,3340,1788,117883,17060,5203,1553,28944,27517,4758,0,0,108,141,0,0,0,0,0,0,3,0,0,0,0,0,86,0,0,0,0,0,8,0,0,0,0,0,0,0,0,0,0,0,0,187,0,0,1,0,2,0,0,0,0,20951,0,10,6255,2,0,4166,185,0,0
MI,26123,40964,0,0,8,5788,0,0,0,0,0,0,28,0,0,5617,0,0,86,820,0,26,0,0,0,0,0,26712,4296,0,0,10,309,426,0,0,0,0,0,915,532,0,10,0,0,0,125,67,0,1,466,512,27,2313,0,109,0,0,0,0,0,0,0,11198,0,19395,9106,1145,417,232,246832,44877,6165,5727,53699,57507,3539,0,3,622,247,0,0,0,0,0,0,13,0,0,0,0,0,369,0,0,0,0,0,19,0,0,0,0,0,0,0,0,0,0,0,0,36,0,0,1,0,1,0,0,0,0,40964,0,8,5788,28,0,5617,820,0,0
MI,26125,3841,0,0,11,4967,2,0,0,78,0,0,3,0,0,2798,0,0,2,30,0,0,0,0,0,0,0,3091,308,0,0,6,9,26,0,0,0,0,0,11,2,0,0,9,2,0,0,2,59,0,887,0,5,0,0,39,0,0,0,0,4,0,0,24758,0,121885,106854,53045,23954,2592,127406,1363,677,34,48495,50838,2376,0,0,24,0,0,0,0,0,0,0,0,0,0,0,0,0,0,0,0,0,0,0,89,0,0,0,0,0,0,0,0,0,0,0,0,0,0,0,0,0,0,0,0,0,0,3841,0,11,4967,3,0,2798,30,0,0
MI,26127,29979,0,0,0,3192,0,0,0,0,0,0,0,0,0,4200,0,0,435,194,0,0,0,0,0,0,0,14706,839,0,0,99,274,16,0,0,0,0,0,70,190,0,0,0,0,0,3,2,0,0,758,11806,365,6858,0,565,0,0,0,0,0,0,0,3480,0,15163,9710,1013,220,2540,131170,22962,1540,3434,41267,31047,2173,0,0,396,7160,0,0,0,0,0,218,54,0,0,0,0,0,1227,0,0,0,0,0,84,0,0,0,0,0,0,0,0,0,0,0,0,393,0,0,0,0,0,0,0,0,0,29979,0,0,3192,0,0,4200,194,0,0
MI,26129,13445,0,0,186,2638,0,0,0,0,0,0,76,0,0,5391,0,0,310,1290,0,1,0,0,0,0,0,26659,2297,0,0,391,882,55,0,0,0,0,0,0,31,0,0,0,0,0,0,13,3,22,1738,0,0,0,0,45,0,0,0,0,0,0,0,6950,0,20091,7815,761,264,125,135031,36412,5935,11743,26429,57368,3339,0,3,1,0,0,0,0,0,0,0,0,0,0,0,0,0,0,0,0,0,0,0,0,0,0,0,0,0,0,0,0,0,0,0,0,2,0,0,0,0,0,0,0,0,0,13445,0,186,2638,76,0,5391,1290,0,0
MI,26131,11,0,0,1,527,0,0,0,0,0,0,4,0,4,0,0,0,9,205,0,0,0,0,0,0,0,11,24429,0,0,0,0,1,0,0,0,0,0,0,0,0,324,0,0,0,0,3,0,0,3544,0,0,0,0,3,0,0,0,0,0,0,0,11284,0,16597,3541,534,185,4461,492925,85829,136992,675,9520,56680,1954,0,0,0,0,0,0,0,0,0,0,0,0,0,0,0,0,0,0,0,0,0,0,0,0,0,0,0,0,0,0,0,0,0,0,0,0,0,0,0,0,0,0,0,0,0,11,0,1,527,4,0,0,205,0,0
MI,26133,14860,0,0,64,1377,0,0,0,0,0,0,40,0,1,2678,0,0,218,761,0,2,14,0,0,0,0,43874,6489,0,0,8,582,241,0,0,0,0,0,2,65,0,20,0,0,0,0,368,0,0,1111,3,0,8,0,285,0,0,0,0,0,0,0,3071,0,16935,6823,888,295,171,143783,17419,1661,4139,45560,49712,3181,0,61,3,1,0,0,0,0,0,0,0,0,0,0,0,0,1,0,0,0,0,0,2,0,0,0,0,0,0,0,0,0,0,0,0,0,0,0,6,0,0,0,0,0,0,14860,0,64,1377,40,0,2678,761,0,0
MI,26135,987,0,0,20,493,0,0,0,0,0,0,4,0,0,706,0,0,72,169,0,0,0,0,0,0,0,6248,276,0,0,5,57,6,0,0,0,0,0,0,4,0,0,0,0,0,0,22,0,0,154,0,0,0,0,10,0,0,0,0,0,0,0,3962,0,20666,5443,330,54,10,119345,120153,13426,8670,29407,32866,2236,0,1,0,0,0,0,0,0,0,0,0,0,0,0,0,0,0,0,0,0,0,0,0,0,0,0,0,0,0,0,0,0,0,0,0,0,0,0,0,0,0,0,0,0,0,987,0,20,493,4,0,706,169,0,0
MI,26137,1008,0,0,8,1208,2,0,0,0,0,0,31,0,0,1940,0,0,58,370,0,0,0,0,0,0,0,6038,6752,0,0,1,477,108,0,0,0,0,0,0,0,0,0,0,0,0,0,71,0,0,1403,11,0,1,0,8,0,0,0,0,0,0,0,6587,0,21658,5942,1129,459,171,157486,37143,7065,4663,41857,31739,1225,0,1,23,0,0,0,0,0,0,0,0,0,0,0,0,0,0,0,0,0,0,0,0,0,0,0,0,0,0,0,0,0,0,0,0,0,0,0,0,0,0,0,0,0,0,1008,0,8,1208,31,0,1940,370,0,0
MI,26139,59354,0,0,7,20525,0,0,0,8,0,0,1,0,2,9192,0,0,408,187,0,3,0,0,0,0,0,15213,13309,0,0,16,32,91,0,0,0,0,2,78,689,0,20,0,0,0,12,30,699,8,2082,48,52,5410,3,36,0,0,0,0,0,0,0,8866,0,37233,36185,12585,4897,1758,61454,7863,2381,318,35748,24092,1107,0,0,8,27,0,0,0,0,0,0,0,0,0,0,0,1,571,0,0,0,0,0,192,0,0,0,0,0,0,0,0,0,0,0,0,6275,0,0,48,0,24,0,0,0,0,59354,0,7,20525,1,0,9192,187,0,0
MI,26141,7280,0,0,48,8785,0,0,0,0,0,0,93,0,0,6373,0,0,17,2364,0,0,0,0,0,0,0,16124,9013,0,0,17,679,1197,0,0,0,0,0,0,14,0,0,0,0,0,0,220,0,9,572,0,0,0,0,0,0,0,0,0,0,0,0,15861,0,15728,7342,1043,172,7152,89947,34153,4980,2184,25965,177441,3379,0,0,0,0,0,0,0,0,0,0,0,0,0,0,0,0,0,0,0,0,0,0,0,0,0,0,0,0,0,0,0,0,0,0,0,0,0,0,0,0,0,0,0,0,0,7280,0,48,8785,93,0,6373,2364,0,0
MI,26143,356,0,0,3,50,0,0,0,0,0,0,10,0,0,500,0,0,44,29,0,0,0,0,0,0,0,1692,229,0,0,2,28,2,0,0,0,0,0,2,3,0,0,0,0,0,0,26,0,0,323,0,0,0,0,88,0,0,0,0,0,0,0,36119,0,20900,9194,1185,323,163,117377,41159,7274,5323,26131,95026,7535,0,5,0,0,0,0,0,0,0,0,0,0,0,0,0,0,0,0,0,0,0,0,0,0,0,0,0,0,0,0,0,0,0,0,0,0,0,0,0,0,0,0,0,0,0,356,0,3,50,10,0,500,29,0,0
MI,26145,104070,0,0,5,99408,28,0,0,1,2,886,5,0,0,24794,0,0,61,220,0,1,0,0,0,0,0,6678,1853,0,0,16285,6208,777,0,0,0,0,0,2,4120,0,28,0,0,0,9,30,3704,7101,1164,0,0,14,0,16,0,0,0,0,0,0,0,5675,0,26845,33653,10762,4211,196,75639,1471,223,200,37629,45219,2842,0,2,6,1,0,0,0,0,0,0,0,0,0,0,0,0,1,0,0,0,0,0,0,0,0,0,0,0,0,0,0,0,0,0,0,0,0,0,0,10,0,0,0,0,0,104070,0,5,99408,5,0,24794,220,0,0
MI,26147,43875,0,0,12,72710,2,0,0,53,49,0,87,0,0,20413,0,0,5,237,0,1,0,0,0,0,0,8238,7358,0,0,2372,627,21,0,0,0,0,0,6,1,0,0,0,0,0,1,108,56,2,1552,0,0,2,0,0,0,0,0,0,0,0,0,2130,0,27382,21388,8358,2661,293,128856,1092,278,126,73287,31871,6888,0,1,143,10,0,0,0,0,0,0,0,0,0,0,0,0,0,0,0,0,0,0,169,0,0,0,0,0,0,0,0,0,0,0,0,0,0,0,0,0,0,0,40,0,0,43875,0,12,72710,87,0,20413,237,0,0
MI,26149,110066,0,0,1,42481,1,0,0,139,65,0,6,0,0,6521,0,0,187,293,0,0,0,0,0,0,0,13943,2342,0,0,0,939,5800,0,0,0,0,28,13,320,0,0,10,0,0,4,191,213,0,494,79,1,52,243,2,0,0,0,0,0,1,0,9915,0,15045,13504,1966,1007,99,46175,421,80,36,23099,36040,1496,0,0,177,15,0,0,0,0,0,0,0,0,0,0,0,0,11,0,0,0,0,0,0,0,0,0,0,0,0,0,0,0,0,0,0,10,0,0,19,0,0,0,0,0,0,110066,0,1,42481,6,0,6521,293,0,0
MI,26151,123767,0,0,18,124163,0,0,0,0,0,0,49,0,0,62288,0,0,195,1178,0,11,0,0,0,0,0,32410,3288,0,0,33896,21993,77,0,0,0,0,0,14,159,0,0,0,0,0,0,242,119,1,1043,0,0,2,0,3,0,0,0,0,0,0,0,714,0,22849,12207,1150,393,181,67501,2518,604,343,58461,42809,1744,0,274,44,7,0,0,0,0,0,0,0,0,0,0,0,0,0,0,0,0,0,0,0,0,0,0,0,0,0,0,0,0,0,0,0,0,0,0,0,0,0,0,1,0,0,123767,0,18,124163,49,0,62288,1178,0,0
MI,26153,61,0,0,1,1,2,0,0,0,0,0,24,0,4,270,0,0,3,212,0,0,0,0,0,0,0,2202,6752,0,0,0,402,123,0,0,0,0,0,0,1,0,0,0,0,0,0,0,23,0,1184,1,0,0,0,0,0,0,0,0,0,0,0,22873,0,17770,5784,852,200,2689,147256,70539,4198,851,36098,372608,88763,0,1,0,0,0,0,0,0,0,0,0,0,0,0,0,0,0,0,0,0,0,0,0,0,0,0,0,0,0,0,0,0,0,0,0,0,0,0,0,0,0,0,0,0,0,61,0,1,1,24,0,270,212,0,0
MI,26155,63685,0,0,5,81466,52,0,0,2,37,23,90,0,0,29189,0,0,103,471,0,4,0,0,0,0,0,14403,299,0,0,1685,711,20,0,0,0,0,0,2,48,0,12,1,0,0,23,201,64,33,1021,0,0,36,0,3,0,0,0,0,0,0,0,2471,0,14580,12690,2326,679,461,32382,553,46,14,52106,33715,400,0,8,1,1,0,0,0,0,0,0,0,0,0,0,0,0,0,0,0,0,0,0,0,0,0,0,0,0,0,0,0,0,0,0,0,0,1,0,2,0,0,0,0,0,0,63685,0,5,81466,90,0,29189,471,0,0
MI,26157,89724,0,0,14,69929,0,0,0,0,0,29,5,0,0,40881,0,0,214,724,0,141,0,0,0,0,0,16759,599,0,0,22532,31752,1462,0,0,0,0,0,4,2064,0,2,0,0,0,0,6,183,187,1477,0,0,6,0,0,0,0,0,0,0,0,0,1830,0,19637,14679,1613,584,103,100565,2748,480,79,55060,43210,1827,0,5,10,3,0,0,0,0,0,0,0,0,0,0,0,0,0,0,0,0,0,0,0,0,0,0,0,0,0,0,0,0,0,0,0,0,0,0,0,29,0,0,0,0,0,89724,0,14,69929,5,0,40881,724,0,0
MI,26159,64248,0,0,8,25056,0,0,0,16,0,0,1,0,0,3307,0,0,213,231,0,0,0,0,0,0,0,13403,5170,0,0,0,130,1186,0,0,0,0,218,33,1013,0,0,614,16,0,2,11,1002,0,224,3054,118,5844,5754,4,0,0,0,0,13,94,0,6376,0,24309,12700,2308,730,397,94406,1701,387,343,48087,66827,580,0,0,2,1366,0,0,0,0,0,0,405,0,0,0,15,16,476,0,0,0,0,0,191,0,0,0,0,0,0,0,0,0,0,0,0,5933,0,0,250,0,0,0,0,29,0,64248,0,8,25056,1,0,3307,231,0,0
MI,26161,46197,0,0,70,45965,56,0,0,82,10,0,0,0,0,20724,0,0,2,379,0,5,3,0,0,0,0,20108,278,0,0,1,37,54,0,0,0,0,0,8,2,0,0,2,0,0,0,62,2008,0,481,0,0,4,0,414,0,0,0,0,0,0,0,8568,0,46843,30997,13707,5173,894,92847,1065,135,28,74879,48190,2004,0,0,2,0,0,0,0,0,0,0,0,0,0,0,0,2,2,0,0,0,0,0,3,0,0,0,0,0,0,0,0,0,0,0,0,0,2,0,0,0,0,0,0,0,0,46197,0,70,45965,0,0,20724,379,0,0
MI,26163,3982,0,0,0,4967,3,0,0,13,0,0,0,0,0,1848,0,0,2,34,0,0,0,0,0,0,0,542,53,0,0,23,12,69,0,0,0,0,0,1,2,0,0,0,0,0,0,16,284,1,264,0,0,2,0,0,0,0,0,0,0,0,0,2905,0,59571,91236,116024,48731,1068,40101,19,9,32,14153,8294,762,0,0,4,2,0,0,0,0,0,0,0,0,0,0,0,0,0,0,0,0,0,0,2,0,0,0,0,0,0,0,0,0,0,0,0,0,0,0,0,1,0,0,0,0,0,3982,0,0,4967,0,0,1848,34,0,0
MI,26165,6579,0,0,38,343,0,0,0,0,0,0,21,0,0,510,0,0,415,497,0,0,0,0,0,0,0,13228,1036,0,0,0,228,80,0,0,0,0,0,0,17,0,0,0,0,0,0,219,28,0,501,194,2,57,2,2412,0,0,0,0,0,0,0,6698,0,19448,6813,1699,739,311,166124,54693,6424,4858,42907,29284,1817,0,51,234,4,0,0,0,0,0,0,0,0,0,0,1,2,1,0,0,0,0,0,0,0,0,0,0,0,0,0,0,0,0,0,0,0,0,0,0,0,0,0,0,0,0,6579,0,38,343,21,0,510,497,0,0
MN,27001,6105,0,0,2,7851,219,0,0,3,0,0,6,0,344,0,0,0,8,261,5,0,628,0,0,0,0,1830,34923,0,0,3,10,7,2716,0,0,0,0,0,0,0,29,0,0,0,0,103,12,0,1190,0,0,0,0,0,0,0,0,0,0,0,0,113399,0,28579,771,186,120,182,411022,7431,12005,11915,3752,458535,172688,0,0,0,0,0,0,0,0,0,0,0,0,0,0,0,0,0,0,0,0,0,0,0,0,0,0,0,0,0,0,0,0,0,0,0,0,0,0,0,0,0,0,0,0,0,6105,0,2,7851,6,0,0,261,0,0
MN,27003,9045,0,0,0,5952,0,0,0,4,0,0,0,0,28,5,0,0,419,20,0,0,0,0,0,0,0,3972,2744,0,0,2,2,0,24,0,0,9,0,0,0,0,43,0,0,0,0,0,1677,1,300,0,0,0,0,0,0,0,0,0,0,0,0,13975,0,21139,34347,13477,5478,299,74529,2655,7,225,10883,596,83597,0,0,0,0,0,0,0,0,0,0,0,0,0,0,0,0,2,0,0,0,0,0,3,0,0,0,0,0,0,0,0,0,0,0,0,0,0,0,0,0,0,0,0,0,0,9045,0,0,5952,0,0,5,20,0,0
MN,27005,70458,0,0,25,86308,26,0,0,2,0,0,72,0,24411,749,0,0,14,1493,11,0,14,0,0,0,0,24426,16687,0,2,6158,4320,3582,62,0,0,0,0,0,0,0,10,0,0,0,1,45,18,0,226,0,0,0,0,0,0,0,0,0,0,0,0,84133,0,32040,3023,588,411,844,385496,34286,1,5216,56485,9133,74093,0,0,0,0,0,0,0,0,0,0,0,0,0,0,0,0,0,0,0,0,0,0,0,0,0,0,0,0,0,0,0,0,0,0,0,0,0,0,0,0,0,0,0,0,0,70458,0,25,86308,72,0,749,1493,0,0
MN,27007,7032,0,0,4,17089,110,0,0,0,0,0,748,0,9938,9,0,0,66,1238,0,0,405,284,0,0,0,29376,18209,0,0,2,243,7,1361,0,0,0,0,0,0,0,113,0,0,0,1,78,183,0,496,0,0,0,0,0,0,0,0,0,0,0,0,350510,0,31201,3999,1303,683,549,377063,53668,2250,13656,12657,634897,386005,0,0,0,0,0,0,0,0,0,0,0,0,0,0,0,0,0,0,0,0,0,0,0,0,0,0,0,0,0,0,0,0,0,0,0,0,0,0,0,0,0,0,0,0,0,7032,0,4,17089,748,0,9,1238,0,0
MN,27009,72130,0,0,3,31009,5,0,0,24,0,0,2,0,705,7,0,0,1011,542,0,0,0,0,0,0,0,19153,8139,0,0,0,2055,2232,1,0,0,0,0,0,0,0,1,0,0,0,0,22,6,0,511,0,0,2,0,0,0,0,0,0,0,0,0,3336,0,13288,3003,1509,612,42,42790,1316,1,109,9816,665,50319,0,4,0,0,0,0,0,0,0,0,0,0,0,0,0,0,3,0,0,0,0,0,30,0,0,0,0,0,0,0,0,0,0,0,0,0,0,0,0,0,0,0,0,0,0,72130,0,3,31009,2,0,7,542,0,0
MN,27011,106188,0,0,0,108267,63,0,0,0,0,0,7,0,10657,19,0,0,0,8,0,0,0,0,0,0,0,1806,81,0,0,225,57,0,0,0,0,0,0,0,0,0,1,0,0,0,0,0,2,0,7,0,0,0,0,0,0,0,0,0,0,0,0,28600,0,15057,1608,417,89,475,3237,4,0,4,5200,1154,54731,0,0,0,0,0,0,0,0,0,0,0,0,0,0,0,0,0,0,0,0,0,0,0,0,0,0,0,0,0,0,0,0,0,0,0,0,0,0,0,0,0,0,0,0,0,106188,0,0,108267,7,0,19,8,0,0
MN,27013,204147,0,0,0,141326,0,0,0,1338,0,0,34,0,693,8,0,0,2,46,26,0,0,0,0,0,0,1212,374,0,1,15,2,0,0,0,0,0,0,0,0,0,1207,0,0,0,0,0,30,0,8,0,0,0,0,0,0,0,0,0,0,0,0,11918,0,28116,6848,2534,1185,2026,19255,8,1,396,20045,15383,31995,0,0,0,0,0,0,0,0,0,0,0,0,0,0,0,0,0,0,0,0,0,0,0,0,0,0,0,0,0,0,0,0,0,0,0,0,0,0,0,0,0,0,0,0,0,204147,0,0,141326,34,0,8,46,0,0
MN,27015,170916,0,0,0,110566,0,0,0,6980,0,0,142,0,1290,1,0,0,44,184,0,0,0,0,0,0,0,5021,324,0,0,860,47,3,0,0,0,0,0,0,0,0,4155,0,0,0,0,0,1,0,18,0,0,0,0,0,0,0,0,0,0,0,0,6666,0,17819,3736,1393,307,672,14625,4,2,79,9838,2327,37627,0,0,0,0,0,0,0,0,0,0,0,0,0,0,0,0,0,0,0,0,0,0,0,0,0,0,0,0,0,0,0,0,0,0,0,0,0,0,0,0,0,0,0,0,0,170916,0,0,110566,142,0,1,184,0,0
MN,27017,1701,0,0,24,407,1,0,0,0,0,0,1,0,0,0,0,0,0,151,0,0,11,0,0,0,0,1724,20933,0,0,0,0,0,601,0,0,0,0,0,0,0,0,0,0,0,0,223,0,0,81,0,0,0,0,13,0,0,0,0,0,0,0,10573,0,20636,2873,679,374,308,181885,20437,4845,17630,1710,227376,45088,0,0,0,0,0,0,0,0,0,0,0,0,0,0,0,0,0,0,0,0,0,0,3,0,0,0,0,0,0,0,0,0,0,0,0,0,0,0,0,0,0,0,0,0,0,1701,0,24,407,1,0,0,151,0,0
MN,27019,64835,0,0,1,36532,0,0,0,145,0,0,20,0,481,45,0,0,11,135,0,0,0,0,0,0,0,8777,4435,0,1,7,13,8,1,0,0,0,0,0,0,0,334,0,0,0,0,0,46,0,51,0,0,6,0,0,0,0,0,0,0,0,0,13276,0,13815,10184,3744,761,536,30173,66,4,6364,12064,449,33341,0,0,0,0,0,0,0,0,0,0,0,0,0,0,0,0,0,0,0,0,0,0,1,0,0,0,0,0,0,0,0,0,0,0,0,0,0,0,0,0,0,0,0,0,0,64835,0,1,36532,20,0,45,135,0,0
MN,27021,11528,0,0,0,2465,25,0,0,0,0,0,23,0,236,2,0,0,54,318,0,0,2,0,0,0,0,4671,53616,0,0,0,166,93,12,0,0,0,0,0,0,0,0,0,0,0,0,218,16,0,113,0,0,0,0,0,0,0,0,0,0,0,0,248705,0,30512,2020,379,179,282,715064,62591,13970,26265,17953,222583,131019,0,0,0,0,0,0,0,0,0,0,0,0,0,0,0,0,0,0,0,0,0,0,0,0,0,0,0,0,0,0,0,0,0,0,0,0,0,0,0,0,0,0,0,0,0,11528,0,0,2465,23,0,2,318,0,0
MN,27023,166163,0,0,0,90102,21,0,0,1796,0,0,1,0,1595,0,0,0,2,91,0,0,1,0,0,0,0,2607,259,0,0,30456,3413,2,0,0,0,0,0,0,0,0,620,0,0,0,0,0,0,0,24,0,0,0,0,0,0,0,0,0,0,0,0,4806,0,16917,2719,519,171,477,4434,2,0,17,5437,2061,41458,0,0,0,0,0,0,0,0,0,0,0,0,0,0,0,0,0,0,0,0,0,0,0,0,0,0,0,0,0,0,0,0,0,0,0,0,0,0,0,0,0,0,0,0,0,166163,0,0,90102,1,0,0,91,0,0
MN,27025,35054,0,0,0,26643,0,0,0,13,0,0,0,0,129,1,0,0,236,136,0,0,3,0,0,0,0,7066,7443,0,0,0,0,0,55,0,0,4,0,0,0,0,18,0,0,0,0,21,563,4,699,0,0,0,0,3,0,0,0,0,0,0,0,16375,0,13415,5449,1464,486,109,69381,2194,51,2242,29881,6366,57652,0,0,0,0,0,0,0,0,0,0,0,0,0,0,0,0,1,0,0,0,0,0,0,0,0,0,0,0,0,0,0,0,0,0,0,0,0,0,0,0,0,0,0,0,0,35054,0,0,26643,0,0,1,136,0,0
MN,27027,155700,0,0,0,190374,931,0,0,0,0,0,429,0,61589,453,0,0,42,82,137,0,2,0,0,0,0,11453,10697,0,0,44612,47,14,2,0,0,0,0,0,0,0,0,0,0,0,0,0,99,0,484,0,0,0,0,0,0,0,0,0,0,0,0,14595,0,31762,8898,2315,641,365,23203,529,1,28,21347,13148,79777,0,0,0,0,0,0,0,0,0,0,0,0,0,0,0,0,0,0,0,0,0,0,0,0,0,0,0,0,0,0,0,0,0,0,0,0,0,0,0,0,0,0,0,0,0,155700,0,0,190374,429,0,453,82,0,0
MN,27029,7018,0,0,8,19438,459,0,0,0,0,0,67,0,6490,176,0,0,14,358,1,0,64,0,0,0,0,42037,10890,0,0,2,36,248,2993,0,0,0,0,0,0,0,143,0,0,0,241,314,94,0,129,0,0,0,0,0,0,0,0,0,0,0,0,20432,0,16891,878,123,93,117,306855,27864,3,7125,32976,63195,91242,0,19,0,0,0,0,0,0,0,0,0,0,0,0,0,0,0,0,0,0,0,0,0,0,0,0,0,0,0,0,0,0,0,0,0,0,0,0,0,0,0,0,0,0,0,7018,0,8,19438,67,0,176,358,0,0
MN,27031,0,0,0,0,0,0,0,0,0,0,0,0,0,0,0,0,0,0,0,0,0,0,0,0,0,0,0,0,0,0,0,0,0,0,0,0,0,0,0,0,0,0,0,0,0,0,0,0,0,0,0,0,0,0,0,0,0,0,0,0,0,0,95208,0,15503,1073,344,37,103,246959,262772,189908,43625,736,169669,1269,0,0,0,0,0,0,0,0,0,0,0,0,0,0,0,0,0,0,0,0,0,0,0,0,0,0,0,0,0,0,0,0,0,0,0,0,0,0,0,0,0,0,0,0,0,0,0,0,0,0,0,0,0,0,0
MN,27033,178869,0,0,0,143233,0,0,0,463,0,0,0,0,799,1,0,1,4,234,0,0,0,0,0,0,0,2524,268,0,0,255,11,1,5,0,0,0,0,0,0,0,256,0,0,0,0,0,0,223,5,0,0,0,0,0,0,0,0,0,0,0,0,6318,0,19752,2000,651,120,411,2734,0,352,8,33873,135,21569,0,0,0,0,0,0,0,0,0,0,0,0,0,0,0,0,0,0,0,0,0,0,0,0,0,0,0,0,0,0,0,0,0,0,0,0,0,0,0,0,0,0,0,0,0,178869,0,0,143234,0,0,2,234,0,0
MN,27035,14114,0,0,0,3502,57,0,0,2,0,0,5,0,343,1,0,0,654,525,4,0,1,0,0,0,0,4492,28478,0,6,0,32,3,87,0,0,0,0,0,0,0,3,0,0,0,0,146,4,0,410,0,0,0,0,0,0,0,0,0,0,0,0,100683,0,28463,3421,669,492,251,322150,7174,700,5935,14174,112572,90714,0,0,0,0,0,0,0,0,0,0,0,0,0,0,0,0,0,0,0,0,0,0,0,0,0,0,0,0,0,0,0,0,0,0,0,0,0,0,0,0,0,0,0,0,0,14114,0,0,3502,5,0,1,525,0,0
MN,27037,84117,0,0,7,51819,0,0,0,2152,0,0,25,0,474,150,0,0,27,277,5,0,0,0,0,0,0,5272,1644,0,0,0,117,440,701,0,0,109,0,0,0,0,11339,0,0,0,0,0,635,0,211,0,0,0,0,0,0,0,0,0,0,0,0,12177,0,31001,35055,22084,8771,771,42729,496,5,947,44483,4750,12426,0,1,0,0,0,0,0,0,0,0,0,0,0,0,0,0,0,0,0,0,0,0,0,0,0,0,0,0,0,0,0,0,0,0,0,0,0,0,0,0,0,0,0,0,0,84117,0,7,51819,25,0,150,277,0,0
MN,27039,91508,0,0,38,89796,0,0,0,4649,0,0,3,0,99,0,0,0,19,82,5,0,0,0,0,0,0,3675,402,0,0,0,16,0,9,0,0,0,0,0,0,0,5471,0,0,0,0,0,2,0,9,0,0,0,0,0,0,0,0,0,0,0,0,257,0,16456,3549,779,233,96,12935,19,0,5,49718,1001,497,0,0,0,0,0,0,0,0,0,0,0,0,0,0,0,0,1,0,0,0,0,0,0,0,0,0,0,0,0,0,0,0,0,0,0,0,0,0,0,0,0,0,0,0,0,91508,0,38,89796,3,0,0,82,0,0
MN,27041,81459,0,0,41,77435,85,0,0,9,0,0,77,0,10157,11,0,0,90,969,2,0,19,0,0,0,0,16569,6307,0,6,280,882,129,2,0,0,0,0,0,0,0,51,0,0,0,0,6,4,0,175,0,0,0,0,0,0,0,0,0,0,0,0,57452,0,24783,3945,479,559,629,66279,317,4,610,64426,301,46199,0,0,0,0,0,0,0,0,0,0,0,0,0,0,0,0,0,0,0,0,0,0,0,0,0,0,0,0,0,0,0,0,0,0,0,0,0,0,0,0,0,0,0,0,0,81459,0,41,77435,77,0,11,969,0,0
MN,27043,211283,0,0,0,160770,0,0,0,5081,0,0,1,0,53,6,0,0,78,169,10,0,0,0,0,0,0,1445,418,0,14,6,4,3,5,0,0,0,0,0,0,0,3912,0,0,0,0,0,22,0,4,0,0,0,0,0,0,0,0,0,0,0,0,5596,0,26366,3340,765,217,228,5075,3,10,22,18065,10334,8694,0,0,0,0,0,0,0,0,0,0,0,0,0,0,0,0,0,0,0,2,0,0,0,0,0,0,0,0,0,0,0,0,0,0,8,0,0,0,0,0,0,0,0,0,0,211293,0,0,160778,1,0,8,169,0,0
MN,27045,138243,0,0,149,68127,0,0,0,1165,0,0,28,0,31,79,0,0,64,594,26,0,0,0,0,0,0,24208,2039,0,0,0,1,0,2,0,0,0,0,0,0,0,1403,0,0,0,0,0,10,0,48,0,0,1,0,0,0,0,0,0,0,0,0,1077,0,20200,8371,807,191,64,123393,243,0,14,160655,321,236,0,0,0,0,0,0,0,0,0,0,0,0,0,0,0,0,0,0,0,0,0,0,0,0,0,0,0,0,0,0,0,0,0,0,0,0,0,0,0,0,2,0,0,0,0,138243,0,149,68127,28,0,79,594,0,0
MN,27047,167838,0,0,7,119521,0,0,0,9353,0,0,8,0,197,8,0,0,51,107,4,0,0,0,0,0,0,3005,291,0,38,0,8,252,1,0,0,0,0,0,0,0,16687,0,0,0,0,0,47,0,43,0,0,1,0,0,0,0,0,0,0,0,0,12486,0,31783,4913,1683,459,105,10168,6,6,18,70690,3320,9295,0,4,0,0,0,0,0,0,0,0,0,0,0,0,0,0,0,0,0,2,0,0,0,0,0,0,0,0,0,0,0,0,0,0,1,0,0,0,0,0,0,0,0,0,0,167841,0,7,119522,8,0,10,107,0,0
MN,27049,137665,0,0,36,79296,0,0,0,2832,0,0,90,0,147,0,0,0,58,496,18,0,0,0,0,0,0,10334,1170,0,0,0,0,0,35,0,0,1,0,0,0,0,3671,0,0,0,0,0,27,0,13,0,0,1,0,0,0,0,0,0,0,0,0,15289,0,23691,7516,1747,779,267,86739,141,1,26,115409,9122,2776,0,2,0,0,0,0,0,0,0,0,0,0,0,0,0,0,1,0,0,0,0,0,0,0,0,0,0,0,0,0,0,0,0,0,0,0,0,0,0,0,0,0,0,0,0,137665,0,36,79296,90,0,0,496,0,0
MN,27051,133143,0,0,5,96519,148,0,0,106,0,0,493,0,11663,18,0,0,0,13,1,0,2,0,0,0,0,2229,338,0,1,11771,1391,11,5,0,0,0,0,0,0,0,0,0,0,0,0,8,0,0,119,0,0,0,0,0,0,0,0,0,0,0,0,24325,0,17161,1516,197,77,318,10213,222,1,49,15154,474,40463,0,0,0,0,0,0,0,0,0,0,0,0,0,0,0,0,0,0,0,0,0,0,0,0,0,0,0,0,0,0,0,0,0,0,0,0,0,0,0,0,0,0,0,0,0,133143,0,5,96519,493,0,18,13,0,0
MN,27053,15929,0,0,2,13173,0,0,0,48,0,0,1,0,365,31,0,0,17,48,0,0,0,0,0,0,0,4245,4437,0,0,0,4,2,2,0,0,0,0,0,0,0,167,0,0,0,0,0,92,0,157,0,0,17,0,0,0,0,0,0,0,0,0,31393,0,43801,87186,42524,25802,1113,55467,287,4,4548,16058,435,40976,0,0,0,0,0,0,0,0,0,0,0,0,0,0,0,0,1,0,0,0,0,0,0,0,0,0,0,0,0,0,0,0,0,0,0,0,0,0,0,0,0,0,0,0,0,15929,0,2,13173,1,0,31,48,0,0
MN,27055,36556,0,0,48,22006,0,0,0,4,0,0,7,0,0,8,0,0,9,100,0,0,0,0,0,0,0,10858,142,0,0,0,10,0,0,0,0,0,0,0,0,0,177,0,0,0,0,0,53,0,99,0,0,2,2,0,0,0,0,0,0,0,0,10703,0,10839,4355,525,127,68,164512,487,5,11,86049,9055,7268,0,0,0,0,0,0,0,0,0,0,0,0,0,0,0,0,0,0,0,0,0,0,0,0,0,0,0,0,0,0,0,0,0,0,0,0,0,0,0,0,0,0,0,0,0,36556,0,48,22006,7,0,8,100,0,0
MN,27057,13945,0,0,0,3813,59,0,0,0,0,0,100,0,866,8,0,0,21,854,1,0,6,0,0,0,0,8283,17482,0,2,2,7290,3589,0,0,0,0,0,0,0,0,0,0,0,0,1,22,4,0,166,0,0,0,0,0,0,0,0,0,0,0,0,45222,0,18472,1910,270,199,682,355786,71794,13,14786,16623,20398,36913,0,0,0,0,0,0,0,0,0,0,0,0,0,0,0,0,0,0,0,0,0,0,0,0,0,0,0,0,0,0,0,0,0,0,0,0,0,0,0,0,0,0,0,0,0,13945,0,0,3813,100,0,8,854,0,0
MN,27059,50358,0,0,0,26663,0,0,0,7,0,0,0,0,226,14,0,0,579,138,17,0,1,0,0,0,0,6441,5419,0,0,0,2,2,10,0,0,0,0,0,0,0,0,0,0,0,0,3,48,342,721,0,0,0,0,14,0,0,0,0,0,0,0,8590,0,10614,4986,875,345,64,68607,4842,28,835,14840,4918,78634,0,0,0,0,0,0,0,0,0,0,0,0,0,0,0,0,0,0,0,0,0,0,0,0,0,0,0,0,0,0,0,0,0,0,0,0,0,0,0,0,0,0,0,0,0,50358,0,0,26663,0,0,14,138,0,0
MN,27061,1155,0,0,0,1806,4,0,0,1,0,0,83,0,558,0,0,0,2,184,1,0,63,0,0,0,0,2694,6963,0,0,0,2,14,148,0,0,0,0,0,0,0,0,0,0,0,0,250,6,0,111,0,0,0,0,0,0,0,0,0,0,0,0,182708,0,50480,4226,1144,620,4473,614587,76429,150170,59773,7758,613645,94095,0,0,0,0,0,0,0,0,0,0,0,0,0,0,0,0,0,0,0,0,0,0,0,0,0,0,0,0,0,0,0,0,0,0,0,0,0,0,0,0,0,0,0,0,0,1155,0,0,1806,83,0,0,184,0,0
MN,27063,196700,0,0,0,166128,1,0,0,340,0,0,1,0,212,0,0,0,3,50,0,0,0,0,0,0,0,880,338,0,0,79,5,0,5,0,0,0,0,0,0,0,31,0,0,0,0,0,0,10,2,0,0,0,0,0,0,0,0,0,0,0,0,11954,0,22372,2723,1029,147,187,2014,2,7675,27,27196,282,20028,0,0,0,0,0,0,0,0,0,0,0,0,0,0,0,0,0,0,0,0,0,0,0,0,0,0,0,0,0,0,0,0,0,0,0,0,0,0,0,0,0,0,0,0,0,196700,0,0,166128,1,0,0,50,0,0
MN,27065,22648,0,0,3,11709,2,0,0,1,0,0,0,0,1189,14,0,0,60,253,6,0,2,0,0,0,0,10296,28898,0,0,0,2,6,5,0,0,0,0,0,0,0,0,0,0,0,0,52,1,0,253,0,0,0,0,4,0,0,0,0,0,0,0,6201,0,11510,2046,275,144,40,139685,760,93,2399,10264,26161,66682,0,0,0,0,0,0,0,0,0,0,0,0,0,0,0,0,0,0,0,0,0,0,0,0,0,0,0,0,0,0,0,0,0,0,0,0,0,0,0,0,0,0,0,0,0,22648,0,3,11709,0,0,14,253,0,0
MN,27067,191255,0,0,8,87835,0,0,0,5047,0,0,24,0,2498,1,0,0,50,793,0,0,1,0,0,0,0,14538,3339,0,0,12517,3118,294,0,0,0,0,0,0,0,0,1927,0,0,0,0,2,1,0,59,0,0,18,0,0,0,0,0,0,0,0,0,45272,0,20574,10207,1478,642,1883,42959,313,1,2226,42397,1442,59074,0,0,0,0,0,0,0,0,0,0,0,0,0,0,0,0,0,0,0,0,0,0,0,0,0,0,0,0,0,0,0,0,0,0,1,0,0,0,0,0,0,0,0,0,0,191256,0,8,87836,24,0,1,793,0,0
MN,27069,24785,0,0,0,133707,3311,0,0,0,0,0,2986,0,123721,6318,0,0,296,611,2,0,4441,195,0,0,0,10927,64268,0,0,28854,1325,36,0,0,0,0,0,0,0,0,0,0,0,0,0,2,707,0,6822,0,0,0,0,0,0,0,0,0,0,0,0,33966,0,27542,4588,224,15,10,75110,123,101,4298,919,15006,130590,0,0,0,0,0,0,0,0,0,0,0,0,0,0,0,0,0,0,0,0,0,0,0,0,0,0,0,0,0,0,0,0,0,0,0,0,0,0,0,0,0,0,0,0,0,24785,0,0,133707,2986,0,6318,611,0,0
MN,27071,1714,0,0,0,2294,3,0,0,0,0,0,77,0,1045,0,0,0,2,110,0,0,33,0,0,0,0,3368,5538,0,0,1,2,1,162,0,0,0,0,0,0,0,14,0,0,0,0,36,415,0,261,0,0,0,0,0,0,0,0,0,0,0,0,36499,0,17169,4632,539,500,305,291413,11139,44930,14002,4764,1413049,164171,0,0,0,0,0,0,0,0,0,0,0,0,0,0,0,0,0,0,0,0,0,0,0,0,0,0,0,0,0,0,0,0,0,0,0,0,0,0,0,0,0,0,0,0,0,1714,0,0,2294,77,0,0,110,0,0
MN,27073,184030,0,0,0,163062,10,0,0,2,0,0,99,0,4019,8,0,0,0,11,0,0,10,0,0,0,0,4418,484,0,0,459,23,1,0,0,0,0,0,0,0,0,1,0,0,0,0,0,0,0,4,0,0,0,0,0,0,0,0,0,0,0,0,10688,0,21910,1587,364,77,451,5561,3,0,0,6791,2363,91414,0,0,0,0,0,0,0,0,0,0,0,0,0,0,0,0,0,0,0,0,0,0,0,0,0,0,0,0,0,0,0,0,0,0,0,0,0,0,0,0,0,0,0,0,0,184030,0,0,163062,99,0,8,11,0,0
MN,27075,1,0,0,0,0,0,0,0,0,0,0,0,0,0,0,0,0,0,0,0,0,0,0,0,0,0,16,30,0,0,0,0,0,0,0,0,0,0,0,0,0,0,0,0,0,0,0,0,0,0,0,0,0,0,0,0,0,0,0,0,0,0,124875,0,22363,1724,469,172,578,249064,278421,233277,51290,2063,494331,6155,0,0,0,0,0,0,0,0,0,0,0,0,0,0,0,0,0,0,0,0,0,0,0,0,0,0,0,0,0,0,0,0,0,0,0,0,0,0,0,0,0,0,0,0,0,1,0,0,0,0,0,0,0,0,0
MN,27077,2021,0,0,0,18883,147,0,0,0,0,0,1811,0,9693,3,0,0,2,144,5,0,230,0,0,0,0,3342,3841,0,77,2,34,6,357,0,0,0,0,0,0,0,16,0,0,0,8,285,1980,0,1923,0,0,0,0,0,0,0,0,0,0,0,0,305361,0,10248,567,83,60,275,8714,2705,2,1348,2783,540863,218110,0,0,0,0,0,0,0,0,0,0,0,0,0,0,0,0,0,0,0,0,0,0,0,0,0,0,0,0,0,0,0,0,0,0,0,0,0,0,0,0,0,0,0,0,0,2021,0,0,18883,1811,0,3,144,0,0
MN,27079,95713,0,0,4,74300,0,0,0,1036,0,0,41,0,605,57,0,0,3,135,2,0,0,0,0,0,0,3443,3896,0,0,0,13,6,0,0,0,0,0,0,0,0,1424,0,0,0,0,0,24,0,12,0,0,7,0,0,0,0,0,0,0,0,0,16545,0,10501,5359,892,226,2540,28589,22,0,3332,23432,887,30257,0,0,0,0,0,0,0,0,0,0,0,0,0,0,0,0,0,0,0,3,0,0,0,0,0,0,0,0,0,0,0,0,0,0,0,0,0,0,0,0,0,0,0,0,0,95716,0,4,74300,41,0,60,135,0,0
MN,27081,121834,0,0,0,98659,3,0,0,2,0,0,2,0,4483,25,0,0,12,352,43,0,0,0,0,0,0,5982,845,0,0,8,6,0,3,0,0,0,0,0,0,0,0,0,0,0,0,0,0,0,8,0,0,0,0,0,0,0,0,0,0,0,0,9274,0,16500,1029,261,40,110,3256,1,2,5,78866,128,9236,0,0,0,0,0,0,0,0,0,0,0,0,0,0,0,0,0,0,0,0,0,0,0,0,0,0,0,0,0,0,0,0,0,0,1,0,0,0,0,0,0,0,0,0,0,121835,0,0,98660,2,0,25,352,0,0
MN,27083,198384,0,0,0,142893,1,0,0,3,0,0,83,0,1554,17,0,0,21,175,15,0,0,0,0,0,0,5367,452,0,0,324,6,0,1,0,0,0,0,0,0,0,3,0,0,0,0,0,1,0,5,0,0,0,0,0,0,0,0,0,0,0,0,6725,0,22838,4706,1607,310,654,4454,1,2,0,44856,818,25602,0,0,0,0,0,0,0,0,0,0,0,0,0,0,0,0,0,0,0,0,0,0,0,0,0,0,0,0,0,0,0,0,0,0,0,0,0,0,0,0,0,0,0,0,0,198384,0,0,142893,83,0,17,175,0,0
MN,27085,134956,0,0,10,78733,0,0,0,2671,0,0,7,0,1026,2,0,0,20,151,3,0,0,0,0,0,0,7077,2356,0,0,2057,93,10,0,0,0,0,0,0,0,0,1932,0,0,0,0,1,5,0,17,0,0,2,0,0,0,0,0,0,0,0,0,9496,0,12395,6615,1936,635,836,16327,15,0,1069,6792,176,36181,0,0,0,0,0,0,0,0,0,0,0,0,0,0,0,0,0,0,0,0,0,0,1,0,0,0,0,0,0,0,0,0,0,0,0,0,0,0,0,0,0,0,0,0,0,134956,0,10,78733,7,0,2,151,0,0
MN,27087,57428,0,0,0,68419,44,0,0,2,0,0,25,0,13233,494,0,21,3,171,0,0,1,0,0,0,0,8092,1395,0,0,2496,446,52,5,0,0,0,0,0,0,0,0,0,0,0,1,3,53,0,42,0,0,0,0,0,0,0,0,0,0,0,0,16882,0,10501,1302,161,23,27,121139,4500,0,1385,12715,3263,48789,0,0,0,0,0,0,0,0,0,0,0,0,0,0,0,0,0,0,0,0,0,0,0,0,0,0,0,0,0,0,0,0,0,0,0,0,0,0,0,0,0,0,0,0,0,57428,0,0,68440,25,0,515,171,0,0
MN,27089,53025,0,0,0,259319,3090,0,0,0,0,0,14988,0,192301,3551,0,6,91,459,2,0,526,156,0,0,0,19808,36906,0,0,44564,6560,22,1,0,0,0,0,0,0,0,0,0,0,0,0,11,3327,0,8324,0,0,0,0,0,0,0,0,0,0,0,0,31210,0,43188,5668,256,32,25,93832,193,4,382,2365,50951,285155,0,0,0,0,0,0,0,0,0,0,0,0,0,0,0,0,0,0,0,0,0,0,0,0,0,0,0,0,0,0,0,0,0,0,0,0,0,0,0,0,0,0,0,0,0,53025,0,0,259325,14988,0,3557,459,0,0
MN,27091,231030,0,0,0,144165,1,0,0,1103,0,0,87,0,105,3,0,0,5,15,0,0,0,0,0,0,0,837,290,0,0,26,85,1,0,0,0,0,0,0,0,0,557,0,0,0,0,0,2,1,18,0,0,0,0,0,0,0,0,0,0,0,0,13432,0,25607,4094,938,284,680,4731,3,1565,18,17915,4102,15110,0,0,0,0,0,0,0,0,0,0,0,0,0,0,0,0,0,0,0,0,0,0,0,0,0,0,0,0,0,0,0,0,0,0,0,0,0,0,0,0,0,0,0,0,0,231030,0,0,144165,87,0,3,15,0,0
MN,27093,142781,0,0,0,89672,0,0,0,1323,0,0,104,0,2428,0,0,0,87,638,0,0,0,0,0,0,0,12988,1552,0,0,3212,662,12,0,0,0,0,0,0,0,0,1005,0,0,0,0,0,3,0,92,0,0,13,0,0,0,0,0,0,0,0,0,23482,0,14991,5305,864,258,1418,35270,77,1,2262,20219,660,51452,0,0,0,0,0,0,0,0,0,0,0,0,0,0,0,0,0,0,0,0,0,0,0,0,0,0,0,0,0,0,0,0,0,0,0,0,0,0,0,0,0,0,0,0,0,142781,0,0,89672,104,0,0,638,0,0
MN,27095,31385,0,0,10,15776,0,0,0,10,0,0,1,0,555,27,0,0,139,253,63,0,6,0,0,0,0,20686,12784,0,0,0,8,9,2,0,0,0,0,0,0,0,0,0,0,0,0,26,0,0,580,0,0,0,0,5,0,0,0,0,0,0,0,68927,0,16835,1320,598,278,45,145870,1324,35,614,12189,22613,83057,0,0,0,0,0,0,0,0,0,0,0,0,0,0,0,0,2,0,0,0,0,0,0,0,0,0,0,0,0,0,0,0,0,0,0,0,0,0,0,0,0,0,0,0,0,31385,0,10,15776,1,0,27,253,0,0
MN,27097,117636,0,0,26,27981,75,0,0,20,0,0,151,0,1652,25,0,0,951,1454,7,0,1,0,0,0,0,45618,44264,0,14,15,1674,2617,7,0,0,0,0,0,0,0,24,0,0,0,0,206,10,0,775,0,0,0,0,0,0,0,0,0,0,0,0,18130,0,30079,1986,460,213,317,209411,5247,14,7748,49532,27671,142369,0,1,0,0,0,0,0,0,0,0,0,0,0,0,0,0,0,0,0,0,0,0,0,0,0,0,0,0,0,0,0,0,0,0,0,0,0,0,0,0,0,0,0,0,0,117636,0,26,27981,151,0,25,1454,0,0
MN,27099,125388,0,0,43,157916,0,0,0,13539,0,0,6,0,184,0,0,0,50,58,28,0,0,0,0,0,0,5311,366,0,0,0,116,5,23,0,0,0,0,0,0,0,13256,0,0,0,0,0,13,0,31,0,0,0,0,0,0,0,0,0,0,0,0,651,0,28043,6863,1443,438,149,11061,9,37,6,86195,3075,926,0,1,0,0,0,0,0,0,0,0,0,0,0,0,0,0,1,0,0,2,0,0,0,0,0,0,0,0,0,0,0,0,0,0,113,0,0,0,0,0,0,0,0,0,0,125503,0,43,158029,6,0,2,58,0,0
MN,27101,186978,0,0,0,156156,1,0,0,5,0,0,26,0,929,1,0,0,53,351,7,0,0,0,0,0,0,5937,269,0,0,4,8,0,0,0,0,0,0,0,0,0,1,0,0,0,0,0,0,1,1,0,0,0,0,0,0,0,0,0,0,0,0,11245,0,20699,1891,466,42,88,2716,0,306,4,54246,158,17819,0,0,0,0,0,0,0,0,0,0,0,0,0,0,0,0,0,0,0,0,0,0,0,0,0,0,0,0,0,0,0,0,0,0,0,0,0,0,0,0,0,0,0,0,0,186978,0,0,156156,26,0,1,351,0,0
MN,27103,137490,0,0,0,69589,0,0,0,1401,0,0,21,0,801,37,0,0,5,92,0,0,0,0,0,0,0,2763,384,0,1,79,9,3,0,0,0,0,0,0,0,0,687,0,0,0,0,0,6,0,45,0,0,0,0,0,0,0,0,0,0,0,0,11730,0,13180,3820,1711,323,1653,15511,7,1,1119,3404,2763,30082,0,0,0,0,0,0,0,0,0,0,0,0,0,0,0,0,0,0,0,0,0,0,0,0,0,0,0,0,0,0,0,0,0,0,0,0,0,0,0,0,0,0,0,0,0,137490,0,0,69589,21,0,37,92,0,0
MN,27105,213574,0,0,0,161583,0,0,0,9,0,0,6,0,277,20,0,0,16,153,8,0,0,0,0,0,0,3215,215,0,0,1,1,0,0,0,0,0,0,0,0,0,3,0,0,0,0,0,0,0,6,0,0,0,0,0,0,0,0,0,0,0,0,5138,0,24388,4077,1813,318,93,2293,0,1536,12,35733,37,7868,0,0,0,0,0,0,0,0,0,0,0,0,0,0,0,0,0,0,0,0,0,0,0,0,0,0,0,0,0,0,0,0,0,0,0,0,0,0,0,0,0,0,0,0,0,213574,0,0,161583,6,0,20,153,0,0
MN,27107,125601,0,0,2,170143,2326,0,0,0,0,0,2683,0,81225,1456,0,0,249,373,0,0,15,113,0,0,0,9185,7272,0,0,38652,1472,0,0,0,0,0,0,0,0,0,0,0,0,0,0,0,230,0,1661,0,0,0,0,0,0,0,0,0,0,0,0,7761,0,23977,2304,228,45,65,16719,37,2,2,6605,18258,42799,0,0,0,0,0,0,0,0,0,0,0,0,0,0,0,0,0,0,0,0,0,0,0,0,0,0,0,0,0,0,0,0,0,0,0,0,0,0,0,0,0,0,0,0,0,125601,0,2,170143,2683,0,1456,373,0,0
MN,27109,81350,0,0,133,53314,0,0,0,4614,0,0,11,0,18,0,0,0,8,163,3,0,0,0,0,0,0,11135,4678,0,0,0,679,0,45,0,0,0,0,0,0,0,3619,0,0,0,0,0,1,0,88,0,0,1,0,0,0,0,0,0,0,0,0,1570,0,27191,15595,5259,1786,327,57806,181,0,7,148166,761,425,0,0,0,0,0,0,0,0,0,0,0,0,0,0,0,0,1,0,0,0,0,0,0,0,0,0,0,0,0,0,0,0,0,0,0,0,0,0,0,0,0,0,0,0,0,81350,0,133,53314,11,0,0,163,0,0
MN,27111,196148,0,0,9,168744,193,0,0,87,0,0,539,0,30073,158,0,0,262,5265,30,0,22,0,0,0,0,76807,35343,0,703,2695,8057,8634,1,0,0,0,0,0,0,0,7,0,0,0,5,74,19,0,616,0,0,0,0,0,0,0,0,0,0,0,0,169632,0,64246,6460,852,637,1306,327502,6358,13,16242,130181,7032,158996,0,28,0,0,0,0,0,0,0,0,0,0,0,0,0,0,0,0,0,0,0,0,0,0,0,0,0,0,0,0,0,0,0,0,0,0,0,0,0,0,0,0,0,0,0,196148,0,9,168744,539,0,158,5265,0,0
MN,27113,15207,0,0,0,116129,1266,0,0,0,0,0,3094,0,72875,652,0,1,22,387,0,0,202,6,0,0,0,18783,8009,0,1,448,624,9,340,0,0,0,0,0,0,0,23,0,0,0,1,0,575,0,3350,0,0,0,0,0,0,0,0,0,0,0,0,2136,0,18369,3119,301,113,31,27039,61,16,40,1392,7489,93562,0,0,0,0,0,0,0,0,0,0,0,0,0,0,0,0,0,0,0,0,0,0,0,0,0,0,0,0,0,0,0,0,0,0,0,0,0,0,0,0,0,0,0,0,0,15207,0,0,116130,3094,0,653,387,0,0
MN,27115,26821,0,0,30,18679,0,0,0,4,0,0,2,0,377,33,0,0,65,199,0,0,10,0,0,0,0,14265,38747,0,0,0,1,0,4,0,0,0,0,0,0,0,0,0,0,0,0,177,2,1,539,0,0,0,0,5,0,0,0,0,0,0,0,18030,0,31167,4038,575,212,38,395724,11010,2157,18912,7007,189217,139850,0,0,0,0,0,0,0,0,0,0,0,0,0,0,0,0,0,0,0,0,0,0,0,0,0,0,0,0,0,0,0,0,0,0,0,0,0,0,0,0,0,0,0,0,0,26821,0,30,18679,2,0,33,199,0,0
MN,27117,119630,0,0,18,82456,3,0,0,4,0,0,40,0,1118,37,0,0,251,842,48,0,3,0,0,0,0,7271,559,0,0,8,0,0,0,0,0,0,0,0,0,0,2,0,0,0,0,0,0,0,0,0,0,0,0,0,0,0,0,0,0,0,0,340,0,15113,1714,644,125,143,1579,0,3,6,64049,5,2207,0,0,0,0,0,0,0,0,0,0,0,0,0,0,0,0,0,0,0,0,0,0,0,0,0,0,0,0,0,0,0,0,0,0,0,0,0,0,0,0,0,0,0,0,0,119630,0,18,82456,40,0,37,842,0,0
MN,27119,117054,0,0,4,295367,3787,0,0,0,0,0,4817,0,246320,5829,0,43,179,715,8,0,127,8,0,0,0,40109,41259,0,1,89743,38072,1810,1756,0,0,0,0,0,0,0,119,0,0,0,3,28,2123,0,5469,0,0,0,0,0,0,0,0,0,0,0,0,36846,0,57244,10521,1535,422,275,71900,1606,6,558,35627,27083,140027,0,3,0,0,0,0,0,0,0,0,0,0,0,0,0,0,0,0,0,0,0,0,0,0,0,0,0,0,0,0,0,0,0,0,0,0,0,0,0,0,0,0,0,0,0,117054,0,4,295410,4817,0,5872,715,0,0
MN,27121,132396,0,0,26,85076,3,0,0,562,0,0,8,0,6354,11,0,0,13,769,9,0,163,0,0,0,0,18988,4806,0,25,1828,2259,1311,3,0,0,0,0,0,0,0,592,0,0,0,0,6,11,0,224,0,0,0,0,0,0,0,0,0,0,0,0,36301,0,18290,1887,149,132,737,30747,277,1,189,55206,942,58782,0,2,3,0,0,0,0,0,0,0,0,0,0,0,0,0,0,0,0,0,0,0,0,0,0,0,0,0,0,0,0,0,0,0,0,0,0,0,0,0,0,0,0,0,0,132396,0,26,85076,8,0,11,769,0,0
MN,27123,14,0,0,0,28,0,0,0,0,0,0,0,0,3,0,0,0,0,0,0,0,0,0,0,0,0,63,88,0,0,0,0,0,1,0,0,0,0,0,0,0,3,0,0,0,0,0,4,0,14,0,0,0,0,0,0,0,0,0,0,0,0,9284,0,14234,33230,20406,10893,58,13486,510,1,98,1181,836,4372,0,0,0,0,0,0,0,0,0,0,0,0,0,0,0,0,0,0,0,0,0,0,0,0,0,0,0,0,0,0,0,0,0,0,0,0,0,0,0,0,0,0,0,0,0,14,0,0,28,0,0,0,0,0,0
MN,27125,24059,0,0,0,82623,1116,0,0,0,0,0,1851,0,50175,271,0,1,22,450,0,0,89,2,0,0,0,17725,4017,0,1,742,1907,56,61,0,0,0,0,0,0,0,1,0,0,0,0,0,718,0,2057,0,0,0,0,0,0,0,0,0,0,0,0,1758,0,12144,1291,88,25,10,16059,18,1,26,1728,16192,39392,0,0,0,0,0,0,0,0,0,0,0,0,0,0,0,0,0,0,0,0,0,0,0,0,0,0,0,0,0,0,0,0,0,0,0,0,0,0,0,0,0,0,0,0,0,24059,0,0,82624,1851,0,272,450,0,0
MN,27127,252640,0,0,0,191775,58,0,0,5998,0,0,3,0,1039,0,0,0,13,151,0,0,0,0,0,0,0,2645,409,0,0,5269,70,1,0,0,0,0,0,0,0,0,3769,0,0,0,0,0,0,27,126,0,0,0,0,0,0,0,0,0,0,0,0,2641,0,27992,3278,887,182,632,11059,2,2,12,14208,1086,38264,0,0,0,0,0,0,0,0,0,0,0,0,0,0,0,0,0,0,0,0,0,0,0,0,0,0,0,0,0,0,0,0,0,0,0,0,0,0,0,0,0,0,0,0,0,252640,0,0,191775,3,0,0,151,0,0
MN,27129,282330,0,0,1,167612,2,0,0,17609,0,0,3,0,2206,2,0,0,30,238,0,0,1,0,0,0,0,4316,744,0,0,35810,4086,2,0,0,0,0,0,0,0,0,11765,0,0,0,0,0,0,2,33,0,0,1,0,0,0,0,0,0,0,0,0,4508,0,29281,4433,1088,186,910,15897,2,1,34,7984,1345,39228,0,0,0,0,0,0,0,0,0,0,0,0,0,0,0,0,0,0,0,0,0,0,0,0,0,0,0,0,0,0,0,0,0,0,0,0,0,0,0,0,0,0,0,0,0,282330,0,1,167612,3,0,2,238,0,0
MN,27131,85001,0,0,1,68386,0,0,0,770,0,0,31,0,227,145,0,0,11,207,4,0,0,0,0,0,0,6032,6065,0,0,0,3,1,18,0,0,14,0,0,0,0,2947,0,0,0,0,0,232,0,60,0,0,9,0,0,0,0,0,0,0,0,0,12572,0,18748,7832,2513,767,250,40103,40,2,2781,47924,841,25650,0,0,0,0,0,0,0,0,0,0,0,0,0,0,0,0,0,0,0,1,0,0,0,0,0,0,0,0,0,0,0,0,0,0,0,0,0,0,0,0,0,0,0,0,0,85002,0,1,68386,31,0,146,207,0,0
MN,27133,142818,0,0,5,97289,1,0,0,6,0,0,7,0,89,7,0,0,5,287,8,0,0,0,0,0,0,2874,285,0,0,4,1,0,0,0,0,0,0,0,0,0,1,0,0,0,0,0,0,0,0,0,0,0,0,0,0,0,0,0,0,0,0,396,0,16716,1794,702,86,193,2912,4,9,0,39785,7,2636,0,0,0,0,0,0,0,0,0,0,0,0,0,0,0,0,0,0,0,0,0,0,0,0,0,0,0,0,0,0,0,0,0,0,0,0,0,0,0,0,0,0,0,0,0,142818,0,5,97289,7,0,7,287,0,0
MN,27135,22011,0,0,30,128775,8379,0,0,0,0,0,6972,0,94772,899,0,2,140,732,0,0,5851,2336,0,0,0,26640,27193,0,3,544,854,23,9,0,0,0,0,0,0,0,1,0,0,0,2,248,20962,0,6254,0,0,0,0,0,0,0,0,0,0,0,0,10537,0,35285,5003,407,113,340,84136,2344,0,4782,2522,198376,376499,0,0,0,0,0,0,0,0,0,0,0,0,0,0,0,0,0,0,0,0,0,0,0,0,0,0,0,0,0,0,0,0,0,0,0,0,0,0,0,0,0,0,0,0,0,22011,0,30,128777,6972,0,901,732,0,0
MN,27137,338,0,0,1,51,0,0,0,0,0,0,364,0,12,0,0,0,1,118,0,0,262,0,0,0,0,1944,16702,0,0,0,0,0,17,0,0,0,0,0,0,0,0,0,0,0,0,419,0,0,12,0,0,0,0,5,0,0,0,0,0,0,0,339196,0,89655,19851,6204,2207,48085,878213,306163,641647,184619,17087,1634905,122897,0,0,0,0,0,0,0,0,0,0,0,0,0,0,0,0,0,0,0,0,0,0,19,0,0,0,0,0,0,0,0,0,0,0,0,0,0,0,0,0,0,0,0,0,0,338,0,1,51,364,0,0,118,0,0
MN,27139,41085,0,0,1,33062,0,0,0,91,0,0,8,0,239,58,0,0,46,112,1,0,0,0,0,0,0,5497,6502,0,0,0,2,1,5,0,0,7,0,0,0,0,615,0,0,0,0,0,60,0,113,0,0,15,0,0,0,0,0,0,0,0,0,10404,0,11152,13629,7669,2349,831,40217,120,2,5341,20977,1205,34342,0,0,0,0,0,0,0,0,0,0,0,0,0,0,0,0,0,0,0,1,0,0,0,0,0,0,0,0,0,0,0,0,0,0,0,0,0,0,0,0,0,0,0,0,0,41086,0,1,33062,8,0,59,112,0,0
MN,27141,39189,0,0,5,21127,3,0,0,508,0,0,0,0,459,1,0,0,1337,224,135,0,2,0,0,0,0,4982,6760,0,26,0,220,5268,6,0,0,0,0,0,0,0,5,0,0,0,0,6,98,0,1122,0,0,21,0,14,0,0,0,0,0,0,0,10906,0,15148,5330,3601,1019,231,79086,5328,14,1495,19013,1112,64832,0,0,0,0,0,0,0,0,0,0,0,0,0,0,0,0,3,0,0,0,0,0,0,0,0,0,0,0,0,0,0,0,0,0,0,0,0,0,0,0,0,0,0,0,0,39189,0,5,21127,0,0,1,224,0,0
MN,27143,184667,0,0,0,96589,0,0,0,5643,0,0,29,0,1063,4,0,0,9,107,1,0,0,0,0,0,0,4719,1172,0,0,3039,112,7,3,0,0,0,0,0,0,0,4272,0,0,0,0,0,9,0,33,0,0,0,0,0,0,0,0,0,0,0,0,7435,0,15881,3510,601,138,674,20637,26,1,3577,4321,859,25431,0,0,0,0,0,0,0,0,0,0,0,0,0,0,0,0,0,0,0,0,0,0,0,0,0,0,0,0,0,0,0,0,0,0,0,0,0,0,0,0,0,0,0,0,0,184667,0,0,96589,29,0,4,107,0,0
MN,27145,260856,0,0,21,90108,40,0,0,263,0,0,191,0,9293,8,0,0,1758,5806,4,0,3,0,0,0,0,84090,25763,0,4,2543,1420,592,11,0,0,0,0,0,0,0,324,0,0,0,0,101,22,0,430,0,0,4,0,0,0,0,0,0,0,0,0,31319,0,45273,13471,5340,2599,1477,121805,1996,8,1713,80199,4057,96659,0,2,19,0,0,0,0,0,0,0,0,0,0,0,0,0,0,0,0,0,0,0,1,0,0,0,0,0,0,0,0,0,0,0,0,0,0,0,0,0,0,0,0,0,0,260856,0,21,90108,191,0,8,5806,0,0
MN,27147,82042,0,0,6,77207,0,0,0,5307,0,0,2,0,247,8,0,0,11,56,7,0,0,0,0,0,0,3171,438,0,0,0,10,49,3,0,0,2,0,0,0,0,10551,0,0,0,0,0,17,0,18,0,0,0,0,0,0,0,0,0,0,0,0,1803,0,20568,4763,1828,611,96,9248,5,1,14,53072,1750,3778,0,7,0,0,0,0,0,0,0,0,0,0,0,0,0,0,0,0,0,1,0,0,0,0,0,0,0,0,0,0,0,0,0,0,0,0,0,0,0,0,0,0,0,0,0,82043,0,6,77207,2,0,9,56,0,0
MN,27149,155614,0,0,1,100196,375,0,0,3,0,0,6,0,6589,3,0,0,1,61,4,0,8,0,0,0,0,7775,499,0,0,5553,5215,14,0,0,0,0,0,0,0,0,5,0,0,0,0,1,1,2,27,0,0,0,0,0,0,0,0,0,0,0,0,12816,0,17618,1722,524,175,525,4596,24,0,11,5625,653,41796,0,1,0,0,0,0,0,0,0,0,0,0,0,0,0,0,0,0,0,0,0,0,0,0,0,0,0,0,0,0,0,0,0,0,0,0,0,0,0,0,0,0,0,0,0,155614,0,1,100196,6,0,3,61,0,0
MN,27151,210453,0,0,6,114898,5,0,0,713,0,0,4,0,5438,96,0,0,2,230,0,0,12,0,0,0,0,8717,1168,0,1,7444,3764,115,0,0,0,0,0,0,0,0,522,0,0,0,1,2,1,0,169,0,0,0,0,0,0,0,0,0,0,0,0,7716,0,22241,3387,480,193,568,9113,60,0,63,16497,2329,64986,0,0,0,0,0,0,0,0,0,0,0,0,0,0,0,0,0,0,0,0,0,0,0,0,0,0,0,0,0,0,0,0,0,0,0,0,0,0,0,0,0,0,0,0,0,210453,0,6,114898,4,0,96,230,0,0
MN,27153,96087,0,0,105,45804,616,0,0,10,0,0,354,0,5089,82,0,0,291,2541,99,0,7,0,0,0,0,33845,31889,0,2,18,916,1504,6,0,0,0,0,0,0,0,12,0,0,0,0,193,41,0,1138,0,0,0,0,0,0,0,0,0,0,0,0,22986,0,29260,2003,287,155,481,151706,3363,16,14096,71521,10628,99473,0,0,0,0,0,0,0,0,0,0,0,0,0,0,0,0,0,0,0,0,0,0,0,0,0,0,0,0,0,0,0,0,0,0,0,0,0,0,0,0,0,0,0,0,0,96087,0,105,45804,354,0,82,2541,0,0
MN,27155,148905,0,0,1,138931,856,0,0,0,0,0,125,0,10308,40,0,0,0,9,0,0,0,0,0,0,0,1371,68,0,0,8264,259,0,0,0,0,0,0,0,0,0,2,0,0,0,0,0,6,0,12,0,0,0,0,0,0,0,0,0,0,0,0,10853,0,16910,1273,370,61,132,2876,3,0,0,1848,380,30991,0,0,0,0,0,0,0,0,0,0,0,0,0,0,0,0,0,0,0,0,0,0,0,0,0,0,0,0,0,0,0,0,0,0,0,0,0,0,0,0,0,0,0,0,0,148905,0,1,138931,125,0,40,9,0,0
MN,27157,74278,0,0,30,28935,0,0,0,2300,0,0,12,0,27,0,0,0,70,348,0,0,0,0,0,0,0,10902,1276,0,0,0,0,0,4,0,0,0,0,0,0,0,1217,0,0,0,0,0,0,0,29,0,0,1,0,0,0,0,0,0,0,0,0,16970,0,12282,4423,737,211,110,83732,306,0,63,101444,7030,5094,0,2,0,0,0,0,0,0,0,0,0,0,0,0,0,0,0,0,0,0,0,0,0,0,0,0,0,0,0,0,0,0,0,0,0,0,0,0,0,0,0,0,0,0,0,74278,0,30,28935,12,0,0,348,0,0
MN,27159,26729,0,0,0,10892,283,0,0,0,0,0,105,0,1273,13,0,0,18,1868,3,0,3,0,0,0,0,10903,26658,0,1,10,1835,3085,3,0,0,0,0,0,0,0,3,0,0,0,1,95,147,2,210,0,0,0,0,0,0,0,0,0,0,0,0,3748,0,14087,1324,181,233,249,112820,20807,8,8734,13747,18386,69047,0,2,0,0,0,0,0,0,0,0,0,0,0,0,0,0,0,0,16,0,0,0,0,0,0,0,0,0,0,0,0,0,0,0,0,0,0,0,0,0,0,0,0,0,0,26729,0,0,10892,105,0,13,1868,0,0
MN,27161,116217,0,0,1,82987,0,0,0,3074,0,0,7,0,149,11,0,0,24,160,0,0,0,0,0,0,0,1977,899,0,1,1,1,0,0,0,0,0,0,0,0,0,4213,0,0,0,0,0,10,0,11,0,0,4,0,0,0,0,0,0,0,0,0,5796,0,15796,2911,684,240,120,9397,7,0,417,17504,2119,12268,0,5,0,0,0,0,0,0,0,0,0,0,0,0,0,0,0,0,0,4,0,0,0,0,0,0,0,0,0,0,0,0,0,0,0,0,0,0,0,0,0,0,0,0,0,116221,0,1,82987,7,0,15,160,0,0
MN,27163,22302,0,0,0,12953,0,0,0,175,0,0,4,0,257,9,0,0,51,165,0,0,0,0,0,0,0,5396,3876,0,0,0,26,0,343,0,0,19,0,0,0,0,474,0,0,0,0,0,579,0,126,0,0,0,0,0,0,0,0,0,0,0,0,22839,0,19468,21606,10912,3451,1072,61595,3617,9,2453,56056,1380,19708,0,0,0,0,0,0,0,0,0,0,0,0,0,0,0,0,0,0,0,0,0,0,0,0,0,0,0,0,0,0,0,0,0,0,0,0,0,0,0,0,0,0,0,0,0,22302,0,0,12953,4,0,9,165,0,0
MN,27165,138624,0,0,0,92524,0,0,0,1005,0,0,22,0,212,0,0,0,2,26,0,0,0,0,0,0,0,602,77,0,0,199,4,0,0,0,0,0,0,0,0,0,373,0,0,0,0,0,3,0,6,0,0,0,0,0,0,0,0,0,0,0,0,3145,0,15174,2244,572,95,227,3814,1,6,27,4314,822,17310,0,0,0,0,0,0,0,0,0,0,0,0,0,0,0,0,0,0,0,0,0,0,0,0,0,0,0,0,0,0,0,0,0,0,0,0,0,0,0,0,0,0,0,0,0,138624,0,0,92524,22,0,0,26,0,0
MN,27167,117261,0,0,0,157273,805,0,0,0,0,0,149,0,71411,0,0,0,1,24,1,0,1,0,0,0,0,2331,610,0,0,50811,0,0,0,0,0,0,0,0,0,0,0,0,0,0,0,0,20,0,66,0,0,0,0,0,0,0,0,0,0,0,0,2736,0,21042,4132,489,73,13,2949,101,0,4,1799,4523,42343,0,0,0,0,0,0,0,0,0,0,0,0,0,0,0,0,0,0,0,0,0,0,0,0,0,0,0,0,0,0,0,0,0,0,2,0,0,0,0,0,0,0,0,0,0,117263,0,0,157275,149,0,0,24,0,0
MN,27169,61915,0,0,118,23010,0,0,0,370,0,0,105,0,5,82,0,0,43,951,0,0,0,0,0,0,0,18282,124,0,0,0,131,0,0,0,0,0,0,0,0,0,1026,0,0,0,0,0,9,0,28,0,0,0,3,0,0,0,0,0,0,0,0,10859,0,16493,7573,2429,747,131,159964,264,7,31,98624,5862,1423,0,6,0,0,0,0,0,0,0,0,0,0,0,0,0,0,0,0,0,1,0,0,1,0,0,0,0,0,0,0,0,0,0,0,0,0,0,0,0,0,1,0,0,0,0,61916,0,118,23010,105,0,83,951,0,0
MN,27171,95403,0,0,30,71947,0,0,0,237,0,0,6,0,1827,32,0,0,348,535,0,0,0,0,0,0,0,16031,9642,0,0,17,106,58,2,0,0,2,0,0,0,0,214,0,0,0,0,3,47,0,120,0,0,144,0,0,0,0,0,0,0,0,0,37646,0,28625,11257,4973,1084,764,68486,417,7,5831,32262,292,68678,0,0,0,0,0,0,0,0,0,0,0,0,0,0,0,0,0,0,0,0,0,0,1,0,0,0,0,0,0,0,0,0,0,0,0,0,0,0,0,0,0,0,0,0,0,95403,0,30,71947,6,0,32,535,0,0
MN,27173,207560,0,0,3,158165,460,0,0,7,0,0,17,0,3858,49,0,0,5,98,6,0,1,0,0,0,0,4966,843,0,0,2921,37,2,1,0,0,0,0,0,0,0,23,0,0,0,0,0,0,3,40,0,0,0,0,0,0,0,0,0,0,0,0,4842,0,22298,2325,475,116,553,5719,0,0,5,26251,1474,45493,0,0,0,0,0,0,0,0,0,0,0,0,0,0,0,0,0,0,0,0,0,0,0,0,0,0,0,0,0,0,0,0,0,0,0,0,0,0,0,0,0,0,0,0,0,207560,0,3,158165,17,0,49,98,0,0
MS,28001,2170,15,29,1,8798,0,6,0,0,0,0,0,0,0,256,0,1881,0,2,0,0,0,0,0,0,0,0,362,0,0,0,0,0,0,0,0,0,0,0,0,0,0,0,0,0,0,0,0,0,38,0,0,0,0,0,0,0,2,0,0,0,0,20542,0,14547,2893,1221,340,2202,113791,9564,17410,29580,19646,62267,3335,0,0,0,0,0,0,0,0,0,0,0,0,0,1,0,0,0,0,0,0,0,0,0,0,0,0,0,0,0,0,0,1,0,3,304,0,0,0,0,0,0,0,0,0,0,2474,16,1,10986,0,0,2138,5,0,0
MS,28003,906,510,0,6,12934,3,0,0,0,0,0,0,0,0,83,0,1845,22,0,2,0,0,0,0,0,0,0,9193,0,0,0,0,0,0,0,10,0,0,0,0,0,0,0,0,0,0,0,531,0,104,0,0,0,0,0,0,0,0,0,0,0,1,2914,0,12764,4134,1268,522,31,67674,34884,12435,41407,37184,14057,1445,0,0,0,0,0,0,0,0,0,0,0,0,0,0,0,0,0,0,0,0,0,0,0,0,0,0,0,0,0,0,0,0,0,0,0,0,0,0,0,0,0,0,0,0,0,906,510,6,14779,0,0,1928,0,0,0
MS,28005,64,3,0,216,52,0,1,0,0,0,0,0,0,0,23,0,800,0,0,0,0,0,0,0,0,0,0,1214,0,0,0,0,0,0,0,0,0,0,0,0,0,0,0,0,0,0,0,52,0,382,0,0,0,4,0,0,0,0,0,0,0,0,1116,0,14568,1630,205,34,343,15717,187307,44108,70973,72717,56614,110,0,0,0,0,0,0,0,0,0,0,0,0,0,0,0,0,0,0,0,0,0,0,0,0,0,0,0,0,0,1,0,1,0,0,0,0,0,0,0,0,0,0,0,0,0,64,4,217,852,0,0,825,0,0,0
MS,28007,1749,2465,0,6,3612,0,713,0,0,0,0,0,0,0,57,0,707,6,0,3,0,0,0,0,0,0,0,3442,0,0,0,0,0,0,0,3,0,0,0,0,0,0,0,0,0,4,0,0,0,87,0,0,0,0,0,0,0,0,0,0,0,3,2467,0,20716,1133,354,100,10,113608,118376,38039,61080,56525,45639,838,0,0,0,0,0,0,0,0,0,0,0,0,0,0,0,0,0,0,0,0,0,0,0,0,0,0,0,0,0,0,0,14,0,0,0,0,0,0,0,0,0,0,0,0,0,1749,2479,6,4319,0,0,778,0,0,0
MS,28009,2913,421,0,12,10529,0,0,0,0,0,0,0,0,0,394,0,3181,2,0,1,0,0,0,0,0,0,7,3865,0,0,0,0,0,0,0,4,0,0,0,0,0,0,0,0,0,0,0,60,0,679,0,0,0,0,0,0,0,0,0,0,0,2,2597,0,6789,1754,214,18,14,91959,30055,13253,47834,38013,6730,206,0,0,0,0,0,0,0,0,0,0,0,0,0,0,0,0,0,0,0,0,0,0,0,0,0,0,0,0,0,1,0,26,0,0,0,0,0,0,0,0,0,0,0,0,0,2913,447,13,13710,0,0,3602,0,0,0
MS,28011,92857,8676,34506,2824,220074,7,5,0,183,0,0,0,0,0,23859,0,23426,0,48,0,0,0,0,0,0,0,0,26,0,0,0,0,0,0,0,0,0,0,0,0,0,16,0,0,0,23,0,19,0,26718,0,0,0,0,0,0,0,2377,0,0,0,119,22439,0,17210,2774,878,345,1195,27,7,12,266,1203,96741,199,0,0,0,0,0,0,0,0,0,0,0,0,0,14,0,0,1,0,0,0,0,0,0,0,0,0,0,0,0,233,0,0,0,10,373,0,1,0,0,0,0,0,0,0,0,93230,8676,3057,243883,0,0,47518,58,0,0
MS,28013,4040,10725,0,117,24295,0,1,0,0,0,0,0,0,0,290,0,5181,10,0,0,0,0,0,0,0,0,0,9149,0,0,0,0,0,1,0,8154,0,0,0,0,0,0,0,0,0,0,0,3,0,65,0,0,0,0,0,0,0,0,0,0,0,113,2724,0,10156,2687,331,84,36,82028,57275,14815,48448,62711,28902,3931,0,0,0,0,0,0,0,0,0,0,0,0,0,0,0,0,0,0,0,0,0,0,0,0,0,0,0,0,0,17,0,0,13,0,0,0,0,0,0,0,0,0,0,0,0,4040,10738,134,29489,0,0,5488,0,0,0
MS,28015,10953,6531,72,28,7882,5,1011,0,4,0,0,0,0,0,1778,0,3833,213,1,0,0,0,0,0,0,0,0,2445,0,0,0,0,0,0,0,1,0,0,0,0,0,1,0,0,0,7,0,28,0,2032,0,0,0,0,0,0,0,11,0,0,0,2,4005,0,18512,1154,153,61,131,161230,40986,9334,46581,58422,27312,1124,0,0,0,0,0,0,0,0,0,0,0,0,0,1,0,0,0,0,0,0,0,0,0,0,0,0,0,0,0,1,0,2,0,0,260,1,0,0,0,0,0,0,0,0,0,11213,6533,29,11975,0,0,5614,1,0,0
MS,28017,1940,2780,0,9,33043,0,0,0,0,0,0,0,0,0,219,0,1287,4,0,0,0,0,0,0,0,0,0,18004,0,0,0,0,0,0,0,5997,0,0,0,0,0,0,0,0,0,0,0,6,0,111,0,0,0,0,0,0,0,0,0,0,0,1139,2864,0,11519,2965,499,138,3,54077,35511,12277,34329,80211,21927,1875,0,0,0,0,0,0,0,0,0,0,0,0,0,0,0,0,0,0,0,0,0,0,0,0,0,0,0,0,0,0,0,0,0,0,1,0,0,0,0,0,0,0,0,0,0,1941,2780,9,34331,0,0,1506,0,0,0
MS,28019,182,744,0,0,1011,0,14,0,0,0,0,0,0,0,9,0,234,16,0,1,0,0,0,0,0,0,0,2693,0,0,0,0,0,0,0,57,0,0,0,0,0,0,0,0,0,0,0,35,0,5,0,0,0,0,0,1,0,0,0,0,0,29,1046,0,10697,451,145,23,127,83034,64291,25322,34335,27936,16023,203,0,0,0,0,0,0,0,0,0,0,0,0,0,0,0,0,0,0,0,0,0,0,0,0,0,0,0,0,0,17,0,0,0,0,0,0,0,0,0,0,0,0,0,0,0,182,744,17,1245,0,0,260,0,0,0
MS,28021,3394,1248,26,7,2594,0,246,0,1,0,0,0,0,0,547,0,850,0,0,0,0,0,0,0,0,0,0,1150,0,0,0,0,0,0,0,0,0,0,0,0,0,0,0,0,0,0,0,7,0,222,0,0,0,0,0,0,0,6,0,0,0,2,9684,0,11262,1012,244,32,514,160105,22459,14607,28601,19417,42256,349,0,0,0,0,0,0,0,0,0,0,0,0,0,10,0,0,0,0,0,2,0,0,0,0,0,0,0,0,0,0,0,0,0,0,14,0,0,0,0,0,0,0,0,0,0,3410,1248,7,3458,0,0,1399,0,0,0
MS,28023,168,73,0,11,348,0,48,0,0,0,0,0,0,0,14,0,66,0,0,0,0,0,0,0,0,0,0,1422,0,0,0,0,0,0,0,28,0,3,0,0,0,0,0,0,0,0,0,0,0,19,0,0,0,0,0,8,0,1,0,0,0,31,2773,0,13919,2031,500,129,139,69047,138019,70746,62538,49167,32360,181,0,0,0,0,0,0,0,0,0,0,0,0,0,0,0,0,0,0,0,0,0,0,0,0,0,0,0,0,0,0,0,0,0,0,0,0,0,0,0,0,0,0,0,0,0,168,73,11,414,0,0,80,0,0,0
MS,28025,1627,1388,0,6,10495,0,0,0,0,0,0,0,0,0,41,0,450,1,0,0,0,0,0,0,0,0,0,18684,0,0,0,0,0,0,0,195,0,0,0,0,0,0,0,0,0,0,0,5,20,203,0,0,0,0,0,0,0,52,0,0,0,733,4301,0,11726,1837,496,127,21,30039,21252,8474,16842,63925,68589,4710,0,0,0,0,0,0,0,0,0,0,0,0,0,0,0,0,0,0,0,0,0,0,0,0,0,0,0,0,0,6,0,0,0,0,0,0,0,0,0,0,0,0,0,0,0,1627,1388,12,10945,0,0,497,0,0,0
MS,28027,50116,42850,5151,4840,96658,22,573,0,6,0,0,0,0,0,7074,0,23527,0,0,0,0,0,0,0,0,0,0,47,0,0,0,0,0,0,0,0,0,0,0,0,0,0,0,0,0,26,0,209,0,19733,0,0,0,0,0,0,0,1437,0,0,0,434,18316,0,17501,2532,785,212,617,20,3,19,24,616,79336,338,0,0,0,0,0,0,0,0,0,0,0,0,0,0,0,0,0,0,0,0,0,0,0,0,0,0,0,0,0,21,0,0,0,52,122,0,2,0,0,0,0,0,0,0,0,50238,42850,4861,120359,0,0,30622,52,0,0
MS,28029,1231,850,5,46,1404,6,47,0,2,0,0,0,0,0,99,0,218,3,0,0,0,0,0,0,0,0,0,1814,0,0,0,0,0,0,0,0,0,0,0,0,0,0,0,0,0,3,0,264,0,104,0,0,0,0,0,0,0,1,0,0,0,0,3001,0,19980,3419,542,158,819,117908,114706,68813,67261,73642,22413,46,0,0,0,0,0,0,0,0,0,0,0,0,0,0,0,0,0,0,0,0,0,0,0,0,0,0,0,0,0,1,0,1,0,0,0,0,0,0,0,0,0,0,0,0,0,1231,851,47,1622,0,0,319,0,0,0
MS,28031,420,207,0,4,1001,0,264,0,0,0,0,0,0,0,187,0,1266,4,0,0,0,0,0,0,0,0,0,727,0,0,0,0,0,0,0,0,0,33,0,0,0,0,0,0,0,0,0,49,0,5,0,0,0,0,0,0,0,1,0,0,0,0,1083,0,13672,2675,522,92,67,5726,81391,43902,36671,53513,21733,28,0,0,0,0,0,3,0,0,0,0,0,0,0,0,0,0,0,0,0,0,0,0,0,0,0,0,0,0,0,4,0,311,0,0,0,0,0,0,0,0,0,0,0,0,0,420,518,8,2267,0,0,1768,0,3,0
MS,28033,9536,3912,1178,2027,25668,20,313,0,0,0,0,0,0,0,1176,0,11380,0,0,0,0,0,0,0,0,0,0,1364,0,0,0,0,2,0,0,2,0,0,1,0,0,0,0,0,0,2,0,1084,0,11104,0,0,0,0,0,0,0,11,0,0,0,5,15349,0,27389,13799,6025,1686,735,64747,3911,706,33788,56284,22798,2010,0,2,0,0,0,0,0,0,0,0,0,0,0,0,0,0,0,0,0,0,0,0,0,0,0,0,0,0,0,2,0,0,0,1,0,0,0,0,0,0,0,0,0,0,0,9536,3912,2029,37049,0,0,12558,1,0,0
MS,28035,801,269,0,8,32,0,548,0,0,0,0,0,0,0,4,0,16,1,0,0,0,0,0,0,0,0,0,183,0,0,0,0,0,0,0,0,0,1,0,0,0,0,0,0,0,0,0,24,0,4,0,0,0,0,0,0,0,1,0,0,0,2,3693,0,19437,9560,3326,1271,1006,1069,111106,13344,44733,39734,50108,177,0,0,0,0,0,0,0,0,0,0,0,0,0,0,0,0,0,0,0,0,0,0,0,0,0,0,0,0,0,3,0,480,0,0,0,0,0,0,0,0,0,0,0,0,0,801,749,11,48,0,0,503,0,0,0
MS,28037,731,11,2,7,624,0,5,0,0,0,0,0,0,0,10,0,65,0,0,0,0,0,0,0,0,0,0,455,0,0,0,0,0,0,0,0,0,0,0,0,0,0,0,0,0,1,0,15,0,1047,0,0,0,1,0,0,0,0,0,0,0,0,1531,0,11599,1614,224,19,2076,49883,136876,69612,43330,22169,20757,44,0,0,0,0,0,0,0,0,0,0,0,0,0,0,0,0,0,0,0,0,0,0,0,0,0,0,0,0,0,0,0,0,0,0,0,0,0,0,0,0,0,0,0,0,0,731,11,7,689,0,0,75,0,0,0
MS,28039,1454,2198,0,25,921,0,6743,0,0,0,0,0,0,0,0,0,2,0,0,0,0,0,0,0,0,0,0,673,0,0,0,0,0,109,0,0,0,353,0,0,0,0,24,0,0,0,0,23,0,2,0,0,0,0,0,0,0,0,0,0,0,1,4540,0,13811,1357,299,55,419,667,91276,16589,47282,31716,88261,615,0,0,0,0,0,0,0,0,0,0,0,0,0,0,0,0,0,0,0,0,0,0,0,0,0,0,0,0,0,0,0,3,0,108,0,0,0,0,0,0,0,0,0,0,0,1454,2201,25,1031,0,0,5,108,0,0
MS,28041,787,370,0,6,134,0,1426,0,0,0,0,0,0,0,0,0,18,0,0,0,0,0,0,0,0,0,0,630,0,0,0,0,0,9,0,0,0,51,0,0,0,0,0,0,0,0,0,4,0,4,0,0,0,0,0,0,0,0,0,0,0,0,4462,0,20636,1342,203,32,427,3171,191225,64813,68681,37667,63485,391,0,0,0,0,0,0,0,0,0,0,0,0,0,0,0,0,0,0,0,0,0,0,0,0,0,0,0,0,0,0,0,0,0,0,0,0,0,0,0,0,0,0,0,0,0,787,370,6,152,0,0,18,0,0,0
MS,28043,3740,5827,623,169,6157,6,25,0,1,0,0,0,0,0,692,0,937,2,0,1,0,0,0,0,0,0,0,1852,0,0,0,0,0,0,0,204,0,0,0,0,0,0,0,0,0,1,0,140,0,1980,0,0,0,0,0,0,0,6,0,0,0,29,24764,0,14870,2833,911,272,135,80681,24408,5866,23035,39482,43688,4244,0,0,0,0,0,0,0,0,0,0,0,0,0,0,0,0,0,0,0,0,0,0,0,0,0,0,0,0,0,20,0,0,0,0,6,0,0,0,0,0,0,0,0,0,0,3746,5827,189,7100,0,0,1649,0,0,0
MS,28045,54,3,0,46,19,0,12,0,0,0,0,0,0,0,4,0,8,0,0,0,0,0,0,0,0,0,0,216,0,0,0,0,0,0,0,0,0,1,0,0,0,0,0,0,0,0,0,82,0,4,0,0,0,0,0,0,0,2,0,0,0,0,6095,0,24055,8117,1511,320,919,11,90262,247,50112,33512,66382,28017,0,0,0,0,0,0,0,0,0,0,0,0,0,0,0,0,0,0,0,0,0,0,0,0,0,0,0,0,0,1,0,45,0,0,0,0,0,0,0,0,0,0,0,0,0,54,48,47,27,0,0,58,0,0,0
MS,28047,30,7,0,12,9,0,13,0,0,0,0,0,0,0,1,0,0,0,0,0,0,0,0,0,0,0,0,47,0,0,0,0,0,0,0,3,0,0,0,0,0,0,0,0,0,0,4,15,0,3,0,0,0,0,0,0,0,0,0,0,0,1,7244,0,33321,22380,7300,2358,2223,30,131399,374,51835,33223,73984,8086,0,0,0,0,0,0,0,0,0,0,0,0,0,0,0,0,0,0,0,0,0,0,0,0,0,0,0,0,0,0,0,2,0,0,0,0,0,0,0,0,0,0,0,0,0,30,9,12,9,0,0,3,0,0,0
MS,28049,9081,4419,27,216,8945,4,797,0,4,0,0,0,0,0,798,0,1985,0,0,0,0,0,0,0,0,0,0,5090,0,0,0,0,0,0,0,1,0,0,0,0,0,0,0,0,0,11,0,21,0,194,0,0,0,0,0,0,0,6,0,0,0,2,7282,0,42562,22756,8779,3452,201,167119,35326,24315,67127,123164,27610,97,0,0,0,0,0,0,0,0,0,0,0,0,0,3,0,0,0,0,0,0,0,0,0,0,0,0,0,0,0,2,0,2,0,0,2,0,0,0,0,0,0,0,0,0,0,9083,4421,218,10932,0,0,2787,0,0,0
MS,28051,34497,19890,318,571,28194,1,2425,0,1,0,0,0,0,0,2854,0,3632,5,0,0,0,0,0,0,0,0,0,4989,0,0,0,0,0,0,0,3,0,0,0,0,0,1,0,0,0,16,0,9,0,6952,0,0,0,0,0,0,0,19,0,0,0,8,6359,0,17373,1745,271,46,152,161659,32596,7669,35949,52751,67130,649,0,0,0,0,0,0,0,0,0,0,0,0,0,6,0,0,0,0,0,0,0,0,0,0,0,0,0,0,0,4,0,24,0,131,177,2,0,0,0,0,0,0,0,0,0,34674,19914,575,32134,0,0,6514,131,0,0
MS,28053,54484,12303,1611,3422,81147,0,47,0,7,0,0,0,0,0,6958,0,9691,0,21,0,0,0,0,0,0,0,0,71,0,0,0,0,0,0,0,377,0,0,0,0,0,6,0,0,0,15,0,2,0,23751,0,0,0,0,0,0,0,1264,0,0,0,163,21055,0,9252,1162,324,73,35,11,23,2,647,1007,46666,177,0,0,0,0,0,0,0,0,0,0,0,0,0,6,0,0,0,0,0,0,0,0,0,0,0,0,0,0,0,9,0,9,0,44,105,0,0,0,0,0,0,0,0,0,0,54589,12312,3431,90987,0,0,16667,65,0,0
MS,28055,26333,5556,1523,158,49323,0,1,0,1,0,0,0,0,0,2390,0,4026,0,1,0,0,0,0,0,0,0,0,28,0,0,0,0,0,0,0,0,0,0,0,0,0,0,0,0,0,1,0,0,0,12848,0,0,0,0,0,0,0,812,0,0,0,4,25968,0,5418,121,19,2,146,15,45,7,6285,1341,139166,936,0,0,0,0,0,0,0,0,0,0,0,0,0,0,0,0,0,0,0,0,0,0,0,0,0,0,0,0,0,1,0,0,0,0,0,0,0,0,0,0,0,0,0,0,0,26333,5556,159,53349,0,0,6417,1,0,0
MS,28057,554,1093,0,16,11103,0,50,0,0,0,0,0,0,0,103,0,2589,0,0,1,0,0,0,0,0,0,0,3784,0,0,0,0,0,0,0,16,0,0,0,0,0,0,0,0,0,0,0,81,0,27,0,0,0,0,0,0,0,2,0,0,0,73,7078,0,14972,3241,808,139,127,95140,54410,23732,42655,39796,43637,556,0,0,0,0,0,0,0,0,0,0,0,0,0,0,0,0,0,0,0,0,0,0,0,0,0,0,0,0,0,15,0,71,0,0,0,0,0,0,0,0,0,0,0,0,0,554,1164,31,13692,0,0,2778,0,0,0
MS,28059,356,887,0,19,79,0,1480,0,0,0,0,0,0,0,1,0,26,0,0,0,0,0,0,0,0,0,0,135,0,0,0,0,0,15,0,0,0,86,0,0,0,0,36,0,0,0,2,1,0,2,0,0,0,0,0,0,0,0,0,0,0,0,15456,0,34178,16094,4092,1525,884,51,144113,945,63453,24410,126129,38286,0,0,0,0,0,0,0,0,0,0,0,0,0,0,0,0,0,0,0,0,0,0,0,0,0,0,0,0,0,0,0,18,0,1,0,0,0,0,0,0,4,0,0,0,0,356,905,19,106,0,0,45,1,0,0
MS,28061,140,134,0,2,201,0,6,0,0,0,0,0,0,0,8,0,97,0,0,10,0,0,0,0,0,0,0,1923,0,0,0,0,0,0,0,8,0,0,0,0,0,0,0,0,0,0,0,0,0,20,0,0,0,0,0,0,0,0,0,0,0,10,2959,0,13920,2174,307,79,163,60506,119657,72776,57207,53185,47949,115,0,0,0,0,0,0,0,0,0,0,0,0,0,0,0,0,0,0,0,0,0,0,0,0,0,0,0,0,0,2,0,0,0,0,0,7,0,0,0,0,0,0,0,0,0,140,134,4,298,0,0,107,0,0,0
MS,28063,1268,373,8,0,4365,0,2,0,0,0,0,0,0,0,91,0,368,0,0,0,0,0,0,0,0,0,0,507,0,0,0,0,0,0,0,0,0,0,0,0,0,0,0,0,0,0,0,0,0,25,0,0,0,0,0,0,0,0,0,0,0,0,5613,0,12030,772,100,10,255,138706,53143,35032,38682,18602,24790,624,0,0,0,0,0,0,0,0,0,0,0,0,0,0,0,0,0,0,0,0,0,0,0,0,0,0,0,0,0,0,0,0,0,0,2058,0,0,0,0,0,0,0,0,0,0,3326,373,0,6791,0,0,459,0,0,0
MS,28065,340,120,0,1,281,0,10,0,0,0,0,0,0,0,37,0,938,6,0,0,0,0,0,0,0,0,0,892,0,0,0,0,0,0,0,0,0,7,0,0,0,0,0,0,0,0,0,23,0,6,0,0,0,0,0,0,0,0,0,0,0,0,706,0,12501,1744,243,57,57,8806,92455,45213,37513,48491,11365,14,0,0,0,0,0,0,0,0,0,0,0,0,0,0,0,0,0,0,0,0,0,0,0,0,0,0,0,0,0,1,0,4,0,0,0,0,0,0,0,0,0,0,0,0,0,340,124,2,1219,0,0,980,0,0,0
MS,28067,214,290,0,1,208,0,160,0,0,0,0,0,0,0,215,0,135,2,0,0,0,0,0,0,0,0,0,1191,0,0,0,0,0,0,0,2,0,2,0,0,0,0,0,0,0,0,0,41,0,19,0,0,0,0,0,0,0,2,0,0,0,2,5188,0,23012,7181,2277,953,248,9786,126957,71794,65925,86683,45117,169,0,0,0,0,0,0,0,0,0,0,0,0,0,0,0,0,0,0,0,0,0,0,0,0,0,0,0,0,0,10,0,12,0,0,0,32,0,0,0,0,0,0,0,0,0,214,302,11,343,0,0,372,0,0,0
MS,28069,207,107,0,5,768,0,1,0,0,0,0,0,0,0,34,0,118,0,0,0,0,0,0,0,0,0,0,3524,0,0,0,0,0,0,0,7,0,0,0,0,0,0,0,0,0,0,0,0,0,307,0,0,0,0,0,1,0,2,0,0,0,463,3362,0,19653,1304,195,28,54,115188,111369,49564,58126,72809,53008,679,0,0,0,0,0,0,0,0,0,0,0,0,0,0,0,0,0,0,0,0,0,0,0,0,0,0,0,0,0,1,0,0,0,0,0,0,0,0,0,0,0,0,0,0,0,207,107,6,886,0,0,153,0,0,0
MS,28071,1499,2364,2,42,8547,0,15,0,0,0,0,0,0,0,61,0,678,0,0,2,0,0,0,0,0,0,0,7583,0,0,0,0,5,0,0,642,0,0,0,0,0,0,0,0,0,0,0,197,0,573,0,0,0,0,0,0,0,13,0,0,0,17,26255,0,16324,4956,1427,281,119,126579,60084,19757,71401,53838,30632,845,0,0,0,0,0,0,0,0,0,0,0,0,0,0,0,0,0,0,0,0,0,0,0,0,0,0,0,0,0,0,0,0,0,0,0,0,0,0,0,0,0,0,0,0,0,1499,2364,42,9225,0,0,739,0,0,0
MS,28073,80,3,0,3,406,0,16,0,0,0,0,0,0,0,63,0,316,6,0,0,0,0,0,0,0,0,0,866,0,0,0,0,0,0,0,0,0,2,0,0,0,0,0,0,0,0,0,24,0,36,0,0,0,0,0,0,0,22,0,0,0,0,3992,0,18564,5015,1236,522,133,1203,129415,19038,50439,53483,35296,68,0,0,0,0,0,0,0,0,0,0,0,0,0,0,0,0,0,0,0,0,0,0,0,0,0,0,0,0,0,5,0,33,0,0,0,0,0,0,0,0,0,0,0,0,0,80,36,8,722,0,0,417,0,0,0
MS,28075,90,95,0,2,562,0,0,0,0,0,0,0,0,0,20,0,119,0,0,0,0,0,0,0,0,0,0,887,0,0,0,0,0,0,0,25,0,0,0,0,0,0,0,0,0,0,0,5,1,26,0,0,0,0,0,31,0,1,0,0,0,145,10080,0,28314,7260,3726,1618,46,121683,97368,59796,57808,43623,24031,414,0,0,0,0,0,0,0,0,0,0,0,0,0,0,0,0,0,0,0,0,0,0,0,0,0,0,0,0,0,0,0,0,0,0,0,0,0,0,0,0,0,0,0,0,0,90,95,2,681,0,0,139,0,0,0
MS,28077,692,48,0,5,974,0,10,0,0,0,0,0,0,0,14,0,1430,1,0,0,0,0,0,0,0,0,0,851,0,0,0,0,0,0,0,0,0,1,0,0,0,0,0,0,0,0,0,34,0,4,0,0,0,1,0,0,0,0,0,0,0,0,2960,0,12208,1754,277,60,534,15308,85393,40323,35420,41039,39398,68,0,0,0,0,0,0,0,0,0,0,0,0,0,0,0,0,0,0,0,11,0,0,0,0,0,0,0,0,0,4,0,6,0,43,0,0,0,0,0,0,0,0,0,0,0,703,54,9,2447,0,0,1465,43,0,0
MS,28079,175,568,0,5,1595,0,8,0,0,0,0,0,0,0,15,0,552,4,0,4,0,0,0,0,0,0,0,3351,0,0,0,0,0,0,0,8,0,0,0,0,0,7,0,0,0,0,0,0,0,30,0,0,0,0,0,0,0,0,0,0,0,0,1906,0,18516,1333,295,60,3,71555,77302,34455,48258,69795,44511,338,0,0,0,0,0,0,0,0,0,0,0,0,0,0,0,0,0,0,0,0,0,0,0,0,0,0,0,0,0,0,0,0,0,0,0,0,0,0,0,0,0,0,0,0,0,175,568,5,2147,0,0,567,0,0,0
MS,28081,1043,2762,0,166,41519,0,0,0,0,0,0,0,0,0,392,0,5004,1,0,1,0,0,0,0,0,0,0,15075,0,0,0,0,0,66,0,59,0,0,0,0,0,0,0,0,0,0,0,221,0,59,0,0,0,0,0,0,0,0,0,0,0,21,4510,0,20662,11997,4720,1700,20,34250,25743,9614,33077,62961,13337,1040,0,0,0,0,0,0,0,0,0,0,0,0,0,0,0,0,0,0,0,0,0,0,0,0,0,0,0,0,0,3,0,0,0,0,1,0,0,0,0,0,0,0,0,0,0,1044,2762,169,46524,0,0,5399,0,0,0
MS,28083,86824,11645,4142,919,112707,1,1054,0,30,0,0,0,0,0,7467,0,10790,9,0,0,0,0,0,0,0,0,0,860,0,0,0,0,0,0,0,1,0,0,0,0,0,20,0,0,0,14,0,62,0,20716,0,0,0,0,0,0,0,550,0,0,0,2946,19113,0,17314,2169,906,373,56,27,77,6,377,3799,82199,213,0,0,0,0,0,0,0,0,0,0,0,0,0,6,0,0,0,0,0,0,0,0,0,0,0,0,0,0,0,0,0,568,0,2,100,2,0,0,0,0,0,0,0,0,0,86924,12213,919,123599,0,0,18825,2,0,0
MS,28085,343,22,0,17,121,0,2,0,0,0,0,0,0,0,41,0,931,35,0,1,0,0,0,0,0,0,0,1703,0,0,0,0,0,0,0,0,0,0,0,0,0,0,0,0,0,0,0,13,0,239,0,0,0,2,0,0,0,0,0,0,0,0,1877,0,18589,4921,1120,432,152,34346,114158,60196,55724,74291,7124,21,0,0,0,0,0,0,0,0,0,0,0,0,0,0,0,0,0,0,0,0,0,0,0,0,0,0,0,0,0,5,0,0,0,0,0,0,0,0,0,0,0,0,0,0,0,343,22,22,1052,0,0,977,0,0,0
MS,28087,8193,6510,0,9,14524,0,76,0,0,0,0,0,0,0,372,0,2892,0,0,0,0,0,0,0,0,0,0,11871,0,0,0,0,0,0,0,24,0,0,0,0,0,0,0,0,0,0,0,12,5,302,0,0,0,0,0,0,0,79,0,0,0,4212,10146,0,20805,8131,2775,793,491,39094,15813,5271,19075,75552,82199,1230,0,0,0,0,0,0,0,0,0,0,0,0,0,0,0,0,0,0,0,0,0,0,0,0,0,0,0,0,0,75,0,0,0,10,0,0,0,0,0,0,0,0,0,0,0,8193,6510,84,17426,0,0,3339,10,0,0
MS,28089,10406,6803,13,51,14116,10,41,0,12,0,0,0,0,0,697,0,1708,9,0,0,0,0,0,0,0,0,0,4938,0,0,0,0,0,0,0,1,0,36,0,0,0,0,0,0,0,135,0,4,0,347,0,0,0,0,0,0,0,3,0,0,0,6,17755,0,28697,10981,4249,965,169,71153,60572,20332,46141,111598,62328,685,0,0,0,0,0,0,0,0,0,0,0,0,0,0,0,0,0,0,0,0,0,0,0,0,0,0,0,0,0,9,0,0,0,0,1,0,0,0,0,0,0,0,0,0,0,10407,6803,60,15825,0,0,2414,0,0,0
MS,28091,240,21,0,3,391,0,13,0,0,0,0,0,0,0,16,0,149,77,0,2,0,0,0,0,0,0,0,1802,0,0,0,0,0,0,0,0,0,2,0,0,0,0,0,0,0,0,0,29,0,7,0,0,0,0,0,0,0,0,0,0,0,0,4192,0,17047,2973,793,224,854,2679,114917,20696,47499,59561,76711,143,0,0,0,0,0,0,0,0,0,0,0,0,0,0,0,0,0,0,0,0,0,0,0,0,0,0,0,0,0,38,0,18,0,0,0,0,0,0,0,0,0,0,0,0,0,240,39,41,540,0,0,221,0,0,0
MS,28093,6318,1786,1,711,15270,0,38,0,0,0,0,0,0,0,1429,0,4064,1,0,0,0,0,0,0,0,0,0,9127,0,0,0,0,2,0,0,3,0,0,0,0,0,0,0,0,0,0,0,438,0,3961,0,0,0,0,0,0,0,19,0,0,0,3,3437,0,17466,5567,1217,224,104,117828,34345,10667,96841,98199,24702,375,0,0,0,0,0,0,0,0,0,0,0,0,0,0,0,0,0,0,0,0,0,0,0,0,0,0,0,0,0,85,0,0,0,0,1,0,0,0,0,0,0,0,0,0,0,6319,1786,796,19335,0,0,5578,0,0,0
MS,28095,7471,4191,0,422,37376,0,142,0,0,0,0,0,0,0,1113,0,7172,1,0,1,0,0,0,0,0,0,0,18850,0,0,0,0,0,1,0,107,0,0,0,0,0,0,0,0,0,0,0,21,4,217,0,0,0,0,0,0,0,12,0,0,0,1708,10023,0,17010,5716,1221,221,241,106172,40256,18446,47636,88644,77193,2017,0,0,0,0,0,0,0,0,0,0,0,0,0,0,0,0,0,0,0,0,0,0,0,0,0,0,0,0,0,507,0,0,0,0,0,0,0,0,0,0,0,0,0,0,0,7471,4191,929,44548,0,0,8792,0,0,0
MS,28097,3845,5581,0,5,4229,0,6,0,0,0,0,0,0,0,101,0,734,26,0,1,0,0,0,0,0,0,0,2844,0,0,0,0,0,0,0,94,0,0,0,0,0,0,0,0,0,0,0,0,0,56,0,0,0,0,0,0,0,0,0,0,0,3,1353,0,12489,1759,333,81,1,73050,41059,14272,36823,40196,21433,587,0,0,0,0,0,0,0,0,0,0,0,0,0,0,0,0,0,0,0,0,0,0,0,0,0,0,0,0,0,0,0,0,0,0,70,0,0,0,0,0,0,0,0,0,0,3915,5581,5,5033,0,0,835,0,0,0
MS,28099,94,114,0,32,471,0,0,0,0,0,0,0,0,0,39,0,230,0,0,4,0,0,0,0,0,0,0,6323,0,0,0,0,0,0,0,73,0,0,0,0,0,0,0,0,0,0,0,5,0,8,0,0,0,0,0,0,0,0,0,0,0,5,2493,0,18151,1858,747,245,15,88629,60852,33878,43249,70746,37283,302,0,0,0,0,0,0,0,0,0,0,0,0,0,0,0,0,0,0,0,0,0,0,0,0,0,0,0,0,0,3,0,0,0,0,0,0,0,0,0,0,0,0,0,0,0,94,114,35,701,0,0,272,0,0,0
MS,28101,1074,223,0,6,1981,0,1,0,0,0,0,0,0,0,19,0,165,0,0,18,0,0,0,0,0,0,0,4527,0,0,0,0,0,0,0,32,0,0,0,0,0,0,0,0,0,0,0,2,0,3,0,0,0,0,0,0,0,0,0,0,0,4,2156,0,14519,1873,473,121,11,77084,75348,45476,56024,60907,28753,133,0,0,0,0,0,0,0,0,0,0,0,0,0,0,0,0,0,0,0,0,0,0,0,0,0,0,0,0,0,0,0,0,0,0,2,0,0,0,0,0,0,0,0,0,0,1076,223,6,2148,0,0,184,0,0,0
MS,28103,23048,9498,0,3,24351,0,16,0,0,0,0,0,0,0,791,0,2994,0,0,0,0,0,0,0,0,0,0,12194,0,0,0,0,0,0,0,19,0,0,0,0,0,0,0,0,0,0,0,5,0,2866,0,0,0,0,0,0,0,18,0,0,0,10113,3853,0,14076,2526,334,42,28,35375,75395,18504,28405,92355,89330,1897,0,0,0,0,0,0,0,0,0,0,0,0,0,0,0,0,0,0,0,0,0,0,0,0,0,0,0,0,0,5,0,0,0,0,0,0,0,0,0,0,0,0,0,0,0,23048,9498,8,27345,0,0,3790,0,0,0
MS,28105,212,258,0,1,2907,0,0,0,0,0,0,0,0,0,26,0,377,0,0,1,0,0,0,0,0,0,0,10243,0,0,0,0,0,0,0,113,0,0,0,0,0,0,0,0,0,0,0,3,0,96,0,0,0,0,0,0,0,1,0,0,0,294,2975,0,15854,4159,1737,359,21,47187,45188,20055,28337,60352,52292,2572,0,0,0,0,0,0,0,0,0,0,0,0,0,0,0,0,0,0,0,0,0,0,0,0,0,0,0,0,0,0,0,0,0,0,0,0,0,0,0,0,0,0,0,0,0,212,258,1,3284,0,0,403,0,0,0
MS,28107,12995,11381,5120,2523,30331,24,1321,0,0,0,0,0,0,0,2160,0,19271,0,0,0,0,0,0,0,0,0,0,1835,0,0,0,0,7,0,0,2,0,0,0,0,0,0,0,0,0,4,0,133,0,9378,0,0,0,0,0,0,0,488,0,0,0,382,14911,0,20438,6131,1123,268,351,99971,20757,2465,63744,103805,19401,314,0,0,0,0,0,0,0,0,0,0,0,0,0,0,0,0,0,0,0,0,0,0,0,0,0,0,0,0,0,245,0,4,0,3,1,0,1,0,0,0,0,0,0,0,0,12996,11385,2768,49606,0,0,21680,3,0,0
MS,28109,278,25,1,15,252,0,106,0,0,0,0,0,0,0,66,0,119,4,0,2,0,0,0,0,0,0,0,653,0,0,0,0,0,0,0,0,0,1,0,0,0,0,0,0,0,0,0,753,0,18,0,0,0,0,0,0,0,2,0,0,0,0,7226,0,20446,3825,852,210,618,137,164234,3478,85018,90722,144098,501,0,0,0,0,0,0,0,0,0,0,0,0,0,0,0,0,0,0,0,0,0,0,0,0,0,0,0,0,0,2,0,414,0,0,0,1,0,0,0,0,0,0,0,0,0,278,439,17,371,0,0,601,0,0,0
MS,28111,330,176,0,144,132,0,831,0,0,0,0,0,0,0,16,0,25,0,0,0,0,0,0,0,0,0,0,215,0,0,0,0,0,0,0,1,0,1,0,0,0,0,0,0,0,0,0,14,0,39,0,0,0,0,0,0,0,0,0,0,0,0,3464,0,15977,1748,273,51,905,2947,203249,33792,49838,33425,67759,353,0,0,0,0,0,0,0,0,0,0,0,0,0,1,0,0,0,0,0,0,0,0,0,0,0,0,0,0,0,76,0,138,0,0,0,201,0,0,0,0,9,0,0,0,0,330,314,220,157,0,0,255,0,0,0
MS,28113,273,2,1,9,358,0,12,0,0,0,0,0,0,0,5,0,450,7,0,0,0,0,0,0,0,0,0,1652,0,0,0,0,0,0,0,0,0,1,0,0,0,0,0,0,0,0,0,40,0,5,0,1,0,2,0,0,0,0,0,0,0,0,1233,0,17373,4969,1341,421,26,4855,72436,23868,49589,56309,27643,32,0,0,0,0,0,0,0,0,0,0,0,0,0,0,0,0,0,0,0,0,0,0,0,0,0,0,0,0,0,1,0,0,0,0,0,0,0,0,0,0,0,0,0,0,0,273,2,10,808,0,0,456,0,0,0
MS,28115,416,698,0,271,26026,0,1,0,0,0,0,0,0,0,112,0,1901,1,0,3,0,0,0,0,0,0,0,17357,0,0,0,0,0,60,0,1051,0,0,0,0,0,0,0,0,0,0,0,330,0,164,0,0,0,0,0,0,0,0,0,0,0,26,3795,0,11836,4780,741,209,20,68892,35228,10689,55462,72044,7947,574,0,0,0,0,0,0,0,0,0,0,0,0,0,0,0,0,0,0,0,0,0,0,0,0,0,0,0,0,0,1,0,0,0,0,1,0,0,0,0,0,0,0,0,0,0,417,698,272,27928,0,0,2014,0,0,0
MS,28117,697,1214,0,15,17947,0,2,0,0,0,0,0,0,0,79,0,2575,2,0,3,0,0,0,0,0,0,0,13107,0,0,0,0,0,0,0,21,0,0,0,0,0,0,0,0,0,0,0,136,0,74,0,0,0,0,0,0,0,0,0,0,0,6,3961,0,11420,4417,892,311,39,69174,37152,15929,38344,40443,9261,430,0,0,0,0,0,0,0,0,0,0,0,0,0,0,0,0,0,0,0,0,0,0,0,0,0,0,0,0,0,19,0,0,0,0,0,0,0,0,0,0,0,0,0,0,0,697,1214,34,20522,0,0,2673,0,0,0
MS,28119,19524,15871,10148,4526,85316,15,196,0,0,0,0,0,0,0,6482,0,16676,0,0,0,0,0,0,0,0,0,0,57,0,0,0,0,0,0,0,0,0,0,0,0,0,0,0,0,0,10,0,42,0,40058,0,0,0,0,0,0,0,722,0,0,0,125,4274,0,10450,617,163,34,27,5,4,13,34,420,43916,143,0,0,0,0,0,0,0,0,0,0,0,0,0,2,0,0,0,0,0,0,0,0,0,0,0,0,0,0,0,126,0,1,0,6,154,0,0,0,0,0,0,0,0,0,0,19678,15872,4652,102152,0,0,23285,6,0,0
MS,28121,2056,1789,1,1,6988,0,17,0,0,0,0,0,0,0,37,0,719,0,0,0,0,0,0,0,0,0,0,1987,0,0,0,0,0,0,0,0,0,0,0,0,0,0,0,0,0,3,0,0,0,20,0,0,0,0,0,0,0,0,0,0,0,1,20357,0,29555,14806,5801,1655,91,56469,104748,59012,61586,78360,69671,116,0,0,0,0,0,0,0,0,0,0,0,0,0,0,0,0,0,0,0,0,0,0,0,0,0,0,0,0,0,1,0,2,0,0,0,0,0,0,0,0,0,0,0,0,0,2056,1791,2,7707,0,0,759,0,0,0
MS,28123,272,493,0,0,4757,0,16,0,0,0,0,0,0,0,26,0,349,12,0,1,0,0,0,0,0,0,0,1849,0,0,0,0,0,0,0,4,0,0,0,0,0,0,0,0,0,5,0,0,0,350,0,0,0,0,0,0,0,0,0,0,0,0,1930,0,16095,2484,595,256,11,40155,119968,45085,36517,75932,43327,153,0,0,0,0,0,0,0,0,0,0,0,0,0,0,0,0,0,0,0,0,0,0,0,0,0,0,0,0,0,0,0,0,0,0,0,0,0,0,0,0,0,0,0,0,0,272,493,0,5106,0,0,375,0,0,0
MS,28125,49321,8338,268,288,67511,0,0,0,1,0,0,0,0,0,4992,0,6584,0,300,0,0,0,0,0,0,0,0,6,0,0,0,0,0,0,0,2,0,0,0,0,0,0,0,0,0,0,0,0,0,13984,0,0,0,0,0,0,0,882,0,0,0,5,8342,0,6868,601,159,30,24,3,18,1,3054,444,105739,475,0,0,0,0,0,0,0,0,0,0,0,0,0,3,0,0,0,0,0,0,0,0,0,0,0,0,0,0,0,0,0,68,0,18,1,0,0,0,0,0,0,0,0,0,0,49322,8406,288,74114,0,0,11644,318,0,0
MS,28127,428,166,0,0,685,0,12,0,0,0,0,0,0,0,8,0,593,0,0,0,0,0,0,0,0,0,0,1424,0,0,0,0,0,0,0,0,0,33,0,0,0,0,0,0,0,5,0,0,0,24,0,0,0,0,0,0,0,0,0,0,0,0,2144,0,15974,2669,703,141,25,36051,89203,77232,54730,64324,31342,29,0,0,0,0,0,0,0,0,0,0,0,0,0,0,0,0,0,0,0,0,0,0,0,0,0,0,0,0,0,0,0,0,0,0,0,0,0,0,0,0,0,0,0,0,0,428,166,0,1278,0,0,601,0,0,0
MS,28129,136,341,0,0,714,0,256,0,0,0,0,0,0,0,36,0,262,0,0,0,0,0,0,0,0,0,0,1411,0,0,0,0,0,0,0,2,0,4,0,0,0,0,0,0,0,1,0,0,0,85,0,0,0,0,0,0,0,0,0,0,0,0,1777,0,14514,1457,183,53,37,28706,126083,78851,44958,60096,47815,76,0,0,0,0,0,0,0,0,0,0,0,0,0,0,0,0,0,0,0,0,0,0,0,0,0,0,0,0,0,0,0,0,0,0,0,0,0,0,0,0,0,0,0,0,0,136,341,0,976,0,0,298,0,0,0
MS,28131,84,600,0,10,41,0,779,0,0,0,0,0,0,0,4,0,2,0,0,0,0,0,0,0,0,0,0,180,0,0,0,0,0,0,0,0,0,1,0,0,0,0,0,0,0,0,3,17,0,2,0,0,0,0,0,0,0,0,0,0,0,1,2426,0,11995,1145,260,56,472,98,135622,3518,43531,29084,56551,272,0,0,0,0,0,0,0,0,0,0,0,0,0,0,0,0,0,0,0,0,0,0,0,0,0,0,0,0,0,0,0,11,0,0,0,0,0,0,0,0,1,0,0,0,0,84,611,10,43,0,0,17,0,0,0
MS,28133,85190,5964,17500,4792,179482,0,8,0,113,0,0,0,0,0,16157,0,25948,0,0,0,0,0,0,0,0,0,0,77,0,0,0,17,0,0,0,0,0,0,0,0,0,203,0,0,0,9,0,0,0,24844,0,0,0,0,0,0,0,1154,0,0,0,5144,16088,0,19979,2386,788,243,21,2,8,6,203,219,45181,185,0,0,0,0,0,0,0,0,0,0,0,0,0,134,0,0,26,0,0,28,0,0,0,0,0,0,0,0,0,11,0,1,0,8,488,0,10,0,0,0,0,0,0,0,0,85706,5965,4803,205926,0,0,42145,8,0,0
MS,28135,46389,14926,7928,1344,103506,1,154,0,6,0,0,0,0,0,6606,0,16227,2,1,0,0,0,0,0,0,0,0,1381,0,0,0,0,0,0,0,45,0,0,0,0,0,48,0,0,0,6,0,80,0,19473,0,0,0,0,0,0,0,502,0,0,0,28,8125,0,16056,1508,127,27,53,54226,6438,1094,21888,31411,56830,399,0,0,0,0,0,0,0,0,0,0,0,0,0,6,0,0,0,0,0,0,0,0,0,0,0,0,0,0,0,230,0,18,0,3,238,1,4,0,0,0,0,0,0,0,0,46627,14944,1574,119974,0,0,23081,4,0,0
MS,28137,6225,6978,762,1259,12927,2,1248,0,0,0,0,0,0,0,1395,0,5404,0,0,0,0,0,0,0,0,0,0,4103,0,0,0,0,56,0,0,1,0,0,151,0,0,0,0,0,0,2,1,70,0,10807,0,0,0,0,0,0,0,59,0,0,0,1,6969,0,10968,3795,497,129,73,52734,6815,1220,43369,70056,13544,1365,0,0,0,0,0,0,0,0,0,0,0,0,0,0,0,0,0,0,0,0,0,0,0,0,0,0,0,0,0,4,0,0,0,0,0,0,0,0,0,0,0,0,0,0,0,6225,6978,1263,18331,0,0,6803,0,0,0
MS,28139,1519,598,0,25,11098,2,0,0,0,0,0,0,0,0,179,0,1216,2,0,0,0,0,0,0,0,0,0,8153,0,0,0,0,0,0,0,15,0,0,0,0,0,0,0,0,0,0,0,123,0,130,0,0,0,0,0,0,0,0,0,0,0,3,2736,0,12200,3432,580,200,32,90960,35820,12948,63186,45625,3359,242,0,0,0,0,0,0,0,0,0,0,0,0,0,0,0,0,0,0,0,0,0,0,0,0,0,0,0,0,0,0,0,0,0,0,0,0,0,0,0,0,0,0,0,0,0,1519,598,25,12314,0,0,1395,0,0,0
MS,28141,1104,1077,0,2,2556,1,4,0,0,0,0,0,0,0,185,0,792,0,2,0,0,0,0,0,0,0,3,2263,0,0,0,0,0,0,0,14,0,0,0,0,0,0,0,0,0,0,0,16,0,54,0,0,0,0,0,0,0,0,0,0,0,24,14625,0,13456,3492,823,242,463,97095,48445,22149,38239,31518,5582,135,0,0,0,0,0,0,0,0,0,0,0,0,0,0,0,0,0,0,0,0,0,0,0,0,0,0,0,0,0,2,0,132,0,11,1,0,0,0,0,0,0,0,0,0,0,1105,1209,4,3360,0,0,1111,13,0,0
MS,28143,22058,18039,27438,6999,80313,21,320,0,0,0,0,0,0,0,13605,0,21579,0,0,0,0,0,0,0,0,0,0,46,0,0,0,0,0,0,0,1,0,0,0,0,0,0,0,0,0,369,0,11,0,15279,0,0,0,0,0,0,0,442,0,0,0,162,18364,0,11002,1585,579,248,1729,129,10,32,147,811,65875,78,0,81,0,0,0,0,0,0,0,0,0,0,0,0,0,0,0,0,0,0,0,0,0,0,0,0,0,0,0,22,0,1,0,296,17,0,0,0,0,0,0,0,0,0,0,22075,18040,7021,102205,0,0,35207,296,0,0
MS,28145,784,988,0,169,24008,0,0,0,0,0,0,0,0,0,33,0,944,0,0,4,0,0,0,0,0,0,0,14000,0,0,0,0,0,1,0,18,0,0,0,0,0,0,0,0,0,0,0,151,0,65,0,0,0,0,0,0,0,0,0,0,0,2,2386,0,10890,4546,1013,256,9,68220,27768,10165,39216,47796,12571,750,0,0,0,0,0,0,0,0,0,0,0,0,0,0,0,0,0,0,0,0,0,0,0,0,0,0,0,0,0,0,0,0,0,0,42,0,0,0,0,0,0,0,0,0,0,826,988,169,24994,0,0,977,0,0,0
MS,28147,630,7,0,26,471,0,118,0,0,0,0,0,0,0,79,0,357,36,0,14,0,0,0,0,0,0,0,3820,0,0,0,0,0,0,0,0,0,0,0,0,0,0,0,0,0,0,0,58,0,9,0,2,0,1,0,0,0,0,0,0,0,0,635,0,12248,1511,231,51,135,2165,72360,19677,45759,71393,27024,23,0,0,0,0,0,0,0,0,0,0,0,0,0,0,0,0,0,0,0,0,0,0,0,0,0,0,0,0,0,6,0,6,0,0,0,0,0,0,0,0,0,0,0,0,0,630,13,32,828,0,0,448,0,0,0
MS,28149,14460,874,65,29,17509,0,209,0,3,0,0,0,0,0,1321,0,3098,0,0,0,0,0,0,0,0,0,0,510,0,0,0,0,0,0,0,0,0,0,0,0,0,0,0,0,0,1,0,0,0,2273,0,0,0,0,0,0,0,29,0,0,0,4,22153,0,20280,3782,1508,595,351,150920,1246,1118,16832,13893,121725,1118,0,0,0,0,0,0,0,0,0,0,0,0,0,0,0,0,0,0,0,0,0,0,0,0,0,0,0,0,0,4,0,2,0,0,112,0,0,0,0,0,0,0,0,0,0,14572,876,33,20719,0,0,4425,0,0,0
MS,28151,98487,9020,11349,3114,172097,0,2,0,149,0,0,0,0,0,13053,0,13249,0,3,0,0,0,0,0,0,0,0,29,0,0,0,0,0,0,0,2,0,0,0,0,0,1,0,0,0,53,0,0,0,18461,0,0,0,0,0,0,0,1577,0,0,0,59,27554,0,20543,5073,2025,872,574,6,7,4,531,585,87980,135,0,0,0,0,0,0,0,0,0,0,0,0,0,163,0,0,0,0,0,8,0,0,0,0,0,0,0,0,0,433,0,0,0,2,2,0,0,0,0,0,0,0,0,0,0,98497,9020,3547,185350,0,0,26743,5,0,0
MS,28153,273,135,0,171,54,0,1023,0,0,0,0,0,0,0,0,0,5,0,0,0,0,0,0,0,0,0,0,1215,0,0,0,0,0,4,0,0,0,10,0,0,0,0,0,0,0,0,0,9,0,14,0,0,0,0,0,0,0,0,0,0,0,1,3921,0,23168,2628,587,138,189,23227,197304,113220,70419,55146,27556,206,0,0,0,0,0,0,0,0,0,0,0,0,0,0,0,0,0,0,0,0,0,0,0,0,0,0,0,0,0,0,0,0,0,3,0,11,0,0,0,0,0,0,0,0,0,273,135,171,62,0,0,5,3,0,0
MS,28155,3145,7218,0,2,2342,0,0,0,0,0,0,0,0,0,173,0,1593,6,0,1,0,0,0,0,0,0,0,4960,0,0,0,0,0,0,0,1510,0,0,0,0,0,0,0,0,0,0,0,2,0,7,0,0,0,0,0,0,0,0,0,0,0,17,1374,0,11625,1172,277,59,7,83360,52177,22072,34922,30557,12059,307,0,0,0,0,0,0,0,0,0,0,0,0,0,0,0,0,0,0,0,0,0,0,0,0,0,0,0,0,0,0,0,0,0,0,0,0,0,0,0,0,0,0,0,0,0,3145,7218,2,3935,0,0,1766,0,0,0
MS,28157,427,16,1,0,2161,0,1,0,1,0,0,0,0,0,214,0,89,0,0,0,0,0,0,0,0,0,0,496,0,0,0,0,0,0,0,0,0,0,0,0,0,0,0,0,0,0,0,0,0,32,0,0,0,0,0,0,0,1,0,0,0,0,11130,0,11658,1334,192,23,1355,118079,84767,55349,50334,31410,68593,2434,0,0,0,0,0,0,0,0,0,0,0,0,0,1,0,0,0,0,0,0,0,0,0,0,0,0,0,0,0,0,0,0,0,0,5,0,0,0,0,0,0,0,0,0,0,432,16,0,2255,0,0,303,0,0,0
MS,28159,478,87,0,1,1474,0,0,0,0,0,0,0,0,0,115,0,223,1,0,6,0,0,0,0,0,0,0,6009,0,0,0,0,0,0,0,68,0,0,0,0,0,0,0,0,0,0,0,7,0,21,0,0,0,0,0,0,0,0,0,0,0,15,2065,0,16290,1690,536,174,36,100892,89711,37879,42872,58081,31334,406,0,0,0,0,0,0,0,0,0,0,0,0,0,0,0,0,0,0,0,0,0,0,0,0,0,0,0,0,0,2,0,0,0,0,0,0,0,0,0,0,0,0,0,0,0,478,87,3,1697,0,0,340,0,0,0
MS,28161,1206,5566,18,135,3798,1,825,0,0,0,0,0,0,0,237,0,721,0,0,2,0,0,0,0,0,0,0,1982,0,0,0,0,0,0,0,748,0,0,0,0,0,0,0,0,0,0,0,63,0,304,0,0,0,0,0,0,0,9,0,0,0,28,24655,0,13904,3863,379,49,198,89202,47530,9936,49268,45492,14417,2053,0,0,0,0,0,0,0,0,0,0,0,0,0,0,0,0,0,0,0,0,0,0,0,0,0,0,0,0,0,209,0,0,0,0,1,0,0,0,0,0,0,0,0,0,0,1207,5566,344,4520,0,0,1167,0,0,0
MS,28163,60116,20847,251,2983,45849,2,518,0,4,0,0,0,0,0,6842,0,16811,0,4,0,0,0,0,0,0,0,0,5518,0,0,0,0,0,0,0,2,0,0,0,0,0,0,0,0,0,7,0,57,0,21061,0,0,0,0,0,0,0,586,0,0,0,6,16014,0,25256,1960,392,151,195,170635,11933,2270,22477,66111,97546,810,0,0,0,0,0,0,0,0,0,0,0,0,0,52,0,0,0,0,0,0,0,0,0,0,0,0,0,0,0,446,0,159,0,2,3,0,0,0,0,0,0,0,0,0,0,60119,21006,3429,62665,0,0,24258,6,0,0
MO,29001,14806,0,0,29,35513,0,0,0,0,0,0,1,0,0,1276,0,168,14,48,0,0,0,0,0,0,0,47,32884,0,0,0,0,0,32,0,0,0,0,0,0,0,0,0,0,0,0,16,1,1,73,0,0,0,0,0,0,0,0,0,0,0,0,2026,0,15662,3925,713,169,13,110998,53,954,1420,141494,1883,123,0,0,0,0,0,0,0,0,0,0,0,0,0,0,0,0,0,0,0,1,0,0,0,0,0,0,0,0,0,0,0,0,0,11,6,0,0,0,0,0,0,0,0,0,2,14813,0,29,35700,3,0,1445,59,0,0
MO,29003,58147,0,0,98,61967,0,0,0,0,40,0,0,0,0,868,0,363,0,2,0,0,0,0,0,0,0,425,5008,0,0,0,0,0,0,0,0,0,0,0,0,0,0,0,0,0,0,3,0,29,17,0,0,0,0,0,0,0,0,0,0,0,0,2074,0,13308,4268,708,97,133,46898,2,1,34,81813,1993,999,0,0,0,0,0,0,0,0,0,0,0,0,0,0,0,0,0,0,0,0,0,0,0,0,0,0,0,0,0,0,0,0,0,0,1,0,0,0,0,0,0,0,0,0,0,58148,0,98,62331,0,0,1231,2,0,0
MO,29005,144902,0,0,1,115698,0,0,0,0,285,0,0,0,0,235,0,20,0,105,0,0,0,0,0,0,0,227,1034,0,0,0,0,0,1,0,0,0,0,0,0,0,0,0,0,0,0,0,0,0,296,0,0,0,0,0,0,0,0,0,0,0,0,2603,0,17483,2327,318,57,3,21860,0,0,0,34629,3229,5016,0,0,0,0,0,0,0,0,0,0,0,0,0,0,0,0,0,0,0,0,0,0,0,0,0,0,0,0,0,0,0,0,0,0,18,0,0,0,0,0,0,0,0,0,0,144920,0,1,115736,0,0,255,105,0,0
MO,29007,94161,0,0,1380,143261,0,0,0,0,2,0,1,0,0,6999,0,17994,77,2,0,0,0,0,0,0,0,242,7818,0,0,0,0,0,1,0,0,0,0,0,0,0,0,0,0,0,0,139,6,13,59,0,0,0,0,0,0,0,0,0,0,0,0,2599,0,16245,4809,1012,375,249,55922,18,36,38,89989,2302,50,0,0,0,0,0,0,0,0,0,0,0,0,0,0,0,0,0,0,11,113,0,0,0,0,0,0,0,0,0,95,0,0,0,0,3,0,0,0,0,0,0,0,0,0,2,94277,0,1475,161260,3,0,25201,2,0,0
MO,29009,4886,0,0,14,449,0,0,0,0,0,0,46,0,0,711,0,1915,37,9,0,0,0,0,0,0,0,346,7009,0,0,0,0,0,1,0,0,0,0,0,0,0,0,0,0,0,0,7,832,0,7,0,0,0,0,0,0,0,0,0,0,0,0,7111,0,21644,4910,834,341,303,221639,19212,783,57,212511,76,3,0,105,0,0,0,0,0,0,0,0,0,0,0,0,0,0,0,0,0,91,0,0,0,0,0,0,0,0,2,21,0,0,0,0,2,0,0,0,0,0,1,0,0,0,250,4979,0,37,2616,298,0,2738,9,0,0
MO,29011,33532,0,0,736,47498,0,0,0,0,88,0,17,0,0,1391,0,48795,90,20,4,0,0,0,0,0,0,299,21750,0,0,0,0,0,7,0,0,0,0,0,0,0,0,0,0,0,0,30,649,0,1111,0,0,0,0,0,0,0,2,0,0,0,0,2917,0,15099,2656,418,200,131,49699,133,2,27,146722,7363,35,0,8,0,0,0,0,0,0,0,0,0,0,0,0,0,0,0,0,0,8,3,0,0,0,0,0,0,0,0,0,0,0,0,3,356,0,0,0,0,0,0,0,0,0,53,33899,0,736,96705,70,0,50194,26,0,0
MO,29013,49614,0,0,177,92541,0,0,1,0,0,0,3,0,0,1568,0,29003,32,1,0,0,0,0,0,0,0,85,33733,0,0,0,0,0,0,0,0,0,0,0,0,0,0,0,0,0,0,74,1630,2,93,0,0,0,0,0,0,0,114,0,0,0,0,5218,0,20924,3891,441,126,98,66118,39,5,42,217174,20010,844,0,115,0,0,0,0,0,0,0,0,0,0,0,0,0,0,0,0,0,263,0,0,0,0,0,0,0,0,0,9,0,0,0,0,880,0,0,0,0,1,0,0,0,0,12,50757,0,186,122436,15,0,30843,1,0,0
MO,29015,11454,0,0,107,17760,1,0,0,0,0,0,0,0,0,1708,0,4376,9,2,3,0,0,0,0,0,0,74,11005,0,0,0,0,0,0,0,0,0,0,0,0,0,0,0,0,0,0,24,245,7,103,0,0,0,0,0,0,0,0,0,0,0,0,31632,0,19156,4438,582,159,430,235620,12044,485,1300,127116,1067,720,0,0,0,0,0,0,0,0,0,0,0,0,0,0,0,0,0,0,0,0,0,0,0,0,0,0,0,0,0,0,0,0,0,0,3,0,0,0,0,0,0,0,0,0,1,11457,0,107,22140,1,0,6084,2,0,0
MO,29017,10718,3,195,369,22554,0,0,0,0,0,0,15,0,0,421,0,5823,2,0,0,0,0,0,0,0,0,10,24667,0,0,0,0,0,0,0,0,0,1,0,0,0,0,0,0,0,0,0,29,0,27,0,0,0,0,0,0,0,0,0,0,0,0,1192,0,12016,2122,117,18,144,226499,1685,110,199,82614,4507,1471,0,0,0,0,0,0,0,0,0,0,0,0,0,0,0,0,0,0,0,2,0,0,0,0,0,0,0,0,0,0,0,0,0,0,54,0,0,0,0,0,0,0,0,0,0,10774,3,369,28431,15,0,6246,0,0,0
MO,29019,17401,0,0,198,40490,0,0,0,0,0,0,0,0,0,3327,0,4168,8,0,0,0,0,0,0,0,0,136,11813,0,0,0,0,0,0,0,0,0,0,0,0,0,0,0,0,0,0,88,0,19,251,0,0,0,0,0,0,0,0,0,0,0,0,5705,0,22945,13131,6286,1670,813,179842,3088,783,40,127969,1951,121,0,0,0,0,0,0,0,0,0,0,0,0,0,0,0,0,0,0,0,1,1,0,0,0,0,0,0,0,0,69,0,0,0,0,10,0,0,0,0,0,0,0,0,0,0,17413,0,267,44668,0,0,7565,1,0,0
MO,29021,47426,0,0,10,50482,0,0,1,0,1,0,0,0,0,1085,0,455,1,10,0,0,0,0,0,0,0,89,3702,0,0,0,0,0,0,0,0,0,0,0,0,0,0,0,0,0,0,2,0,10,29,0,0,0,0,0,0,0,0,0,0,0,0,4736,0,17878,11044,4403,2290,89,49646,4,2,20,67160,3877,927,0,0,0,0,0,0,0,0,0,0,0,0,0,0,0,0,0,0,0,8,1,0,3,0,0,0,0,0,0,0,0,0,0,0,5,0,0,0,0,0,0,0,0,0,0,47440,0,10,50942,0,0,1548,11,0,0
MO,29023,32347,1319,47748,843,105165,0,28,0,0,43,0,0,0,0,1550,0,15423,0,5,0,0,0,0,0,0,0,4,1675,0,0,0,0,0,0,0,0,0,14,0,0,0,0,0,0,0,1,0,185,2,1516,0,13,0,0,0,0,0,0,0,0,0,34,3209,0,22441,4536,1068,238,137,130220,5690,5172,1,41222,25298,114,0,0,0,0,0,2,0,0,0,0,0,0,0,0,0,0,0,0,0,72,0,0,0,0,0,0,0,0,0,2,0,0,0,5,4,0,0,0,0,0,0,0,0,0,0,32423,1319,845,120597,0,0,17047,10,2,0
MO,29025,19068,0,0,365,40704,0,0,0,0,4,0,0,0,0,3253,0,2365,13,5,0,0,0,0,0,0,0,184,21838,0,0,0,0,0,0,0,0,0,0,0,0,0,0,0,0,0,0,6,17,151,2,0,0,0,0,0,0,0,0,0,0,0,0,1104,0,9301,3455,434,38,81,42133,1,5,14,128565,1831,10,0,0,0,0,0,0,0,0,0,0,0,0,0,0,0,0,0,0,0,0,0,0,0,0,0,0,0,0,0,0,0,0,0,0,55,0,0,0,0,0,0,0,0,0,0,19123,0,365,43124,0,0,5618,5,0,0
MO,29027,31068,0,0,604,53649,0,0,0,0,0,0,2,0,0,2070,0,5355,1,1,6,0,0,0,0,0,0,393,11684,0,0,0,0,0,0,0,0,0,0,0,0,0,0,0,0,0,0,112,11,64,18,0,0,0,0,0,0,0,0,0,0,0,0,6080,0,17067,6228,2239,426,611,253729,4228,678,48,143870,1658,60,0,0,0,0,0,0,0,0,0,0,0,0,0,0,0,0,0,0,2,5,0,0,0,0,0,0,0,0,0,200,0,0,0,0,40,0,0,0,0,0,0,0,0,0,0,31113,0,804,59044,2,0,7630,1,0,0
MO,29029,168,0,0,0,116,0,0,0,0,0,0,0,0,0,21,0,99,0,0,0,0,0,0,0,0,0,26,677,0,0,0,0,0,1,0,0,0,0,0,0,0,0,0,0,0,0,0,1,0,1,0,0,0,0,0,0,0,0,0,0,0,0,33904,0,25152,5486,1919,671,323,306820,2994,434,139,74279,286,9,0,0,0,0,0,0,0,0,0,0,0,0,0,0,0,0,0,0,0,0,0,0,0,0,0,0,0,0,0,0,0,0,0,0,4,0,0,0,0,0,0,0,0,0,0,172,0,0,219,0,0,120,0,0,0
MO,29031,28646,14,339,298,43064,0,0,0,0,2,0,0,0,0,1600,0,16424,38,38,1,0,0,0,0,0,0,223,16015,0,0,0,0,0,0,0,0,0,1,0,0,0,0,0,0,0,0,0,52,0,887,0,0,0,0,5,0,0,0,0,0,0,0,7653,0,14950,13109,4091,1594,278,113907,131,87,5,108599,2679,199,0,0,0,0,0,0,0,0,0,0,0,0,0,0,0,0,0,0,0,149,0,0,0,0,0,0,0,0,0,0,0,0,0,0,215,0,0,0,0,0,0,0,0,0,37,29010,14,298,59740,37,0,18173,38,0,0
MO,29033,81756,0,0,215,121451,0,0,0,0,0,0,0,0,0,4306,0,3206,4,13,0,0,0,0,0,0,0,19,16797,0,0,0,0,0,0,0,0,0,0,0,0,0,0,0,0,0,0,34,2,36,27,0,0,0,0,0,0,0,0,0,0,0,0,7699,0,18195,4207,385,115,69,50806,5,26,31,128280,11273,483,0,0,0,0,0,0,0,0,0,0,0,0,0,0,0,0,0,0,0,0,0,0,0,0,0,0,0,0,0,1,0,0,0,0,15,0,0,0,0,0,0,0,0,0,0,81771,0,216,124672,0,0,7513,13,0,0
MO,29035,4,0,0,1,24,0,0,0,0,0,0,0,0,0,7,0,2,0,0,0,0,0,0,0,0,0,2,1049,0,0,0,0,0,0,0,0,0,0,0,0,0,0,0,0,0,0,0,2,0,8,0,0,0,0,0,0,0,0,0,0,0,0,948,0,10463,812,73,8,153,265647,16149,5902,2,24063,448,4,0,0,0,0,0,0,0,0,0,0,0,0,0,0,0,0,0,0,0,0,0,0,0,0,0,0,0,0,0,0,0,0,0,0,0,0,0,0,0,0,0,0,0,0,0,4,0,1,26,0,0,9,0,0,0
MO,29037,27066,0,0,19,64974,0,0,1,0,0,0,0,0,0,2906,0,5070,28,4,0,0,0,0,0,0,0,77,24796,0,0,0,0,0,0,0,0,0,0,0,0,0,0,0,0,0,0,20,30,14,438,0,0,0,0,0,0,0,1,0,0,0,0,4294,0,31322,18150,3132,628,477,62348,0,1,46,200145,3375,146,0,36,0,0,0,0,0,0,0,0,0,0,0,0,0,0,0,0,0,2,0,0,6,0,0,0,0,0,0,0,0,0,0,0,20,0,0,0,0,0,0,0,0,0,1,27088,0,19,70065,1,0,7978,4,0,0
MO,29039,3393,0,0,61,4884,0,0,0,0,0,0,0,0,0,388,0,1886,0,13,0,0,2,0,0,0,0,65,11866,0,0,0,0,0,0,0,0,0,0,0,0,0,0,0,0,0,0,5,1576,0,2,0,0,0,0,0,0,0,0,0,0,0,0,14441,0,12550,1420,273,117,143,142250,2694,41,138,120612,217,5,0,0,0,0,0,0,0,0,0,0,0,0,0,0,0,0,0,0,0,0,0,0,0,0,0,0,0,0,0,0,0,0,0,0,19,0,0,0,0,0,0,0,0,0,0,3412,0,61,6789,0,0,2274,13,0,0
MO,29041,75341,0,0,35,128819,0,0,0,0,0,0,4,0,0,6383,0,3600,1,5,0,0,0,0,0,0,0,55,24507,0,0,0,0,0,1,0,0,0,0,0,0,0,0,0,0,0,0,24,3,1,125,0,0,0,0,0,0,0,0,0,1,0,0,12394,0,16060,5153,354,89,99,54158,32,156,171,130972,29030,3953,0,0,0,0,0,0,0,0,0,0,0,0,0,0,0,0,0,0,0,0,0,0,0,0,0,0,0,0,0,2,0,0,0,0,155,0,0,0,0,0,0,0,0,0,0,75496,0,37,132574,4,0,9985,5,0,0
MO,29043,1128,0,0,10,277,0,0,0,0,0,0,0,0,0,367,0,203,7,4,0,0,0,0,0,0,0,625,1979,0,0,0,0,0,0,0,0,0,0,0,0,0,0,0,0,0,0,0,60,0,16,0,0,0,0,0,0,0,0,0,0,0,0,191,0,14133,7764,2625,610,158,174041,9169,1480,39,146007,20,0,0,0,0,0,0,0,0,0,0,0,0,0,0,0,0,0,0,0,0,2,0,0,0,0,0,0,0,0,0,6,0,0,0,0,0,0,0,0,0,0,1,0,0,0,0,1130,0,16,480,0,0,578,4,0,0
MO,29045,50021,0,0,3,65750,0,0,0,0,0,0,1,0,0,4618,0,140,4,7,0,0,0,0,0,0,0,169,10085,0,0,0,0,0,0,0,0,0,0,0,0,0,0,0,0,0,0,99,0,1,129,0,0,0,0,0,0,0,0,0,0,0,0,4721,0,10989,3167,258,32,59,83391,281,102,585,82879,8918,1145,0,0,0,0,0,0,0,0,0,0,0,0,0,0,0,0,0,0,0,1,0,0,0,0,0,0,0,0,0,0,0,0,0,0,71,0,0,0,0,0,0,0,0,0,5,50093,0,3,65966,6,0,4759,7,0,0
MO,29047,14069,0,0,6,21614,8,0,0,0,0,0,0,0,0,1170,0,859,10,0,0,0,0,0,0,0,0,40,5640,0,0,0,0,0,0,0,0,0,0,0,0,0,0,0,0,0,0,1,1,88,21,0,0,0,0,0,0,0,0,0,0,0,0,7180,0,32603,26783,8662,4187,60,36862,1,3,37,100163,1464,75,0,0,0,0,0,0,0,0,0,0,0,0,0,0,0,0,0,0,0,0,0,0,0,0,0,0,0,0,0,0,0,0,0,0,0,0,0,0,0,0,0,0,0,0,0,14069,0,6,22473,0,0,2029,0,0,0
MO,29049,41874,0,0,14,47329,0,0,6,0,0,0,0,0,0,757,0,390,0,12,0,0,0,0,0,0,0,189,10554,0,0,0,0,0,0,0,0,0,0,0,0,0,0,0,0,0,0,3,0,40,6,0,0,0,0,0,0,0,0,0,0,0,0,3875,0,12481,5622,516,126,41,34688,1,2,25,111937,521,7,0,0,0,0,0,0,0,0,0,0,0,0,0,0,0,0,0,0,0,0,0,0,0,0,0,0,0,0,0,0,0,0,0,0,0,0,0,0,0,2,0,0,0,0,0,41874,0,14,47719,0,0,1147,12,0,0
MO,29051,3752,0,0,9,8882,0,0,0,0,0,0,0,0,0,622,0,766,0,1,0,0,0,0,0,0,0,23,11409,0,0,0,0,0,0,0,0,0,0,0,0,0,0,0,0,0,0,2,6,0,19,0,0,0,0,0,0,0,0,0,0,0,0,5573,0,12770,7995,2999,817,402,108286,6624,844,44,82302,1038,187,0,0,0,0,0,0,0,0,0,0,0,0,0,0,0,0,0,0,0,17,3,0,0,0,0,0,0,0,0,2,2,0,0,0,18,0,0,0,0,0,0,0,0,0,2,3792,0,11,9668,4,0,1407,4,0,0
MO,29053,43279,0,0,24,59738,0,0,0,0,0,0,0,0,0,4777,0,10784,188,1,0,0,0,0,0,0,0,99,19825,0,0,0,0,0,0,0,0,0,0,0,0,0,0,0,0,0,0,6,6,17,126,0,0,0,0,0,0,0,0,0,0,0,0,3707,0,14051,4144,954,216,192,97672,785,276,130,100927,2729,195,0,0,0,0,0,0,0,0,0,0,0,0,0,0,0,0,0,0,0,8,0,0,0,0,0,0,0,0,0,3,0,0,0,0,92,0,0,0,0,0,0,0,0,0,10,43379,0,27,70624,10,0,15572,1,0,0
MO,29055,126,0,0,4,470,0,0,0,0,0,0,0,0,0,196,0,37,0,0,0,0,0,0,0,0,0,8,3353,0,0,0,0,0,0,0,0,0,0,0,0,0,0,0,0,0,0,0,3,0,0,0,0,0,0,0,0,0,0,0,0,0,0,1759,0,20284,2114,535,89,701,349420,7971,1418,231,87164,146,4,0,0,0,0,0,0,0,0,0,0,0,0,0,0,0,0,0,0,0,0,0,0,0,0,0,0,0,0,0,0,0,0,0,0,0,0,0,0,0,0,0,0,0,0,0,126,0,4,507,0,0,233,0,0,0
MO,29057,12814,0,0,409,9677,0,0,0,0,0,0,2,0,0,1066,0,19372,6,8,3,0,72,0,0,0,0,233,11079,0,0,0,0,0,28,0,0,0,0,0,0,0,0,0,0,0,0,99,442,0,2,0,0,0,0,0,0,0,0,0,0,0,0,9725,0,12758,1514,176,75,138,88300,1480,76,80,154126,236,4,0,1,0,0,0,0,0,0,0,0,0,0,0,0,0,0,0,0,0,0,0,0,0,0,0,0,0,0,0,74,0,0,0,0,4,0,0,0,0,0,0,0,0,0,6,12818,0,483,29059,8,0,20512,8,0,0
MO,29059,757,0,0,0,870,0,0,0,0,0,0,0,0,0,377,0,348,0,0,0,0,0,0,0,0,0,204,2040,0,0,0,0,0,20,0,0,0,0,0,0,0,0,0,0,0,0,0,59,0,0,0,0,0,0,0,0,0,0,0,0,0,0,386,0,13001,3159,301,84,82,182292,2915,412,96,139925,44,0,0,0,0,0,0,0,0,0,0,0,0,0,0,0,0,0,0,0,0,20,0,0,0,0,0,0,0,0,0,1,0,0,0,0,1,0,0,0,0,0,0,0,0,0,0,778,0,1,1219,0,0,746,0,0,0
MO,29061,33927,0,0,76,70769,25,0,0,0,15,0,0,0,0,4154,0,698,80,40,0,0,0,0,0,0,0,127,17735,0,0,0,0,0,0,0,0,0,0,0,0,0,0,0,0,0,0,48,3,604,43,0,0,0,0,0,0,0,0,0,0,0,0,2394,0,13636,5102,318,33,136,63878,2,48,32,146934,3309,27,0,0,0,0,0,0,0,0,0,0,0,0,0,0,0,0,0,0,0,0,0,0,0,0,0,0,0,0,0,0,0,0,0,0,1,0,0,0,0,9,0,0,0,0,0,33928,0,76,71468,0,0,4852,40,0,0
MO,29063,31638,0,0,420,48074,8,0,0,0,0,0,0,0,0,2815,0,292,51,6,0,0,0,0,0,0,0,294,15960,0,0,0,0,0,0,0,0,0,0,0,0,0,0,0,0,0,0,63,1,83,16,0,0,0,0,0,0,0,0,0,0,0,0,1879,0,10721,4136,435,107,43,35676,3,12,31,119260,454,14,0,0,0,0,0,0,0,0,0,0,0,0,0,0,0,0,0,0,0,0,0,0,0,0,0,0,0,0,0,0,0,0,0,1,0,0,0,0,0,1,0,0,0,0,1,31638,0,420,48368,1,0,3107,7,0,0
MO,29065,200,0,0,4,12,0,0,0,0,0,0,0,0,0,31,0,10,0,0,0,0,0,0,0,0,0,59,2776,0,0,0,0,0,0,0,0,0,0,0,0,0,0,0,0,0,0,0,6,0,14,0,0,0,0,0,0,0,0,0,0,0,0,619,0,17739,1451,264,81,212,325213,14072,3450,62,116606,14,1,0,0,0,0,0,0,0,0,0,0,0,0,0,0,0,0,0,0,0,1,0,0,0,0,0,0,0,0,0,0,0,0,0,0,0,0,0,0,0,0,0,0,0,0,0,201,0,4,22,0,0,42,0,0,0
MO,29067,236,0,0,77,157,0,0,0,0,0,0,0,0,0,4,0,1,0,0,0,0,0,0,0,0,0,74,878,0,0,0,0,0,0,0,0,0,0,0,0,0,0,0,0,0,0,0,3,0,1,0,0,0,0,0,0,0,0,0,0,0,0,109,0,18834,1468,204,69,57,328948,9293,1522,20,159357,30,0,0,0,0,0,0,0,0,0,0,0,0,0,0,0,0,0,0,0,0,0,0,0,0,0,0,0,0,0,0,0,0,0,0,0,2,0,0,0,0,0,0,0,0,0,0,238,0,77,160,0,0,5,0,0,0
MO,29069,39367,75700,17236,2614,96212,0,0,0,0,1026,0,0,0,0,1513,0,46585,0,4,0,0,0,0,0,0,0,9,728,0,0,0,0,0,0,0,0,0,1608,0,0,0,50,0,0,0,3,0,82,12,2546,0,188,0,0,0,0,0,34,0,0,0,1,4760,0,21836,2798,915,272,19,4668,6,65,2,7838,21123,119,0,0,0,0,0,32,0,0,0,0,0,0,0,0,0,0,0,0,0,1,0,0,0,0,0,0,0,0,0,35,0,27,89,0,65,0,0,0,0,0,0,0,0,0,0,39433,75816,2649,142951,0,0,48161,4,32,0
MO,29071,15693,0,0,262,21734,0,0,0,0,0,0,3,0,0,926,0,1808,0,0,0,0,0,0,0,0,0,43,12297,0,0,0,0,0,0,0,0,0,0,0,0,0,0,0,0,0,0,1,11,0,24,0,0,0,0,0,0,0,0,0,0,0,0,8822,0,24486,11657,2845,1080,1149,342708,9425,683,6,137850,1655,116,0,0,0,0,0,0,0,0,0,0,0,0,0,0,0,0,40,0,0,56,0,0,0,0,0,0,0,0,1,48,0,0,0,0,310,0,0,0,0,0,0,0,0,0,22,16059,0,311,23874,26,0,2838,0,0,0
MO,29073,2616,0,0,305,10166,0,0,0,0,0,0,0,0,0,555,0,752,2,0,0,0,0,0,0,0,0,9,10677,0,0,0,0,0,0,0,0,0,0,0,0,0,0,0,0,0,0,7,34,0,23,0,0,0,0,0,0,0,0,0,0,0,0,4449,0,13155,2415,470,144,305,211164,3095,628,6,74827,548,28,0,0,0,0,0,0,0,0,0,0,0,0,0,0,0,0,2,0,0,22,0,0,0,0,0,0,0,0,2,19,0,0,0,0,240,0,0,0,0,0,0,0,0,0,4,2878,0,326,11162,6,0,1348,0,0,0
MO,29075,38602,0,0,13,52381,2,0,0,0,0,0,0,0,0,3223,0,433,14,17,0,0,0,0,0,0,0,743,16887,0,0,0,0,0,0,0,0,0,0,0,0,0,0,0,0,0,0,12,17,217,77,0,0,0,0,0,0,0,0,0,0,0,0,1541,0,12464,2790,249,94,53,58259,9,48,56,124101,2240,28,0,0,0,0,0,0,0,0,0,0,0,0,0,0,0,0,0,0,0,0,0,0,0,0,0,0,0,0,0,0,0,0,0,0,51,0,0,0,0,0,0,0,0,0,124,38653,0,13,52989,124,0,3656,17,0,0
MO,29077,1784,0,0,22,1364,0,0,0,0,0,0,22,0,0,970,0,798,28,18,4,0,0,0,0,0,0,1090,3737,0,0,0,0,0,1,0,0,0,0,0,0,0,0,0,0,0,0,0,486,0,4,0,0,0,0,0,0,0,0,0,1,0,0,1533,0,28412,32255,13994,5466,407,120182,4166,632,84,216311,51,1,0,0,0,0,0,0,0,0,0,0,0,0,0,0,0,0,0,0,0,6,0,0,0,0,0,0,0,0,0,9,0,0,0,0,3,0,0,0,0,0,2,0,0,0,2,1793,0,31,2167,24,0,1783,18,0,0
MO,29079,31286,0,0,39,61716,0,0,0,0,28,0,0,0,0,2708,0,731,6,10,0,0,0,0,0,0,0,43,15422,0,0,0,0,0,0,0,0,0,0,0,0,0,0,0,0,0,0,1,0,24,12,0,0,0,0,0,0,0,0,0,0,0,0,1662,0,9853,4290,437,103,235,41378,2,177,9,105489,4449,18,0,0,0,0,0,0,0,0,0,0,0,0,0,0,0,0,0,0,0,5,0,0,0,0,0,0,0,0,0,0,0,0,0,0,177,0,0,0,0,0,0,0,0,0,1,31468,0,39,62625,1,0,3444,10,0,0
MO,29081,45460,0,0,6,63806,2,0,0,0,0,0,0,0,0,2774,0,219,72,69,0,0,0,0,0,0,0,624,28214,0,0,0,0,0,0,0,0,0,0,0,0,0,0,0,0,0,0,28,12,1371,129,0,0,0,0,0,0,0,0,0,0,0,0,2777,0,18497,4958,446,72,100,88511,25,547,54,204176,1926,36,0,0,0,0,0,0,0,0,0,0,0,0,0,0,0,0,0,0,0,0,0,0,0,0,0,0,0,0,0,0,0,0,0,0,11,0,0,0,0,0,0,0,0,0,8,45471,0,6,64044,8,0,2993,69,0,0
MO,29083,14863,0,0,107,49110,0,0,0,0,0,0,0,0,0,2944,0,15016,12,46,1,0,0,0,0,0,0,20,35366,0,0,0,0,0,0,0,0,0,0,0,0,0,0,0,0,0,0,46,4348,11,415,0,0,0,0,0,0,0,0,0,0,0,0,23729,0,17900,4394,1082,338,478,94474,1476,45,149,175258,20783,6343,0,14,0,0,0,0,0,0,0,0,0,0,0,0,0,0,0,0,0,0,0,0,0,0,0,0,0,0,0,1,0,0,0,0,4,0,0,0,0,0,0,0,0,0,0,14867,0,108,64130,0,0,17961,46,0,0
MO,29085,1991,0,0,26,1345,0,0,0,0,0,0,0,0,0,556,0,579,0,0,0,0,0,0,0,0,0,30,4860,0,0,0,0,0,0,0,0,0,0,0,0,0,0,0,0,0,0,2,478,0,14,0,0,0,0,0,0,0,0,0,0,0,0,8004,0,9348,2967,234,47,273,137117,10711,364,367,83935,199,48,0,0,0,0,0,0,0,0,0,0,0,0,0,0,0,0,0,0,0,2,0,0,0,0,0,0,0,0,0,0,0,0,0,0,7,0,0,0,0,0,0,0,0,0,0,2000,0,26,1931,0,0,1137,0,0,0
MO,29087,107975,0,0,1,87385,4,0,0,0,177,0,0,0,0,700,0,339,0,56,0,0,0,0,0,0,0,100,987,0,0,0,0,0,0,0,0,0,0,0,0,0,0,0,0,0,0,0,0,0,780,0,0,0,0,0,0,0,0,0,0,0,0,7229,0,15855,2574,345,52,16,31219,2,0,2,28992,4965,10235,0,2,0,0,0,0,0,0,0,0,0,0,0,0,0,0,0,0,0,0,0,0,9,0,0,0,0,0,0,0,0,0,0,0,217,0,0,0,0,0,0,0,0,0,0,108192,0,1,87941,0,0,1039,56,0,0
MO,29089,32582,0,0,77,38151,0,0,0,0,0,0,0,0,0,1951,0,2584,6,0,0,0,0,0,0,0,0,124,10758,0,0,0,0,0,1,0,0,0,0,0,0,0,0,0,0,0,0,94,2,17,409,0,0,0,0,0,0,0,0,0,2,0,0,4617,0,11873,2095,344,96,154,103341,285,339,62,87658,2759,766,0,0,0,0,0,0,0,0,0,0,0,0,0,0,0,0,0,0,0,0,0,0,0,0,0,0,0,0,0,4,0,0,0,0,4,0,0,0,0,0,0,0,0,0,0,32586,0,81,40739,0,0,4539,0,0,0
MO,29091,489,0,0,77,92,0,0,0,0,0,0,0,0,0,88,0,103,0,0,0,0,0,0,0,0,0,175,1317,0,0,0,0,0,0,0,0,0,0,0,0,0,0,0,0,0,0,0,92,0,4,0,0,0,0,0,0,0,0,0,0,0,0,544,0,21243,4517,1128,451,245,319608,9911,1013,6,233002,29,0,0,0,0,0,0,0,0,0,0,0,0,0,0,0,0,0,0,0,0,0,0,0,0,0,0,0,0,0,0,0,0,0,0,0,2,0,0,0,0,0,0,0,0,0,0,491,0,77,197,0,0,191,0,0,0
MO,29093,29,0,0,1,248,0,0,0,0,0,0,0,0,0,2,0,19,0,0,0,0,0,0,0,0,0,2,1011,0,0,0,0,0,0,0,0,0,0,0,0,0,0,0,0,0,0,0,0,0,5,0,0,0,0,0,0,0,0,0,0,0,0,1108,0,10311,1200,192,58,1224,287149,7891,11854,587,30438,67,9,0,0,0,0,0,0,0,0,0,0,0,0,0,0,0,0,0,0,0,0,0,0,0,0,0,0,0,0,0,0,0,0,0,0,0,0,0,0,0,0,0,0,0,0,0,29,0,1,267,0,0,21,0,0,0
MO,29095,19734,0,0,5,32679,0,0,1,1,0,0,0,0,0,685,0,786,1,0,0,0,0,0,0,0,0,57,3820,0,0,0,0,0,0,0,0,0,0,0,0,0,0,0,0,0,0,3,0,20,12,0,0,0,0,0,0,0,0,0,0,0,0,8006,0,57097,70207,25483,11411,466,69711,4,6,34,91029,3079,67,0,0,0,0,0,0,0,0,0,0,0,0,0,0,0,0,0,0,0,0,0,0,0,0,0,0,0,0,0,0,0,0,0,0,0,0,0,0,0,0,0,0,0,0,0,19734,0,5,33465,0,0,1471,0,0,0
MO,29097,17814,0,0,263,22089,0,0,0,0,2,0,36,0,0,1636,0,35021,20,3,10,0,0,0,0,0,0,285,20230,0,0,0,0,0,17,0,0,0,0,0,0,0,0,0,0,0,0,66,1095,0,95,0,0,0,0,0,0,0,0,0,0,0,0,1885,0,24328,15468,4781,2484,1760,83057,44,1,35,176314,1849,5,0,6,0,0,0,0,0,0,0,0,0,0,0,0,0,0,0,0,0,42,0,0,0,0,0,0,0,0,22,1,0,0,0,6,8,0,0,0,0,0,0,0,0,0,162,17864,0,286,57286,220,0,36700,9,0,0
MO,29099,2491,0,1,3,4174,0,0,0,0,0,0,23,0,0,98,0,185,3,1,0,0,0,0,0,0,0,41,2412,0,0,0,0,0,0,0,0,0,0,0,0,0,0,0,0,0,0,0,22,0,14,0,0,0,0,0,0,0,0,0,0,0,0,6066,0,26994,19415,5619,1648,1788,285548,13742,5050,1,47182,1842,568,0,0,0,0,0,0,0,0,0,0,0,0,0,0,0,0,1,0,0,7,0,0,0,0,0,0,0,0,0,1,2,0,0,0,0,0,0,0,0,0,4,0,0,0,2,2500,0,4,4361,27,0,291,1,0,0
MO,29101,34451,0,0,13,63139,0,0,0,0,0,0,0,0,0,4731,0,7319,113,30,8,0,0,0,0,0,0,64,45112,0,0,0,0,0,0,0,0,0,0,0,0,0,0,0,0,0,0,8,179,6,24,0,0,0,0,0,0,0,1,0,0,0,0,3017,0,26601,7820,1683,796,132,109961,82,4,57,221371,6348,200,0,0,0,0,0,0,0,0,0,0,0,0,0,0,0,0,0,0,0,0,0,0,0,0,0,0,0,0,0,1,0,0,0,1,20,0,0,0,0,0,0,0,0,0,3,34471,0,14,70482,3,0,12051,31,0,0
MO,29103,50930,0,0,25,70801,0,0,0,0,0,0,117,0,0,2425,0,897,10,4,0,0,0,0,0,0,0,86,14559,0,0,0,0,0,0,0,0,0,0,0,0,0,0,0,0,0,0,24,0,0,97,0,0,0,0,0,0,0,0,0,0,0,0,1747,0,11079,1901,143,18,133,57083,10,48,402,103838,7757,50,0,0,0,0,0,0,0,0,0,0,0,0,0,0,0,0,0,0,0,0,0,0,0,0,0,0,0,0,0,8,0,0,0,0,79,0,0,0,0,0,0,0,0,0,49,51009,0,33,71826,166,0,3330,4,0,0
MO,29105,2060,0,0,5,880,0,0,0,0,0,0,0,0,0,238,0,119,0,0,0,0,0,0,0,0,0,610,4007,0,0,0,0,0,2,0,0,0,0,0,0,0,0,0,0,0,0,22,24,0,0,0,0,0,0,0,0,0,0,0,0,0,0,640,0,20668,4671,1291,432,146,269432,7785,778,42,177664,46,2,0,0,0,0,0,0,0,0,0,0,0,0,0,0,0,0,0,0,0,7,0,0,0,0,0,0,0,0,0,6,0,0,0,0,1,0,0,0,0,0,0,0,0,0,0,2068,0,11,1000,0,0,370,0,0,0
MO,29107,94012,0,0,10,110662,0,0,0,0,0,0,0,0,0,1088,0,4404,5,0,0,0,0,0,0,0,0,140,14578,0,0,0,0,0,3,0,0,0,0,0,0,0,0,0,0,0,0,9,15,6,18,0,2,13,0,0,0,0,0,0,0,0,0,6846,0,21553,7091,1302,329,115,49649,2,2,70,92836,4057,116,0,0,0,0,0,0,0,0,0,0,0,0,0,0,0,0,0,0,0,0,0,0,0,0,0,0,0,0,0,0,0,0,0,3,1,0,0,0,0,1,0,0,0,0,0,94013,0,10,115070,0,0,5492,3,0,0
MO,29109,8663,0,0,57,2812,0,0,0,0,0,0,12,0,0,2350,0,7309,36,1,26,0,10,0,0,0,0,692,14971,0,0,0,0,0,8,0,0,0,0,0,0,0,0,0,0,0,0,26,1796,0,77,0,0,0,0,0,0,0,0,0,0,0,0,224,0,17642,5962,964,373,231,91582,559,70,51,235769,65,0,0,3,0,0,0,0,0,0,0,0,0,0,0,0,0,0,0,0,0,24,0,0,0,0,0,0,0,0,1,64,2,0,0,8,2,0,0,0,0,0,1,0,0,0,77,8691,0,122,10208,92,0,9747,9,0,0
MO,29111,57537,0,0,2,69454,0,0,0,0,0,0,2,0,0,4724,0,382,3,3,0,0,0,0,0,0,0,97,9732,0,0,0,0,0,0,0,0,0,0,0,0,0,0,0,0,0,0,31,0,2,123,0,0,0,0,0,0,0,0,0,0,0,0,5443,0,10715,3836,289,50,121,69175,50,12,384,85329,8262,1069,0,0,0,0,0,0,0,0,0,0,0,0,0,0,0,0,0,0,10,30,0,0,0,0,0,0,0,0,0,0,0,0,0,0,72,0,0,0,0,0,0,0,0,0,4,57639,0,2,69912,6,0,5136,3,0,0
MO,29113,29873,0,0,509,59675,0,0,0,0,0,0,0,0,0,5116,0,6770,1,1,0,0,0,0,0,0,0,60,9601,0,0,0,0,0,0,0,0,0,0,0,0,0,0,0,0,0,0,101,104,2,1251,0,0,0,0,0,0,0,0,0,0,0,0,8551,0,13813,6863,1511,431,855,149208,292,7,4,100190,11568,3429,0,0,0,0,0,0,0,0,0,0,0,0,0,0,0,0,12,0,18,21,0,0,0,0,0,0,0,0,0,8,0,0,0,0,25,0,0,0,0,0,0,0,0,0,4,29919,0,517,66474,4,0,11915,1,0,0
MO,29115,28279,0,0,264,62922,0,0,0,0,0,0,16,0,0,3708,0,1716,7,17,0,0,0,0,0,0,0,32,31259,0,0,0,0,0,0,0,0,0,0,0,0,0,0,0,0,0,0,8,0,3,97,0,0,0,0,0,0,0,0,0,0,0,0,2637,0,14713,5704,534,122,25,60083,32,749,252,172270,11547,668,0,0,0,0,0,0,0,0,0,0,0,0,0,0,0,0,0,0,0,0,0,0,0,0,0,0,0,0,0,0,0,0,0,0,47,0,0,0,0,0,0,0,0,0,0,28326,0,264,64685,16,0,5424,17,0,0
MO,29117,33653,0,0,567,99593,0,0,0,0,2,0,0,0,0,6224,0,3381,18,20,0,0,0,0,0,0,0,51,13089,0,0,0,0,0,0,0,0,0,0,0,0,0,0,0,0,0,0,3,0,25,28,0,0,0,0,0,0,0,0,0,0,0,0,4511,0,11122,5189,673,165,301,47544,2,133,16,102256,15116,919,0,0,0,0,0,0,0,0,0,0,0,0,0,0,0,0,0,0,0,0,0,0,0,0,0,0,0,0,0,1,0,0,0,0,12,0,0,0,0,2,0,0,0,0,1,33665,0,568,102987,1,0,9606,20,0,0
MO,29119,886,0,0,6,147,0,0,0,0,0,0,2,0,0,249,0,676,8,0,0,0,0,0,0,0,0,10,5097,0,0,0,0,0,0,0,0,0,0,0,0,0,0,0,0,0,0,0,85,0,2,0,0,0,0,0,0,0,0,0,0,0,0,263,0,15459,1647,366,106,438,194496,402,17,21,124460,493,1,0,18,0,0,0,0,0,0,0,0,0,0,0,0,0,0,0,0,0,31,0,0,0,0,0,0,0,0,0,0,0,0,0,0,0,0,0,0,0,0,0,0,0,0,2,917,0,6,825,4,0,956,0,0,0
MO,29121,30496,0,0,5,73534,0,0,0,0,0,0,1,0,0,3286,0,2490,18,12,0,0,0,0,0,0,0,102,34629,0,0,0,0,0,0,0,0,0,0,0,0,0,0,0,0,0,0,18,3,0,47,0,0,0,0,0,0,0,0,0,0,0,0,7080,0,19744,5409,503,73,100,132438,127,632,799,201266,7070,150,0,0,0,0,0,0,0,0,0,0,0,0,0,0,0,0,0,0,0,0,0,0,0,0,0,0,0,0,0,1,0,0,0,0,12,0,0,0,0,0,0,0,0,0,0,30508,0,6,76036,1,0,5777,12,0,0
MO,29123,134,1,0,0,629,0,0,0,0,0,0,0,0,0,7,0,52,0,0,0,0,0,0,0,0,0,7,2680,0,0,0,0,0,0,0,0,0,0,0,0,0,0,0,0,0,0,0,0,0,5,0,0,0,0,0,0,0,0,0,0,0,0,1079,0,8218,2843,324,63,497,244040,7561,2205,443,47467,210,11,0,0,0,0,0,0,0,0,0,0,0,0,0,0,0,0,0,0,0,0,0,0,0,0,0,0,0,0,0,0,0,0,0,0,0,0,0,0,0,0,0,0,0,0,0,134,1,0,681,0,0,59,0,0,0
MO,29125,1161,0,0,132,2047,0,0,0,0,0,0,0,0,0,231,0,127,0,1,0,0,0,0,0,0,0,11,8285,0,0,0,0,0,7,0,0,0,0,0,0,0,0,0,0,0,0,2,122,0,1,0,0,0,0,0,0,0,0,0,0,0,0,1474,0,11997,1269,150,44,90,192335,6419,1434,33,111601,140,2,0,0,0,0,0,0,0,0,0,0,0,0,0,0,0,0,0,0,0,4,0,0,0,0,0,0,0,0,0,1,0,0,0,0,1,0,0,0,0,0,0,0,0,0,27,1166,0,133,2202,27,0,363,1,0,0
MO,29127,52631,0,0,8,54731,0,0,0,0,153,0,0,0,0,4558,0,947,26,0,0,0,0,0,0,0,0,101,8519,0,0,0,0,0,0,0,0,0,0,0,0,0,0,0,0,0,0,49,2,0,122,0,0,0,0,0,0,0,0,0,0,0,0,5049,0,11962,6608,1180,292,278,65532,71,12,409,63791,6060,1026,0,0,0,0,0,0,0,0,0,0,0,0,0,0,0,0,0,0,27,2,0,0,0,0,0,0,0,0,0,2,0,0,0,0,12,0,0,0,0,0,0,0,0,0,2,52645,0,10,55692,2,0,5509,0,0,0
MO,29129,17568,0,0,2,25420,0,0,0,0,0,0,0,0,0,537,0,104,1,15,0,0,0,0,0,0,0,448,23061,0,0,0,0,0,0,0,0,0,0,0,0,0,0,0,0,0,0,0,2,8,19,0,0,0,0,0,0,0,0,0,0,0,0,1414,0,10088,2033,109,5,86,70802,158,2522,77,135514,1212,26,0,0,0,0,0,0,0,0,0,0,0,0,0,0,0,0,0,0,0,0,0,0,0,0,0,0,0,0,0,0,0,0,0,0,28,0,0,0,0,0,0,0,0,0,0,17596,0,2,25552,0,0,641,15,0,0
MO,29131,996,0,0,7,3690,0,0,0,0,0,0,0,0,0,265,0,211,10,0,0,0,0,0,0,0,0,16,6725,0,0,0,0,0,1,0,0,0,0,0,0,0,0,0,0,0,0,2,87,0,6,0,0,0,0,0,0,0,0,0,0,0,0,5093,0,17124,3102,756,220,260,223926,8168,1132,103,111739,255,31,0,0,0,0,0,0,0,0,0,0,0,0,0,0,0,0,0,0,0,10,0,0,0,0,0,0,0,0,0,1,0,0,0,0,15,0,0,0,0,0,0,0,0,0,2,1021,0,8,3918,2,0,487,0,0,0
MO,29133,57458,256,95,652,108693,0,0,0,0,6,0,0,0,0,1582,0,52144,18,269,0,0,0,0,0,0,0,3,349,0,0,0,0,0,0,0,6,0,12,0,0,0,0,0,0,0,4,0,2,62,1724,0,3,0,0,0,0,0,0,0,0,0,0,12312,0,9326,3632,850,132,3,4614,38,1,16,2158,16177,488,0,0,0,0,0,0,0,0,0,0,0,0,0,0,0,0,0,0,0,12,0,0,0,0,0,0,0,0,0,4,0,0,0,0,1390,0,0,0,0,0,0,0,0,0,0,58860,256,656,162227,0,0,53742,269,0,0
MO,29135,9075,0,0,99,17533,0,0,0,0,0,0,0,0,0,2057,0,4082,12,3,0,0,0,0,0,0,0,26,13861,0,0,0,0,0,5,0,0,0,0,0,0,0,0,0,0,0,0,2,255,2,47,0,0,0,0,0,0,0,0,0,0,0,0,2005,0,12021,2425,489,142,123,82054,2686,470,55,117401,895,62,0,0,0,0,0,0,0,0,0,0,0,0,0,0,0,0,0,0,0,157,0,0,0,0,0,0,0,0,0,2,0,0,0,0,2,0,0,0,0,0,0,0,0,0,19,9234,0,101,21636,19,0,6298,3,0,0
MO,29137,56644,0,0,215,80353,0,0,0,9,4,0,0,0,0,4290,0,3260,4,2,0,0,0,0,0,0,0,142,16419,0,0,0,0,0,0,0,0,0,0,0,0,0,0,0,0,0,0,63,1,0,11,0,0,0,0,0,0,0,0,0,0,0,0,16789,0,15131,2785,226,47,106,96909,201,112,189,123811,8261,2863,0,0,0,0,0,0,0,0,0,0,0,0,0,0,0,0,0,0,0,1,0,0,0,0,0,0,0,0,0,3,0,0,0,0,27,0,0,0,0,0,0,0,0,0,0,56672,0,218,83640,0,0,7554,2,0,0
MO,29139,41021,0,0,490,61521,0,0,0,0,4,0,0,0,0,3132,0,11806,19,1,0,0,0,0,0,0,0,65,7233,0,0,0,0,0,0,0,0,0,0,0,0,0,0,0,0,0,0,60,22,5,60,0,0,0,0,0,0,0,0,0,0,0,0,2663,0,13146,3893,768,152,279,132118,838,163,33,64762,1357,62,0,0,0,0,0,0,0,0,0,0,0,0,0,0,0,0,0,0,50,53,0,0,0,0,0,0,0,0,0,19,0,0,0,0,8,0,0,0,0,0,0,0,0,0,19,41082,0,509,73354,19,0,15010,1,0,0
MO,29141,5494,0,0,45,9754,0,0,0,0,0,0,0,0,0,869,0,1924,3,3,0,0,0,0,0,0,0,75,7277,0,0,0,0,0,0,0,0,0,0,0,0,0,0,0,0,0,0,4,18,0,6,0,0,0,0,0,0,0,0,0,0,0,0,10664,0,19512,3279,506,144,176,218019,1310,411,322,112515,535,13,0,0,0,0,0,0,0,0,0,0,0,0,0,0,0,0,0,0,0,3,0,0,0,0,0,0,0,0,0,1,0,0,0,0,8,0,0,0,0,0,0,0,0,0,71,5505,0,46,11757,71,0,2797,3,0,0
MO,29143,78836,66479,8893,958,184347,0,0,0,0,1243,0,0,0,0,3486,0,28813,4,15,0,0,0,0,0,0,0,2,193,0,0,0,0,0,0,0,1,0,17,0,0,0,1,0,0,0,74,0,2,63,3379,0,2,0,0,0,0,0,0,0,0,0,0,14992,0,18664,3593,1162,457,11,1890,10,5,7,1926,26557,269,0,0,0,0,0,0,0,0,0,0,0,0,0,0,0,0,0,0,0,0,0,0,0,0,0,0,0,0,0,1,0,0,347,0,30,0,0,0,0,0,0,0,0,0,0,78866,66826,959,213537,0,0,32300,15,0,0
MO,29145,5242,0,0,189,1898,0,0,0,0,0,0,15,0,0,1158,0,5625,2,3,0,0,0,0,0,0,0,91,17496,0,0,0,0,0,0,0,0,0,0,0,0,0,0,0,0,0,0,2,1020,0,2,0,0,0,0,0,0,0,0,0,0,0,0,313,0,19759,6234,1794,694,589,139228,110,2,38,198113,598,0,0,27,0,0,0,0,0,0,0,0,0,0,0,0,0,0,0,0,0,20,12,0,0,0,0,0,0,0,0,20,0,0,0,22,0,0,0,0,0,0,0,0,0,0,201,5274,0,209,7746,216,0,6823,37,0,0
MO,29147,132482,0,0,4,127444,0,0,0,0,9,0,0,0,0,969,0,322,1,88,0,0,0,0,0,0,0,1463,14526,0,0,0,0,0,0,0,0,0,0,0,0,0,0,0,0,0,0,5,1,29,18,0,0,0,0,0,0,0,0,0,0,0,0,3517,0,23895,5316,960,259,29,58749,6,18,115,189363,1971,184,0,26,0,0,0,0,0,0,0,0,0,0,0,0,0,0,0,0,0,0,0,0,0,0,0,0,0,0,0,0,0,0,0,0,1,0,0,0,0,0,7,0,0,0,0,132483,0,4,127767,0,0,1291,88,0,0
MO,29149,29,0,0,6,3,0,0,0,0,0,0,0,0,0,1,0,0,0,0,0,0,0,0,0,0,0,62,1894,0,0,0,0,0,4,0,0,0,0,0,0,0,0,0,0,0,0,0,496,0,0,0,0,0,0,0,0,0,0,0,0,0,0,347,0,17048,1235,94,44,43,331796,10409,5558,1,137187,352,0,0,0,0,0,0,0,0,0,0,0,0,0,0,0,0,0,0,0,0,0,0,0,0,0,0,0,0,0,0,0,0,0,0,0,0,0,0,0,0,0,0,0,0,0,0,29,0,6,3,0,0,1,0,0,0
MO,29151,5908,0,0,112,10665,0,0,0,0,0,0,4,0,0,689,0,1092,3,5,0,0,0,0,0,0,0,51,13343,0,0,0,0,0,1,0,0,0,0,0,0,0,0,0,0,0,0,6,35,1,7,0,0,0,0,0,0,0,0,0,0,0,0,5529,0,12435,2490,310,93,184,220277,3659,1241,127,111884,1776,52,0,0,0,0,0,0,0,0,0,0,0,0,0,0,0,0,0,0,0,47,0,0,0,0,0,0,0,0,4,13,44,0,0,0,424,0,0,0,0,0,0,0,0,0,61,6423,0,129,12242,113,0,1841,5,0,0
MO,29153,88,0,0,8,44,0,0,0,0,0,0,0,0,0,18,0,0,0,0,0,0,0,0,0,0,0,76,723,0,0,0,0,0,0,0,0,0,0,0,0,0,0,0,0,0,0,0,3,0,10,0,0,0,0,0,0,0,0,0,0,0,0,5745,0,17577,1496,119,21,152,292444,21420,4002,279,138947,91,0,0,0,0,0,0,0,0,0,0,0,0,0,0,0,0,0,0,0,0,0,0,0,0,0,0,0,0,0,0,0,0,0,0,0,2,0,0,0,0,0,0,0,0,0,0,90,0,8,46,0,0,18,0,0,0
MO,29155,29578,35382,25584,2508,138969,0,0,0,0,37,0,0,0,0,1986,0,37725,0,2,0,0,0,0,0,0,0,1,153,0,0,0,0,0,0,0,0,0,42,0,0,0,0,0,0,0,0,0,20,9,1640,0,14,0,0,0,0,0,19,0,0,0,0,17044,0,15755,2652,804,145,13,788,1,2,3,812,15499,195,0,0,0,0,0,0,0,0,0,0,0,0,0,0,0,0,0,0,0,0,0,0,0,0,0,0,0,0,0,0,0,0,265,0,289,0,0,0,0,0,0,0,0,0,0,29867,35647,2508,177248,0,0,39711,2,0,0
MO,29157,20989,1,1,169,27131,0,0,0,0,0,0,0,0,0,1106,0,13259,70,8,0,0,0,0,0,0,0,458,13161,0,0,0,0,0,5,0,0,0,0,0,0,0,0,0,0,0,0,0,61,0,65,0,0,0,0,0,0,0,0,0,0,0,0,8572,0,9667,5908,1492,239,690,122856,1624,93,28,80388,1529,209,0,0,0,0,0,0,0,0,0,0,0,0,0,0,0,0,0,0,0,37,0,0,0,0,0,0,0,0,0,1,0,0,0,0,2,0,0,0,0,0,0,0,0,0,2,21028,1,170,40394,2,0,14403,8,0,0
MO,29159,46550,0,0,192,84451,4,0,0,0,0,0,0,0,0,7233,0,10495,40,2,0,0,0,0,0,0,0,54,31894,0,0,0,0,0,0,0,0,0,0,0,0,0,0,0,0,0,0,110,12,2,73,0,0,0,0,0,0,0,0,0,2,0,0,1291,0,15909,7736,1869,912,461,86079,1219,266,358,139973,1935,36,0,0,0,0,0,0,0,0,0,0,0,0,0,0,0,0,0,0,0,5,0,0,0,0,0,0,0,0,0,1,0,0,0,0,1,0,0,0,0,0,0,0,0,0,2,46556,0,193,94949,2,0,17734,2,0,0
MO,29161,97,0,0,36,371,0,0,0,0,0,0,0,0,0,51,0,8,0,0,0,0,0,0,0,0,0,32,3412,0,0,0,0,0,2,0,0,0,0,0,0,0,0,0,0,0,0,0,4,0,11,0,0,0,0,0,0,0,0,0,0,0,0,1163,0,19625,4741,1403,470,211,296140,12188,1115,3,90426,40,0,0,0,0,0,0,0,0,0,0,0,0,0,0,0,0,0,0,0,0,0,0,0,0,0,0,0,0,0,0,1,0,0,0,0,0,0,0,0,0,0,0,0,0,0,1,97,0,37,380,1,0,60,0,0,0
MO,29163,46862,0,0,194,67604,0,0,0,0,0,0,0,0,0,6459,0,5592,31,1,0,0,0,0,0,0,0,147,14444,0,0,0,0,0,0,0,0,0,0,0,0,0,0,0,0,0,0,47,7,2,3879,0,0,0,0,0,0,0,0,0,0,0,0,9364,0,14154,4910,1145,295,556,149422,46,6,20,93239,12420,7351,0,0,0,0,0,0,0,0,0,0,0,0,0,0,0,0,4,0,50,2,0,0,0,0,0,0,0,0,0,5,0,0,0,0,8,0,0,0,0,0,0,0,0,0,13,46872,0,199,73217,13,0,12058,1,0,0
MO,29165,38590,0,0,9,41732,0,0,12,0,0,0,0,0,0,2006,0,331,0,0,0,0,0,0,0,0,0,24,3608,0,0,0,0,0,0,0,0,0,0,0,0,0,0,0,0,0,0,0,1,7,192,0,0,0,0,0,0,0,7,0,0,0,0,4580,0,22418,14266,4512,1715,209,56520,3,15,36,75824,6186,494,0,36,0,0,0,0,0,0,0,0,0,0,0,0,0,0,0,0,0,1,0,0,9,0,0,0,0,0,0,0,0,0,0,0,2,0,0,0,0,0,0,0,0,0,0,38593,0,9,42065,0,0,2338,0,0,0
MO,29167,2022,0,0,14,2536,0,0,0,0,0,0,77,0,0,1289,0,848,76,3,1,0,0,0,0,0,0,749,8966,0,0,0,0,0,8,0,0,0,0,0,0,0,0,0,0,0,0,3,1129,0,14,0,0,0,0,0,0,0,1,0,0,0,0,3278,0,15205,5789,760,282,238,152162,6310,436,156,208459,183,13,0,0,0,0,0,0,0,0,0,0,0,0,0,0,0,0,0,0,0,152,0,0,0,0,0,0,0,0,0,31,0,0,0,0,0,0,0,0,0,0,3,0,0,0,0,2174,0,45,3384,77,0,2320,3,0,0
MO,29169,1039,0,0,22,459,0,0,0,0,0,0,0,0,0,13,0,3,0,0,0,0,0,0,0,0,0,60,1591,0,0,0,0,0,105,0,0,0,0,0,0,0,0,0,0,0,0,2,13,0,1,0,0,0,0,0,0,0,0,0,0,0,0,1750,0,17117,4703,1758,470,945,253119,6989,524,16,62158,90,2,0,0,0,0,0,0,0,0,0,0,0,0,0,0,0,0,0,0,0,0,0,0,0,0,0,0,0,0,0,0,0,0,0,0,6,0,0,0,0,0,0,0,0,0,0,1045,0,22,468,0,0,16,0,0,0
MO,29171,13713,0,0,1,24505,0,0,0,0,0,0,40,0,0,689,0,102,1,21,0,0,0,0,0,0,0,536,24078,0,0,0,0,0,2,0,0,0,0,0,0,0,0,0,0,0,0,5,2,0,59,0,0,0,0,0,0,0,0,0,0,0,0,2548,0,12947,1547,118,6,19,101346,65,1007,575,146766,1585,67,0,0,0,0,0,0,0,0,0,0,0,0,0,0,0,0,0,0,0,2,0,0,0,0,0,0,0,0,0,0,0,0,0,0,130,0,0,0,0,0,0,0,0,0,0,13845,0,1,24737,40,0,793,21,0,0
MO,29173,44864,0,0,128,63703,0,0,0,0,42,0,0,0,0,4017,0,4104,1,8,0,0,0,0,0,0,0,108,9925,0,0,0,0,0,0,0,0,0,0,0,0,0,0,0,0,0,0,59,2,1,85,0,0,0,0,0,0,0,0,0,0,0,0,8276,0,10390,4084,400,95,778,87054,38,14,89,68221,2767,318,0,0,0,0,0,0,0,0,0,0,0,0,0,0,0,0,12,0,20,5,0,0,0,0,0,0,0,0,0,32,0,0,0,0,1,0,0,0,0,0,0,0,0,0,0,44870,0,160,67808,0,0,8158,8,0,0
MO,29175,16835,0,0,10,41670,0,0,0,0,0,0,1,0,0,4143,0,2332,15,21,0,0,0,0,0,0,0,122,16297,0,0,0,0,0,0,0,0,0,0,0,0,0,0,0,0,0,0,72,0,0,56,0,0,0,0,0,0,0,0,0,0,0,0,5803,0,14158,4725,1116,275,165,87985,114,176,76,113410,2443,27,0,0,0,0,0,0,0,0,0,0,0,0,0,0,0,0,0,0,0,1,0,0,0,0,0,0,0,0,0,38,0,0,0,0,2,0,0,0,0,0,0,0,0,0,0,16838,0,48,44004,1,0,6514,21,0,0
MO,29177,40252,0,0,112,70325,2,0,0,0,0,0,0,0,0,1525,0,3289,0,3,0,0,0,0,0,0,0,99,18526,0,0,0,0,0,0,0,0,0,0,0,0,0,0,0,0,0,0,0,2,92,5,0,0,0,0,0,0,0,0,0,0,0,0,3749,0,15381,5272,513,145,138,72669,2,2,29,131800,3015,120,0,0,0,0,0,0,0,0,0,0,0,0,0,0,0,0,0,0,0,0,0,0,0,0,0,0,0,0,0,0,0,0,0,0,38,0,0,0,0,0,0,0,0,0,0,40290,0,112,73652,0,0,4814,3,0,0
MO,29179,62,0,0,2,149,0,0,0,0,0,0,0,0,0,4,0,2,0,0,0,0,0,0,0,0,0,1,1497,0,0,0,0,0,0,0,0,0,0,0,0,0,0,0,0,0,0,0,2,0,453,0,0,0,0,0,0,0,0,0,0,0,0,3258,0,15461,591,80,11,2724,438640,11521,12234,434,33836,156,89,0,0,0,0,0,0,0,0,0,0,0,0,0,0,0,0,1,0,0,0,0,0,0,0,0,0,0,0,0,0,0,0,0,0,0,0,0,0,0,0,0,0,0,0,0,62,0,2,151,0,0,6,0,0,0
MO,29181,1688,1,6248,414,11407,0,21,0,0,0,0,0,0,0,87,0,409,0,0,0,0,0,0,0,0,0,10,2517,0,0,0,0,0,0,0,0,0,34,0,0,0,0,0,0,0,0,0,24,0,180,0,3,0,0,0,0,0,0,0,0,0,2,1949,0,13848,901,78,28,34,274808,7919,9071,0,66635,5933,11,0,0,0,0,0,0,0,0,0,0,0,0,0,0,0,0,0,0,0,1,0,0,0,0,0,0,0,0,0,0,0,0,2,0,0,0,0,0,0,0,0,0,0,0,0,1689,3,414,11818,0,0,497,0,0,0
MO,29183,35336,0,3,74,52831,0,0,0,0,0,0,0,0,0,1760,0,4065,4,0,0,0,0,0,0,0,0,27,2832,0,0,0,0,0,1,0,0,0,0,0,0,0,0,0,0,0,0,4,282,0,2064,0,0,0,0,0,0,0,0,0,0,0,0,23131,0,25346,32283,16238,4652,1482,104573,924,31,3,43823,20508,5238,0,0,0,0,0,0,0,0,0,0,0,0,0,0,0,0,9,0,11,4,0,0,7,0,0,0,0,0,0,2,0,0,0,0,1837,0,0,0,0,0,0,0,0,0,1,37177,0,76,58734,1,0,5831,0,0,0
MO,29185,11398,0,0,68,19568,0,0,0,0,0,0,0,0,0,1288,0,12766,14,2,1,0,0,0,0,0,0,34,15506,0,0,0,0,0,0,0,0,0,0,0,0,0,0,0,0,0,0,45,10012,40,446,0,0,0,0,0,0,0,4,0,0,0,0,16628,0,17018,1846,212,51,147,206317,5785,77,154,120465,6905,2344,0,0,0,0,0,0,0,0,0,0,0,0,0,0,0,0,0,0,0,43,0,0,0,0,0,0,0,0,0,0,0,0,0,0,6,0,0,0,0,0,0,0,0,0,2,11447,0,68,32342,2,0,14097,2,0,0
MO,29186,8564,1,0,2,9258,0,0,0,0,0,0,1,0,0,194,0,3476,2,0,1,0,0,0,0,0,0,213,10236,0,0,0,0,0,0,0,0,0,0,0,0,0,0,0,0,0,0,5,29,0,17,0,0,0,0,0,0,0,0,0,0,0,0,4801,0,8331,3200,713,180,1657,192250,13248,5790,8,61709,948,505,0,0,0,0,0,0,0,0,0,0,0,0,0,0,0,0,0,0,0,14,0,0,0,0,0,0,0,0,0,0,0,0,0,0,52,0,0,0,0,0,0,0,0,0,0,8630,1,2,12786,1,0,3684,0,0,0
MO,29187,880,0,3,1,1314,0,0,0,0,0,0,0,0,0,44,0,457,0,1,0,0,0,0,0,0,0,88,5965,0,0,0,0,0,1,0,0,0,0,0,0,0,0,0,0,0,0,0,4,0,16,0,0,0,0,0,0,0,0,0,0,0,0,1871,0,15895,7268,1903,379,1523,171185,9804,7822,28,62744,123,9,0,0,0,0,0,0,0,0,0,0,0,0,0,0,0,0,0,0,0,2,0,0,0,0,0,0,0,0,0,0,0,0,0,0,0,0,0,0,0,0,4,0,0,0,0,882,0,1,1771,0,0,503,1,0,0
MO,29189,3901,1,4,13,6772,0,0,0,0,0,0,0,0,0,559,0,844,0,0,0,0,0,0,0,0,0,1,383,0,0,0,0,0,0,0,0,0,0,0,0,0,0,0,0,0,0,3,56,0,651,0,0,0,0,0,0,0,0,0,0,0,0,10423,0,52251,108382,33394,15898,1915,79252,252,53,2,12626,6104,967,0,0,0,0,0,0,0,0,0,0,0,0,0,0,0,0,4,0,2,0,0,0,10,0,0,0,0,0,0,1,0,0,0,0,15,0,0,0,0,0,0,0,0,0,2,3916,1,14,7633,2,0,1404,0,0,0
MO,29195,132684,0,0,14,139547,0,0,0,0,0,0,0,0,0,2561,0,2710,4,10,0,0,0,0,0,0,0,118,11284,0,0,0,0,0,0,0,0,0,0,0,0,0,0,0,0,0,0,25,14,2,77,0,0,1,0,0,0,0,1,0,0,0,0,7491,0,19252,5296,1034,413,219,72285,23,55,78,83692,9376,1034,0,0,0,0,0,0,0,0,0,0,0,0,0,0,0,0,0,0,0,1,0,0,0,0,0,0,0,0,0,8,0,0,0,0,16,0,0,0,0,0,0,0,0,0,0,132701,0,22,142273,0,0,5280,10,0,0
MO,29197,9958,0,0,0,19230,0,0,0,0,0,0,0,0,0,347,0,57,1,36,0,0,0,0,0,0,0,59,19161,0,0,0,0,0,0,0,0,0,0,0,0,0,0,0,0,0,0,2,0,0,9,0,0,0,0,0,0,0,0,0,0,0,0,550,0,8449,1474,97,8,3,48639,75,1006,568,86257,1185,35,0,0,0,0,0,0,0,0,0,0,0,0,0,0,0,0,0,0,0,0,0,0,0,0,0,0,0,0,0,0,0,0,0,0,0,0,0,0,0,0,0,0,0,0,0,9958,0,0,19287,0,0,404,36,0,0
MO,29199,40815,0,0,2,55382,0,0,0,0,0,0,1,0,0,2055,0,324,10,82,0,0,0,0,0,0,0,324,10218,0,0,0,0,0,0,0,0,0,0,0,0,0,0,0,0,0,0,46,1,0,47,0,0,0,0,0,0,0,0,0,0,0,0,1886,0,9543,2203,157,30,17,52114,27,132,633,100380,4465,47,0,0,0,0,0,0,0,0,0,0,0,0,0,0,0,0,0,0,0,0,0,0,0,0,0,0,0,0,0,0,0,0,0,0,117,0,0,0,0,0,0,0,0,0,40,40932,0,2,55863,41,0,2379,82,0,0
MO,29201,76627,4496,1411,260,54952,0,0,0,0,16,0,0,0,0,4678,0,40890,386,72,0,0,0,0,0,0,0,41,2219,0,0,0,0,0,0,0,79,0,147,0,0,0,0,0,0,0,6,0,8,0,9036,0,2,0,0,0,0,0,0,0,0,0,0,4699,0,13346,6643,1990,638,112,25082,389,289,6,19230,4063,287,0,0,0,0,0,0,0,0,0,0,0,0,0,0,0,0,0,0,0,215,0,0,0,0,0,0,0,0,0,0,0,0,107,0,236,0,0,0,0,0,0,0,0,0,0,77078,4603,260,96185,0,0,45783,72,0,0
MO,29203,30,0,0,3,10,0,0,0,0,0,0,0,0,0,6,0,0,0,0,0,0,0,0,0,0,0,0,1323,0,0,0,0,0,0,0,0,0,0,0,0,0,0,0,0,0,0,0,13,0,0,0,0,0,0,0,0,0,0,0,0,0,0,935,0,20700,793,54,10,220,493986,34365,19152,22,70587,336,2,0,0,0,0,0,0,0,0,0,0,0,0,0,0,0,0,0,0,0,0,0,0,0,0,0,0,0,0,0,0,0,0,0,0,0,0,0,0,0,0,0,0,0,0,0,30,0,3,10,0,0,6,0,0,0
MO,29205,47445,0,0,7,98214,0,0,0,0,0,0,0,0,0,2121,0,2788,13,2,0,0,0,0,0,0,0,71,10770,0,0,0,0,0,0,0,0,0,0,0,0,0,0,0,0,0,0,16,0,0,4,0,0,0,0,0,0,0,0,0,0,0,0,1849,0,11448,2965,276,42,88,51893,18,6,227,83194,7941,96,0,0,0,0,0,0,0,0,0,0,0,0,0,0,0,0,0,0,0,0,0,0,0,0,0,0,0,0,0,4,0,0,0,0,69,0,0,0,0,0,0,0,0,0,0,47514,0,11,101071,0,0,4913,2,0,0
MO,29207,88996,60322,23938,379,140790,0,0,0,0,5010,0,0,0,0,1264,0,41215,6,3,0,0,0,0,0,0,0,51,6242,0,0,0,0,0,0,0,0,0,37,0,0,0,0,0,0,0,0,0,2,2,1159,0,12,0,0,0,0,0,0,0,0,0,0,4174,0,18574,4206,1192,274,193,43426,95,420,1,60773,24089,2657,0,0,0,0,0,1,0,0,0,0,0,0,0,0,0,0,0,0,0,8,0,0,0,0,0,0,0,0,0,56,0,24,908,0,13,0,0,0,0,0,0,0,0,0,0,89017,61254,435,182926,0,0,42567,3,1,0
MO,29209,293,0,0,0,85,0,0,0,0,0,0,0,0,0,58,0,71,2,0,1,0,0,0,0,0,0,177,801,0,0,0,0,0,0,0,0,0,0,0,0,0,0,0,0,0,0,1,10,0,3,0,0,0,0,0,0,0,1,0,0,0,0,29267,0,14569,4718,695,149,190,170196,18969,1674,90,84841,126,2,0,0,0,0,0,0,0,0,0,0,0,0,0,0,0,0,0,0,0,0,0,0,0,0,0,0,0,0,0,0,0,0,0,0,2,0,0,0,0,0,0,0,0,0,0,295,0,0,158,0,0,129,0,0,0
MO,29211,12111,0,0,22,25422,0,0,0,0,0,0,0,0,0,1780,0,577,2,35,0,0,0,0,0,0,0,76,34964,0,0,0,0,0,2,0,0,0,0,0,0,0,0,0,0,0,0,0,2,3,46,0,0,0,0,0,0,0,0,0,0,0,0,2269,0,13403,2560,161,28,25,105568,49,2193,422,212232,2836,91,0,0,0,0,0,0,0,0,0,0,0,0,0,0,0,0,0,0,0,1,0,0,0,0,0,0,0,0,0,2,0,0,0,0,23,0,0,0,0,0,0,0,0,0,0,12135,0,24,26022,0,0,2360,35,0,0
MO,29213,54,0,0,0,71,0,0,0,0,0,0,0,0,0,154,0,21,0,0,0,0,0,0,0,0,0,5,318,0,0,0,0,0,0,0,0,0,0,0,0,0,0,0,0,0,0,0,1,0,25,0,0,0,0,0,0,0,0,0,0,0,0,11838,0,17956,7427,2610,669,429,246207,51987,8875,794,67301,183,3,0,0,0,0,0,0,0,0,0,0,0,0,0,0,0,0,0,0,0,0,0,0,0,0,0,0,0,0,0,12,0,0,0,0,4,0,0,0,0,0,0,0,0,0,0,58,0,12,96,0,0,187,0,0,0
MO,29215,670,0,0,23,139,0,0,0,0,0,0,0,0,0,112,0,1,0,2,0,0,0,0,0,0,0,128,6153,0,0,0,0,0,0,0,0,0,0,0,0,0,0,0,0,0,0,0,1573,0,4,0,0,0,0,0,0,0,0,0,0,0,0,421,0,29418,3038,557,176,172,454043,26376,1614,8,230008,62,0,0,0,0,0,0,0,0,0,0,0,0,0,0,0,0,0,0,0,0,0,0,0,0,0,0,0,0,0,0,0,0,0,0,0,1,0,0,0,0,0,0,0,0,0,6,671,0,23,147,6,0,113,2,0,0
MO,29217,39784,0,0,273,56281,0,0,0,0,0,0,12,0,0,1087,0,29863,9,35,3,0,0,0,0,0,0,167,29450,0,0,0,0,0,0,0,0,0,0,0,0,0,0,0,0,0,0,68,3085,0,251,0,0,0,0,0,0,0,1607,0,0,0,0,6817,0,22938,4002,701,263,109,95276,154,5,55,208535,30765,2763,0,12,0,0,0,0,0,0,0,0,0,0,0,0,0,0,0,0,0,11,2,0,0,0,0,0,0,0,0,4,0,0,0,0,1316,0,0,0,0,0,0,0,0,0,5,41113,0,277,87465,17,0,30965,37,0,0
MO,29219,15368,0,0,365,26557,0,0,0,0,0,0,0,0,0,1088,0,3186,0,0,0,0,0,0,0,0,0,12,3673,0,0,0,0,0,0,0,0,0,0,0,0,0,0,0,0,0,0,11,22,0,50,0,0,0,0,0,0,0,0,0,0,0,0,5231,0,11289,3987,1045,338,442,161458,1546,83,4,43531,594,80,0,0,0,0,0,0,0,0,0,0,0,0,0,0,0,0,8,0,2,2,0,0,6,0,0,0,0,0,0,2,0,0,0,0,182,0,0,0,0,0,0,0,0,0,1,15552,0,367,29926,1,0,4278,0,0,0
MO,29221,62,0,0,0,402,0,0,0,0,0,0,0,0,0,6,0,1,0,0,0,0,0,0,0,0,0,15,1257,0,0,0,0,0,0,0,0,0,0,0,0,0,0,0,0,0,0,0,0,0,0,0,0,0,0,0,0,0,0,0,0,0,0,2042,0,19337,1381,161,53,558,368142,28349,14884,528,50777,86,11,0,0,0,0,0,0,0,0,0,0,0,0,0,0,0,0,1,0,0,0,0,0,0,0,0,0,0,0,0,0,0,0,0,0,0,0,0,0,0,0,0,0,0,0,0,62,0,0,403,0,0,7,0,0,0
MO,29223,987,1,3,44,2322,0,0,0,0,0,0,0,0,0,24,0,745,0,0,0,0,0,0,0,0,0,9,4483,0,0,0,0,0,0,0,0,0,0,0,0,0,0,0,0,0,0,0,7,0,41,0,0,0,0,0,0,0,0,0,0,0,0,9953,0,15813,1628,150,23,459,383337,13104,4372,282,47140,6434,4059,0,0,0,0,0,0,0,0,0,0,0,0,0,0,0,0,0,0,0,0,0,0,0,0,0,0,0,0,0,0,0,0,0,0,0,0,0,0,0,0,0,0,0,0,0,987,1,44,3067,0,0,769,0,0,0
MO,29225,2462,0,0,0,273,0,0,0,0,0,0,6,0,0,321,0,44,1,9,0,0,0,0,0,0,0,576,2567,0,0,0,0,0,0,0,0,0,0,0,0,0,0,0,0,0,0,2,15,0,0,0,0,0,0,0,0,0,0,0,0,0,0,174,0,15824,4514,958,228,105,171028,3717,879,26,176235,28,0,0,0,0,0,0,0,0,0,0,0,0,0,0,0,0,0,0,0,0,8,0,0,0,0,0,0,0,0,0,0,0,0,0,0,2,0,0,0,0,0,0,0,0,0,0,2472,0,0,319,6,0,373,9,0,0
MO,29227,13721,0,0,1,19753,0,0,0,0,0,0,0,0,0,225,0,7,0,3,0,0,0,0,0,0,0,303,8529,0,0,0,0,0,0,0,0,0,0,0,0,0,0,0,0,0,0,3,0,59,5,0,0,0,0,0,0,0,0,0,0,0,0,779,0,6017,1251,68,15,7,39965,6,52,54,79310,656,6,0,0,0,0,0,0,0,0,0,0,0,0,0,0,0,0,0,0,0,0,0,0,0,0,0,0,0,0,0,0,0,0,0,0,0,0,0,0,0,0,0,0,0,0,0,13721,0,1,19760,0,0,232,3,0,0
MO,29229,826,0,0,8,178,0,0,0,0,0,0,0,0,0,62,0,7,0,0,0,0,0,0,0,0,0,393,3697,0,0,0,0,0,0,0,0,0,0,0,0,0,0,0,0,0,0,1,4,0,2,0,0,0,0,0,0,0,0,0,0,0,0,182,0,16913,3150,661,145,116,221397,2935,746,17,185741,22,0,0,0,0,0,0,0,0,0,0,0,0,0,0,0,0,0,0,0,0,3,0,0,0,0,0,0,0,0,0,1,0,0,0,0,0,0,0,0,0,0,0,0,0,0,0,829,0,9,185,0,0,73,0,0,0
MO,29510,0,0,0,0,9,0,0,0,0,0,0,0,0,0,0,0,1,0,0,0,0,0,0,0,0,0,0,1,0,0,0,0,0,0,0,0,0,0,0,0,0,0,0,0,0,0,0,0,0,8,0,0,0,0,0,0,0,0,0,0,0,0,2473,0,2880,13922,13767,8548,56,286,0,0,0,152,196,13,0,0,0,0,0,0,0,0,0,0,0,0,0,0,0,0,0,0,0,0,0,0,0,0,0,0,0,0,0,0,0,0,0,0,0,0,0,0,0,0,0,0,0,0,0,0,0,0,10,0,0,1,0,0,0
MT,30001,15,0,0,0,0,0,0,0,0,0,0,8518,0,6540,16,0,0,0,379,0,0,2,0,0,0,0,33992,26510,0,0,0,0,1190,0,0,0,0,0,0,0,0,1,0,0,0,0,0,10,0,106,0,0,0,0,0,0,0,0,0,0,0,0,14011,0,23495,10810,4461,135,8622,69,1090420,39,637858,1650543,10711,37176,0,288,0,0,0,0,0,0,0,0,0,0,0,0,0,0,0,0,0,0,0,0,0,0,0,0,0,0,0,0,0,0,0,0,0,0,0,0,0,0,0,0,0,0,0,15,0,0,0,8518,0,16,379,0,0
MT,30003,2319,0,0,1,2,8606,0,0,0,0,0,12809,0,7629,79257,0,0,0,22,14,53,0,0,3225,0,0,37720,5923,0,0,8064,10,0,0,0,0,0,0,0,0,128,1053,0,0,0,0,12,0,0,77062,0,0,0,0,0,0,0,0,0,0,0,0,7062,0,14598,6824,1286,191,4216,8573,369723,2,1046845,1391198,107583,6875,0,460,0,0,0,0,0,0,0,0,0,0,0,0,0,0,0,0,0,0,0,0,0,0,0,0,0,0,0,0,0,0,0,0,0,0,0,0,0,0,0,0,0,0,0,2319,0,1,2,12809,0,79257,22,0,0
MT,30005,838,0,0,0,4,30,0,0,0,0,0,9530,449,133103,82127,2389,0,6,816,201,2,2436,0,168,0,125,46282,29558,0,1,3,0,0,0,0,0,0,0,0,0,80,5556,0,0,0,0,16,31,0,192227,0,0,0,0,0,0,0,0,0,0,0,0,5000,0,15977,4438,226,37,3040,1508,81847,10,264848,1777078,47875,4735,0,6,0,0,0,0,0,0,0,0,0,0,0,0,0,0,0,0,0,0,0,0,0,0,0,0,0,0,0,0,0,0,0,0,0,0,0,0,0,0,0,0,0,0,0,838,0,0,4,9530,449,82127,816,0,0
MT,30007,299,0,0,0,0,0,0,0,0,0,0,6721,0,22994,3135,0,0,0,77,0,0,0,0,0,0,0,20054,8467,0,0,0,1,1476,0,0,0,0,0,0,0,0,2298,0,0,0,0,0,1,0,9749,0,0,0,0,0,0,0,0,0,0,0,0,28826,0,16764,7429,544,46,452,10,216424,44,100665,339337,7045,37,0,1,0,0,0,0,0,0,0,0,0,0,0,0,0,0,0,0,0,0,0,0,0,0,0,0,0,0,0,0,0,0,0,0,0,0,0,0,0,0,0,0,0,0,0,299,0,0,0,6721,0,3135,77,0,0
MT,30009,6088,0,0,1,49,4,0,0,0,0,0,8900,0,1144,3406,0,0,0,179,230,3,2,0,17,0,0,24174,23244,0,0,3765,563,0,0,0,0,0,0,0,0,0,19,0,0,0,0,0,2,0,3536,0,0,0,0,0,0,0,0,0,0,0,0,6654,2498,8658,2359,226,40,13199,2020,183041,99,592725,402237,27141,3614,0,0,0,0,0,0,0,0,0,0,0,0,0,0,0,0,0,0,0,0,0,0,0,0,0,0,0,0,0,0,0,0,0,0,0,0,0,0,0,0,0,0,0,0,0,6088,0,1,49,8900,0,3406,179,0,0
MT,30011,1233,0,0,335,0,139,0,0,0,0,0,1347,11,17488,12845,0,0,0,89,351,0,193,111,752,0,0,52453,15442,0,5,0,0,0,0,0,0,0,0,0,0,351,1872,0,0,0,0,0,7,0,15535,0,0,0,0,0,0,0,0,0,0,0,0,925,0,3470,798,24,3,1861,80,73346,0,614527,1310906,14930,1459,0,0,0,0,0,0,0,0,0,0,0,0,0,0,0,0,0,0,0,0,0,0,0,0,0,0,0,0,0,0,0,0,0,0,0,0,0,0,0,0,0,0,0,0,0,1233,0,335,0,1347,11,12845,89,0,0
MT,30013,151,0,0,0,0,3,0,0,0,0,0,42607,882,19934,101553,14,0,0,358,1,13,164,0,4,0,73,47304,18647,0,0,0,36,0,0,0,0,0,0,0,0,510,7156,0,0,0,0,0,4,0,98034,0,0,0,0,0,0,0,0,0,0,0,0,6126,0,19368,13831,6181,1037,1305,330,309428,3172,142851,867047,26967,407,0,0,0,0,0,0,0,0,0,0,0,0,0,0,0,0,0,0,0,0,0,0,0,0,0,0,0,0,0,0,0,0,0,0,0,0,0,0,0,0,0,0,0,0,0,151,0,0,0,42607,882,101553,358,0,0
MT,30015,3040,0,0,0,1,11,0,0,0,0,0,49181,2407,134634,396140,1022,0,1,171,182,44,496,0,4094,0,119,19197,12063,0,1,0,239,0,0,0,0,0,0,0,0,1129,12823,0,0,0,0,0,25,0,467193,0,0,0,0,0,0,0,0,0,0,0,0,10729,0,38660,4600,211,18,4169,4483,54734,127,171951,1129105,33867,1159,0,0,0,0,0,0,0,0,0,0,0,0,0,0,0,0,0,0,0,0,0,0,0,0,0,0,0,0,0,0,0,0,0,0,0,0,0,0,0,0,0,0,0,0,0,3040,0,0,1,49181,2407,396140,171,0,0
MT,30017,10147,0,0,532,317,346,0,0,0,0,0,3050,5,8198,9164,0,0,0,73,414,0,1,0,4,0,0,29498,9070,0,0,214,216,0,0,0,0,0,0,0,0,5,896,0,0,0,0,1,59,0,19745,0,0,0,0,0,0,0,0,0,0,0,0,4906,0,10499,4765,1141,83,2150,29,132247,0,512818,1635876,29212,1921,0,3,0,0,0,0,0,0,0,0,0,0,0,0,0,0,0,0,0,0,0,0,0,0,0,0,0,0,0,0,0,0,0,0,0,0,0,0,0,0,0,0,0,0,0,10147,0,532,317,3050,5,9164,73,0,0
MT,30019,60,0,0,0,12,3,0,0,0,0,0,455,57628,240575,2661,65,0,0,228,4,0,3181,1011,22,0,2869,19348,15613,0,0,0,470,0,0,0,0,0,0,0,0,27215,35978,0,0,0,0,0,0,0,24903,0,0,0,0,0,0,0,0,0,0,0,0,1271,0,27730,885,120,21,48,189,16,0,1466,433382,14390,933,0,0,0,0,0,0,0,0,0,0,0,0,0,0,0,0,0,0,0,0,0,0,0,0,0,0,0,0,0,0,0,0,0,0,0,0,0,0,0,0,0,0,0,0,0,60,0,0,12,455,57628,2661,228,0,0
MT,30021,3811,0,0,8,354,334,0,0,0,0,0,5716,15,155257,37778,0,0,33,677,1227,0,50,0,1998,0,340,24495,22065,0,590,1825,2159,15,0,0,0,0,0,0,0,2800,18861,0,0,0,0,5,0,0,80236,0,0,0,0,0,0,0,0,0,0,0,0,7098,0,33415,4390,387,75,3959,13039,36416,81,47146,994937,23236,348,0,0,0,0,0,0,0,0,0,0,0,0,0,0,0,0,0,0,0,0,0,0,0,0,0,0,0,0,0,3,0,0,0,0,0,0,0,0,0,0,0,0,0,0,0,3811,0,11,354,5716,15,37781,677,0,0
MT,30023,0,0,0,0,0,0,0,0,0,0,0,198,0,1248,0,0,0,0,103,0,0,7,0,0,0,0,5044,1608,0,0,0,0,259,0,0,0,0,0,0,0,0,9,0,0,0,0,0,3,0,63,0,0,0,0,0,0,0,0,0,0,0,0,3504,6,5238,3279,1428,88,2604,8,246473,3,87587,111928,3632,14,0,0,0,0,0,0,0,0,0,0,0,0,0,0,0,0,0,0,0,0,0,0,0,0,0,0,0,0,0,0,0,0,0,0,0,0,0,0,0,0,0,0,0,0,0,0,0,0,0,198,0,0,103,0,0
MT,30025,5554,0,0,58,0,757,0,0,0,0,0,1289,611,21128,9496,0,0,0,192,296,0,0,24,3317,0,11,53923,14209,0,3,7,9,0,0,0,0,0,0,0,0,1492,1688,0,0,0,0,1,0,0,13649,0,0,0,0,0,0,0,0,0,0,0,0,766,0,6191,987,42,1,37,41,9973,0,141990,739976,10182,803,0,0,0,0,0,0,0,0,0,0,0,0,0,0,0,0,0,0,0,0,0,0,0,0,0,0,0,0,0,0,0,0,0,0,0,0,0,0,0,0,0,0,0,0,0,5554,0,58,0,1289,611,9496,192,0,0
MT,30027,68,0,0,0,5,40,0,0,0,0,0,38959,21,38850,124265,42,0,0,153,8,0,16,0,605,0,300,131524,19173,0,0,2,14,0,0,0,0,0,0,0,0,1474,2227,0,0,0,0,26,4,0,95816,0,0,0,0,0,0,0,0,0,0,0,0,4754,0,17692,3688,251,26,2880,20458,375645,0,344521,1501216,58384,1064,0,14,0,0,0,0,0,0,0,0,0,0,0,0,0,0,0,0,0,0,0,0,0,0,0,0,0,0,0,0,0,0,0,0,0,0,0,0,0,0,0,0,0,0,0,68,0,0,5,38959,21,124265,153,0,0
MT,30029,1,0,0,0,0,0,0,0,0,0,0,6381,0,13949,4925,0,0,0,2,0,0,7317,0,0,0,0,17916,2771,0,0,0,1,2,243,0,0,0,0,0,0,0,1775,0,0,0,328,0,0,0,2479,2,0,0,0,0,0,0,0,0,0,0,0,98811,6167,24145,15086,4588,333,65555,15087,2426040,3149,515715,111667,11370,8106,0,0,0,0,0,0,0,0,0,0,0,0,0,0,0,0,0,0,0,0,0,0,0,0,0,0,0,0,0,0,0,0,0,0,0,0,0,0,0,0,0,0,0,0,0,1,0,0,0,6381,0,4925,2,0,0
MT,30031,792,0,0,0,0,9,0,0,0,0,0,32687,0,22247,14974,0,0,0,145,0,0,10,0,0,0,0,43924,19824,58,0,0,91,3341,0,0,0,0,0,0,0,3,3954,0,0,0,0,0,6,0,26164,0,0,0,0,0,0,0,0,0,0,0,0,14355,6,31913,12536,3399,340,3171,1196,728624,45,302827,396357,19264,2152,0,68,0,0,0,0,0,0,0,0,0,0,0,0,0,0,0,0,0,0,0,0,0,0,0,0,0,0,0,0,0,0,0,0,0,0,0,0,0,0,0,0,0,0,0,792,0,0,0,32687,0,14974,145,0,0
MT,30033,397,0,0,593,2,4,0,0,0,0,0,7886,163,59555,24617,0,0,0,185,202,3,0,0,84,0,0,17443,29837,0,0,15,1,0,0,0,0,0,0,0,0,717,3126,0,0,0,0,2,0,0,93903,0,0,0,0,0,0,0,0,0,0,0,0,89240,0,6635,637,39,1,1269,18,122314,0,194161,2431202,17176,902,0,0,0,0,0,0,0,0,0,0,0,0,0,0,0,0,0,0,0,0,0,0,0,0,0,0,0,0,0,0,0,0,0,0,0,0,0,0,0,0,0,0,0,0,0,397,0,593,2,7886,163,24617,185,0,0
MT,30035,1,0,0,0,0,0,0,0,0,0,0,106339,980,55747,39092,0,0,0,27,0,0,10796,0,0,0,18,28240,7679,0,0,0,482,0,1,0,0,0,0,0,0,2957,25056,0,0,0,0,0,803,0,102928,0,0,0,0,0,0,0,0,0,0,0,0,19341,5344,18708,3580,627,64,65152,82032,269062,4626,201843,876271,14243,1257,0,0,0,0,0,0,0,0,0,0,0,0,0,0,0,0,0,0,0,0,0,0,0,0,0,0,0,0,0,0,0,0,0,0,0,0,0,0,0,0,0,0,0,0,0,1,0,0,0,106339,980,39092,27,0,0
MT,30037,334,0,0,39,0,403,0,0,0,0,0,4819,0,5428,19495,0,0,0,272,66,0,1,0,3,0,2,19600,9130,0,0,0,0,0,0,0,0,0,0,0,0,0,1263,0,0,0,0,0,4,0,22626,0,0,0,0,0,0,0,0,0,0,0,0,205,0,2509,590,17,1,1232,409,57148,0,31534,565082,10344,269,0,0,0,0,0,0,0,0,0,0,0,0,0,0,0,0,0,0,0,0,0,0,0,0,0,0,0,0,0,0,0,0,0,0,0,0,0,0,0,0,0,0,0,0,0,334,0,39,0,4819,0,19495,272,0,0
MT,30039,45,0,0,0,0,0,0,0,0,0,0,18,0,487,1,0,0,0,4,0,0,51,0,0,0,0,12455,6090,0,0,0,0,1,0,0,0,0,0,0,0,0,10,0,0,0,0,0,4,0,2,0,0,0,0,0,0,0,0,0,0,0,0,2889,13,4628,2281,427,8,787,11,733333,10,184532,157272,3381,50,0,394,0,0,0,0,0,0,0,0,0,0,0,0,0,0,0,0,0,0,0,0,0,0,0,0,0,0,0,0,0,0,0,0,0,0,0,0,0,0,0,0,0,0,0,45,0,0,0,18,0,1,4,0,0
MT,30041,299,0,0,0,0,423,0,0,0,0,0,12591,1915,236334,248475,395,0,39,75,66,29,594,1,224,0,1467,6700,16910,0,0,0,6,0,0,0,0,0,0,0,0,545,19308,0,0,0,0,0,62,0,427093,0,0,0,0,0,0,0,0,0,0,0,0,6550,0,40045,5865,558,170,9915,6194,23388,185,94588,677815,26369,801,0,1,0,0,0,0,0,0,0,0,0,0,0,0,0,0,0,0,0,0,0,0,0,0,0,0,0,0,0,0,0,0,0,0,0,0,0,0,0,0,0,0,0,0,0,299,0,0,0,12591,1915,248475,75,0,0
MT,30043,0,0,0,0,0,0,0,0,0,0,0,914,0,2538,64,0,0,0,34,0,0,0,0,0,0,0,10514,12712,0,0,0,2,122,0,0,0,0,0,0,0,0,297,0,0,0,0,0,0,0,1796,0,0,0,0,0,0,0,0,0,0,0,0,1106,1,13101,6804,792,56,903,12,557234,35,127755,317151,7604,171,0,6,0,0,0,0,0,0,0,0,0,0,0,0,0,0,0,0,0,0,0,0,0,0,0,0,0,0,0,0,0,0,0,0,0,0,0,0,0,0,0,0,0,0,0,0,0,0,0,914,0,64,34,0,0
MT,30045,30,0,0,0,0,0,0,0,0,0,0,21794,13,21575,48781,4,0,0,218,25,0,3,0,25,0,12,80890,17486,0,53,0,1,0,0,0,0,0,0,0,0,51,2903,0,0,0,0,0,1,0,36479,0,0,0,0,0,0,0,0,0,0,0,0,384,0,8017,2430,153,4,3844,127,293503,1352,44616,599403,10648,2398,0,1,0,0,0,0,0,0,0,0,0,0,0,0,0,0,0,0,0,0,0,0,0,0,0,0,0,0,0,0,0,0,0,0,0,0,0,0,0,0,0,0,0,0,0,30,0,0,0,21794,13,48781,218,0,0
MT,30047,1106,0,0,0,1,0,0,0,0,0,0,1428,0,14319,1728,0,0,0,324,99,0,40,0,0,0,0,68224,10647,0,0,0,39,1184,7,0,0,0,0,0,0,0,185,0,0,0,0,4,0,0,2471,42,0,1,0,0,0,0,0,0,0,0,0,101474,715,20478,7741,1447,164,7166,5066,504138,2,48278,242205,15715,1970,0,0,0,0,0,0,0,0,0,0,0,0,0,0,0,0,0,0,0,0,0,0,0,0,0,0,0,0,0,0,0,0,0,0,0,0,0,0,0,0,0,0,0,0,0,1106,0,0,1,1428,0,1728,324,0,0
MT,30049,2,0,0,0,0,0,0,0,0,0,0,9853,2,4352,1899,0,0,0,65,0,0,474,0,0,0,0,20291,7208,0,0,0,0,0,0,0,0,0,0,0,0,18,328,0,0,0,0,0,0,0,5630,0,0,0,0,0,0,0,0,0,0,0,0,20056,2,16354,17333,6072,687,34835,170,1075198,3913,276069,726571,10720,361,0,0,0,0,0,0,0,0,0,0,0,0,0,0,0,0,0,0,0,0,0,0,0,0,0,0,0,0,0,0,0,0,0,0,0,0,0,0,0,0,0,0,0,0,0,2,0,0,0,9853,2,1899,65,0,0
MT,30051,1282,0,0,0,0,194,0,0,0,0,0,24180,4978,129601,91618,213,0,0,8,0,0,841,0,503,0,350,6444,8326,0,0,0,348,0,0,0,0,0,0,0,0,4858,19235,0,0,0,0,0,41,0,203388,0,0,0,0,0,0,0,0,0,0,0,0,11168,0,19782,1420,84,13,285,18,3113,0,29792,359672,4163,142,0,27,0,0,0,0,0,0,0,0,0,0,0,0,0,0,0,0,0,0,0,0,0,0,0,0,0,0,0,0,0,0,0,0,0,0,0,0,0,0,0,0,0,0,0,1282,0,0,0,24180,4978,91618,8,0,0
MT,30053,1,0,0,0,0,0,0,0,0,0,0,0,0,107,7,0,0,0,0,0,0,10,0,0,0,0,102,25,0,0,0,0,0,0,0,0,0,0,0,0,0,0,0,0,0,0,0,0,0,7,0,0,0,0,0,0,0,0,0,0,0,0,36777,172,7552,7470,1817,80,565,298,1937733,244,338132,16402,1527,2704,0,0,0,0,0,0,0,0,0,0,0,0,0,0,0,0,0,0,0,0,0,0,0,0,0,0,0,0,0,0,0,0,0,0,0,0,0,0,0,0,0,0,0,0,0,1,0,0,0,0,0,7,0,0,0
MT,30055,2446,0,0,9,560,0,0,0,0,0,0,6346,591,208448,14892,0,0,0,529,689,0,75,3,34,0,1346,16935,13058,0,2,7,2912,0,0,0,0,0,0,0,0,1502,26698,0,0,0,0,14,4,0,111301,0,0,0,0,0,0,0,0,0,0,0,0,20034,0,30418,1594,172,12,5105,741,1229,6,45748,1189661,11154,2655,0,0,0,0,0,0,0,0,0,0,0,0,0,0,0,0,0,0,0,0,0,0,0,0,0,0,0,0,0,0,0,0,0,0,0,0,0,0,0,0,0,0,0,0,0,2446,0,9,560,6346,591,14892,529,0,0
MT,30057,4,0,0,0,0,0,0,0,0,0,0,7656,0,5521,980,0,0,0,46,0,0,119,0,0,0,0,46864,35528,0,0,0,2,941,0,0,0,0,0,0,0,0,340,0,0,0,0,0,42,0,3055,0,0,0,0,0,0,0,0,0,0,0,0,9079,0,21858,5381,683,20,6603,1414,678176,98,488841,954510,25742,12159,0,161,0,0,0,0,0,0,0,0,0,0,0,0,0,0,0,0,0,0,0,0,0,0,0,0,0,0,0,0,0,0,0,0,0,0,0,0,0,0,0,0,0,0,0,4,0,0,0,7656,0,980,46,0,0
MT,30059,22,0,0,0,0,1,0,0,0,0,0,8218,0,3165,3057,1,0,0,458,0,0,17,0,0,0,1,20183,14117,2,0,0,0,9,0,0,0,0,0,0,0,139,998,0,0,0,0,0,4,0,5912,0,0,0,0,0,0,0,0,0,0,0,0,1514,6,12060,2144,255,5,3231,564,591333,53,252313,608230,4636,9,0,0,0,0,0,0,0,0,0,0,0,0,0,0,0,0,0,0,0,0,0,0,0,0,0,0,0,0,0,0,0,0,0,0,0,0,0,0,0,0,0,0,0,0,0,22,0,0,0,8218,0,3057,458,0,0
MT,30061,0,0,0,0,0,0,0,0,0,0,0,10,0,112,2,0,0,0,0,0,0,29,0,0,0,0,671,368,0,0,0,0,0,0,0,0,0,0,0,0,0,6,0,0,0,1,0,0,0,92,0,0,0,0,0,0,0,0,0,0,0,0,1665,2,2303,1902,1455,50,47,2,621718,0,138054,14018,167,224,0,0,0,0,0,0,0,0,0,0,0,0,0,0,0,0,0,0,0,0,0,0,0,0,0,0,0,0,0,0,0,0,0,0,0,0,0,0,0,0,0,0,0,0,0,0,0,0,0,10,0,2,0,0,0
MT,30063,50,0,0,0,0,0,0,0,0,0,0,157,2,699,135,0,0,0,0,0,0,8,0,0,0,0,8502,2107,0,0,0,0,3,0,0,0,0,0,0,0,0,9,0,0,0,0,0,4,0,147,1,0,0,0,0,0,0,0,0,0,0,0,10572,388,15820,15306,7365,844,13166,1247,1215225,32,242141,126584,7432,7744,0,0,0,0,0,0,0,0,0,0,0,0,0,0,0,0,0,0,0,0,0,0,0,0,0,0,0,0,0,0,0,0,0,0,0,0,0,0,0,0,0,0,0,0,0,50,0,0,0,157,2,135,0,0,0
MT,30065,851,0,0,13,0,45,0,0,0,0,0,5867,0,4678,11197,1,0,0,72,30,2,1,10,491,0,0,16422,8898,0,0,60,0,0,0,0,0,0,0,0,0,4,422,0,0,0,0,0,0,0,13949,0,0,0,0,0,0,0,0,0,0,0,0,264,0,2291,1487,125,12,236,6,201394,0,58920,856312,13373,83,0,2,0,0,0,0,0,0,0,0,0,0,0,0,0,0,0,0,0,0,0,0,0,0,0,0,0,0,0,0,0,0,0,0,0,0,0,0,0,0,0,0,0,0,0,851,0,13,0,5867,0,11197,72,0,0
MT,30067,58,0,0,0,0,11,0,0,0,0,0,4394,0,3468,1301,0,0,0,348,0,0,0,0,0,0,99,27735,6476,4,0,0,0,148,0,0,0,0,0,0,0,0,25,0,0,0,0,0,1,0,4084,0,0,0,0,0,0,0,0,0,0,0,0,5732,1683,15795,4193,652,75,24095,1326,725567,100,502620,459585,10245,661,0,0,0,0,0,0,0,0,0,0,0,0,0,0,0,0,0,0,0,0,0,0,0,0,0,0,0,0,0,0,0,0,0,0,0,0,0,0,0,0,0,0,0,0,0,58,0,0,0,4394,0,1301,348,0,0
MT,30069,1832,0,0,1,158,1,0,0,0,0,0,2682,0,11432,13959,345,0,0,33,124,0,2,45,171,0,0,13749,3159,0,0,8,0,0,0,0,0,0,0,0,0,0,100,0,0,0,0,0,0,0,22893,0,0,0,0,0,0,0,0,0,0,0,0,3079,0,1446,447,12,0,1292,1,79359,0,77270,819028,18484,216,0,10,0,0,0,0,0,0,0,0,0,0,0,0,0,0,0,0,0,0,0,0,0,0,0,0,0,0,0,0,0,0,0,0,0,0,0,0,0,0,0,0,0,0,0,1832,0,1,158,2682,0,13959,33,0,0
MT,30071,489,0,0,2,77,2,0,0,0,0,0,17016,1,103543,43758,5,0,2,180,14,7,661,0,823,0,1,27803,40485,0,0,17,0,0,0,0,0,0,0,0,0,416,12483,0,0,0,0,2013,0,0,115351,0,0,0,0,0,0,0,0,0,0,0,0,22424,0,11693,3376,245,42,4822,137,85929,0,180827,2614960,41127,4723,0,0,0,0,0,0,0,0,0,0,0,0,0,0,0,0,0,0,0,0,0,0,0,0,0,0,0,0,0,0,0,0,0,0,0,0,0,0,0,0,0,0,0,0,0,489,0,2,77,17016,1,43758,180,0,0
MT,30073,253,0,0,0,0,0,0,0,0,0,0,98215,3807,90065,66127,10,0,0,20,0,0,6178,34,3,0,30,33859,8890,6,0,0,63,0,0,0,0,0,0,0,0,1052,6697,0,0,0,0,0,83,0,160116,0,0,0,0,0,0,0,0,0,0,0,0,6479,3,19556,2805,230,28,10204,14178,82880,1435,52099,374483,8704,886,0,13,0,0,0,0,0,0,0,0,0,0,0,0,0,0,0,0,0,0,0,0,0,0,0,0,0,0,0,0,0,0,0,0,0,0,0,0,0,0,0,0,0,0,0,253,0,0,0,98215,3807,66127,20,0,0
MT,30075,131,0,0,280,0,0,0,0,0,0,0,1356,0,2921,4952,0,0,0,85,578,0,0,8,9,0,0,47017,15665,0,1,0,0,0,0,0,0,0,0,0,0,1,594,0,0,0,0,0,0,0,8360,0,0,0,0,0,0,0,0,0,0,0,0,457,0,2982,1030,38,10,1099,6,281298,1,617101,1098275,25027,1359,0,0,0,0,0,0,0,0,0,0,0,0,0,0,0,0,0,0,0,0,0,0,0,0,0,0,0,0,0,0,0,0,0,0,0,0,0,0,0,0,0,0,0,0,0,131,0,280,0,1356,0,4952,85,0,0
MT,30077,1,0,0,0,0,0,0,0,0,0,0,150,0,1101,17,0,0,0,140,0,0,1,0,0,0,0,18671,19676,0,0,0,0,96,0,0,0,0,0,0,0,0,71,0,0,0,0,0,3,0,209,0,0,0,0,0,0,0,0,0,0,0,0,3092,0,10027,3579,585,33,10169,30,859398,121,234144,315897,15724,5,0,0,0,0,0,0,0,0,0,0,0,0,0,0,0,0,0,0,0,0,0,0,0,0,0,0,0,0,0,0,0,0,0,0,0,0,0,0,0,0,0,0,0,0,0,1,0,0,0,150,0,17,140,0,0
MT,30079,3450,0,0,64,28,1,0,0,0,0,0,1918,2,17878,7033,0,0,10,21,299,0,0,0,74,0,1,14813,13603,0,4,1896,489,197,3,0,0,0,0,0,0,216,2335,0,0,0,0,0,1,0,15082,0,0,0,0,0,0,0,0,0,0,0,0,3250,0,10719,2378,141,7,2468,951,27057,0,83024,900731,4758,312,0,0,0,0,0,0,0,0,0,0,0,0,0,0,0,0,0,0,0,0,0,0,0,0,0,0,0,0,0,0,0,0,0,0,0,0,0,0,0,0,0,0,0,0,0,3450,0,64,28,1918,2,7033,21,0,0
MT,30081,231,0,0,0,2,0,0,0,0,0,0,111,0,2085,37,0,0,0,47,0,0,6,0,0,0,0,13498,15070,0,0,0,0,35,0,0,0,0,0,0,0,0,4,0,0,0,0,0,6,0,156,0,0,13,0,0,0,0,0,0,0,0,0,3233,1065,13976,6173,1057,145,1754,50,913231,4,284443,259387,5538,14770,0,0,0,0,0,0,0,0,0,0,0,0,0,0,0,0,0,0,0,0,0,0,0,0,0,0,0,0,0,0,0,0,0,0,0,0,0,0,0,0,0,0,0,0,0,231,0,0,2,111,0,37,47,0,0
MT,30083,9413,0,0,113,1625,149,0,0,0,0,0,10992,1195,173018,14946,2,0,1,2089,866,0,67,26,3337,43,459,27837,17743,0,9,14315,264,0,0,0,0,0,0,0,0,874,4832,0,0,0,0,1179,0,0,62906,0,0,0,0,0,0,0,0,0,0,0,0,13047,0,34930,3982,373,101,7612,11976,2191,875,3083,882851,28502,8041,0,43,0,0,0,0,0,0,0,0,0,0,0,0,0,0,0,0,0,0,0,0,0,0,0,0,0,0,0,0,0,0,0,0,0,0,0,0,0,0,0,0,0,0,0,9413,0,113,1625,10992,1195,14946,2089,0,0
MT,30085,2511,0,0,38,308,4,0,0,0,0,0,3455,48754,300425,8961,151,0,0,451,439,0,5018,79,601,1039,1031,35323,27369,0,2,2056,1040,0,0,0,0,0,0,0,0,8435,33715,0,0,0,0,2,0,0,108733,0,0,0,0,0,0,0,0,0,0,0,0,12979,0,53984,4203,656,85,1937,1033,163,185,1086,804458,24538,21266,0,2,0,0,0,0,0,0,0,0,0,0,0,0,0,0,0,0,0,0,0,0,0,0,0,0,0,0,0,0,0,0,0,0,0,0,0,0,0,0,0,0,0,0,0,2511,0,38,308,3455,48754,8961,451,0,0
MT,30087,6711,0,0,56,326,98,0,0,0,0,0,5904,7,15759,17532,1,0,0,193,158,20,0,0,889,0,0,17193,8575,0,0,1157,1,0,0,0,0,0,0,0,0,657,516,0,0,0,0,0,356,0,33601,0,0,0,0,0,0,0,0,0,0,0,0,5728,0,8862,4431,748,156,7172,130,331844,0,485987,2217483,43434,1397,0,5,0,0,0,0,0,0,0,0,0,0,0,0,0,0,0,0,0,0,0,0,0,0,0,0,0,0,0,0,0,0,0,0,0,0,0,0,0,0,0,0,0,0,0,6711,0,56,326,5904,7,17532,193,0,0
MT,30089,4,0,0,0,0,0,0,0,0,0,0,85,0,610,179,0,0,0,0,0,0,90,0,0,0,0,15854,1972,0,0,0,0,0,1,0,0,0,0,0,0,0,3,0,0,0,114,0,0,0,371,0,0,0,0,0,0,0,0,0,0,0,0,17922,27,10312,5988,989,42,287,43,1290606,6,190737,243788,2995,2516,0,0,0,0,0,0,0,0,0,0,0,0,0,0,0,0,0,0,0,0,0,0,0,0,0,0,0,0,0,0,0,0,0,0,0,0,0,0,0,0,0,0,0,0,0,4,0,0,0,85,0,179,0,0,0
MT,30091,1401,0,0,25,30,0,0,0,0,0,0,4397,233728,68396,1616,0,0,0,331,265,0,2406,469,224,432,4003,9365,22708,0,1,628,232,159,0,0,0,0,0,0,0,40909,56359,0,0,0,0,1,0,0,41435,0,0,0,0,0,0,0,0,0,0,0,0,21481,0,35502,1599,176,21,514,678,26,10,1239,532927,3046,5093,0,0,0,0,0,0,0,0,0,0,0,0,0,0,0,0,0,0,0,0,0,0,0,0,0,0,0,0,0,0,0,0,0,0,0,0,0,0,0,0,0,0,0,0,0,1401,0,25,30,4397,233728,1616,331,0,0
MT,30093,0,0,0,0,0,0,0,0,0,0,0,91,0,28,0,0,0,0,4,0,0,1,0,0,0,0,1461,1566,0,0,0,0,0,0,0,0,0,0,0,0,0,0,0,0,0,0,0,0,0,0,0,0,0,0,0,0,0,0,0,0,0,0,720,0,8119,6021,4402,311,2487,2,238442,0,25957,169798,547,159,0,18,0,0,0,0,0,0,0,0,0,0,0,0,0,0,0,0,0,0,0,0,0,0,0,0,0,0,0,0,0,0,0,0,0,0,0,0,0,0,0,0,0,0,0,0,0,0,0,91,0,0,4,0,0
MT,30095,2429,0,0,19,5,90,0,0,0,0,0,4763,0,8660,20815,0,0,0,42,5,2,4,0,2,0,6,29672,21665,0,0,124,27,0,0,0,0,0,0,0,0,0,844,0,0,0,0,0,2,0,31891,0,0,0,0,0,0,0,0,0,0,0,0,3399,722,5125,2615,461,64,10022,486,158085,15,214295,621177,17018,472,0,0,0,0,0,0,0,0,0,0,0,0,0,0,0,0,0,0,0,0,0,0,0,0,0,0,0,0,0,0,0,0,0,0,0,0,0,0,0,0,0,0,0,0,0,2429,0,19,5,4763,0,20815,42,0,0
MT,30097,20,0,0,0,0,0,0,0,0,0,0,636,0,1111,2289,0,0,0,233,11,0,0,0,0,0,1,21437,8233,0,0,0,0,0,0,0,0,0,0,0,0,0,36,0,0,0,0,0,0,0,2087,0,0,0,0,0,0,0,0,0,0,0,0,3561,256,5065,2121,168,21,13987,102,277461,2,285716,540822,26036,268,0,0,0,0,0,0,0,0,0,0,0,0,0,0,0,0,0,0,0,0,0,0,0,0,0,0,0,0,0,0,0,0,0,0,0,0,0,0,0,0,0,0,0,0,0,20,0,0,0,636,0,2289,233,0,0
MT,30099,183,0,0,0,0,0,0,0,0,0,0,103483,778,32881,91414,23,0,0,22,0,0,1900,80,1,0,149,40763,23446,211,0,0,646,0,0,0,0,0,0,0,0,909,7479,0,0,0,0,0,44,0,123578,0,0,0,0,0,0,0,0,0,0,0,0,8012,3,19001,3786,224,35,35589,1871,166650,2548,116395,658244,24868,1909,0,1,0,0,0,0,0,0,0,0,0,0,0,0,0,0,0,0,0,0,0,0,0,0,0,0,0,0,0,0,0,0,0,0,0,0,0,0,0,0,0,0,0,0,0,183,0,0,0,103483,778,91414,22,0,0
MT,30101,184,0,0,0,0,1,0,0,0,0,0,91999,1688,168511,38997,674,0,0,52,0,0,3610,0,109,0,1055,11654,10133,2,0,0,70,0,0,0,0,0,0,0,0,1116,17935,0,0,0,0,0,75,0,227916,0,0,0,0,0,0,0,0,0,0,0,0,8794,0,25734,3200,357,43,3503,54,2812,1,26486,592845,3928,220,0,1384,0,0,0,0,0,0,0,0,0,0,0,0,0,0,0,0,0,0,0,0,0,0,0,0,0,0,0,0,0,0,0,0,0,0,0,0,0,0,0,0,0,0,0,184,0,0,0,91999,1688,38997,52,0,0
MT,30103,3666,0,0,22,4,0,0,0,0,0,0,4615,0,5156,2363,0,0,0,17,12,38,0,0,242,0,0,6797,2507,0,0,3065,11,0,0,0,0,0,0,0,0,438,38,0,0,0,0,0,0,0,3333,0,0,0,0,0,0,0,0,0,0,0,0,2714,0,2072,1841,249,24,172,16,88989,0,120990,363449,16866,183,0,1,0,0,0,0,0,0,0,0,0,0,0,0,0,0,0,0,0,0,0,0,0,0,0,0,0,0,0,0,0,0,0,0,0,0,0,0,0,0,0,0,0,0,0,3666,0,22,4,4615,0,2363,17,0,0
MT,30105,1982,0,0,79,700,226,0,0,0,0,0,1404,7565,326314,17486,43,0,0,237,267,0,11189,2763,0,0,107,75715,30078,0,0,0,1476,0,0,0,0,0,0,0,0,10453,54408,0,0,0,0,0,84,0,105982,0,0,0,0,0,0,0,0,0,0,0,0,68222,0,38940,5418,501,34,239,469,13996,37,120961,2276049,63106,2818,0,0,0,0,0,0,0,0,0,0,0,0,0,0,0,0,0,0,0,0,0,0,0,0,0,0,0,0,0,0,0,0,0,0,0,0,0,0,0,0,0,0,0,0,0,1982,0,79,700,1404,7565,17486,237,0,0
MT,30107,17,0,0,0,0,1,0,0,0,0,0,11798,0,7960,21743,0,0,0,207,8,0,31,0,0,0,1,35206,17383,0,0,0,0,1,0,0,0,0,0,0,0,0,3206,0,0,0,0,0,0,0,11261,0,0,0,0,0,0,0,0,0,0,0,0,2998,0,8091,1612,103,3,1452,162,69969,29,77269,615343,28123,103,0,0,0,0,0,0,0,0,0,0,0,0,0,0,0,0,0,0,0,0,0,0,0,0,0,0,0,0,0,0,0,0,0,0,0,0,0,0,0,0,0,0,0,0,0,17,0,0,0,11798,0,21743,207,0,0
MT,30109,760,0,0,334,138,1116,0,0,0,0,0,1461,1348,26878,6268,0,0,0,740,310,0,1407,280,3221,1,197,14622,18027,0,941,4,385,0,0,0,0,0,0,0,0,1746,4721,0,0,0,0,60,0,0,12086,0,0,0,0,0,0,0,0,0,0,0,0,452,0,8429,909,8,0,1224,3230,23350,24,26264,404784,3725,197,0,0,0,0,0,0,0,0,0,0,0,0,0,0,0,0,0,0,0,0,0,0,0,0,0,0,0,0,0,0,0,0,0,0,0,0,0,0,0,0,0,0,0,0,0,760,0,334,138,1461,1348,6268,740,0,0
MT,30111,13955,0,0,68,3,891,0,0,0,0,0,19137,0,11613,65372,1,0,0,12,4,121,2,1,1664,0,22,31978,15739,0,0,6969,229,0,0,0,0,0,0,0,0,1496,2077,0,0,0,0,106,1,0,54205,0,0,0,0,0,0,0,0,0,0,0,0,5735,0,23953,17738,12975,4614,2361,12,71481,0,301353,994025,33889,1020,0,216,0,0,0,0,0,0,0,0,0,0,0,0,0,0,0,0,0,0,0,0,0,0,0,0,0,0,0,0,0,0,0,0,0,0,0,0,0,0,0,0,0,0,0,13955,0,68,3,19137,0,65372,12,0,0
NE,31001,191593,0,0,483,77456,0,0,0,0,1241,0,1,0,0,3925,0,20,27,40,0,0,0,0,0,0,0,3128,1258,0,0,0,0,4,0,0,0,0,0,0,0,0,0,0,0,0,0,0,0,0,184,0,0,0,0,0,0,0,0,0,0,0,0,720,0,14771,5752,1465,649,75,2598,9,0,0,53175,2375,113,0,16,0,0,0,0,0,0,0,0,0,0,0,0,0,0,0,0,0,3,0,0,0,0,0,0,0,0,0,1,0,0,0,0,0,0,0,0,0,0,0,0,0,0,0,191596,0,484,77476,1,0,3949,40,0,0
NE,31003,218664,0,0,281,112467,2,0,0,0,6805,0,1,0,22,1052,0,89,761,1071,63,0,0,0,0,0,0,11896,8120,0,0,0,121,14,0,0,0,0,0,0,0,0,0,0,0,0,0,0,0,0,571,0,0,0,0,0,0,0,0,0,0,0,0,1376,0,20438,2384,242,79,255,11237,104,0,19,141217,9425,579,0,9,0,0,0,0,0,0,0,0,0,0,0,0,0,0,0,0,0,24,0,0,0,0,0,0,0,0,0,2,0,0,0,0,0,0,0,0,0,0,0,0,0,0,0,218688,0,283,112556,1,0,1167,1071,0,0
NE,31005,2906,0,0,564,493,0,0,0,0,140,0,0,0,0,127,0,0,1224,240,111,0,0,0,0,0,0,1382,351,0,0,0,1,0,0,0,0,0,0,0,0,0,10,0,0,0,0,0,0,0,37,0,0,0,0,0,0,0,0,0,0,0,0,1255,0,787,147,7,0,4,32,12,0,0,438745,569,10216,0,354,0,0,0,0,0,0,0,0,0,0,0,0,0,0,0,0,0,0,0,0,0,0,0,0,0,0,0,1,0,0,0,0,0,0,0,0,0,0,0,0,0,0,0,2906,0,565,493,0,0,128,240,0,0
NE,31007,13970,0,0,658,0,1045,0,0,0,2,0,2,0,4,33353,0,0,3,137,10811,0,0,0,2,0,0,4009,1613,0,0,337,3124,0,0,0,0,0,0,0,0,0,4,0,0,0,0,0,0,0,16998,0,0,0,0,0,0,0,0,0,0,0,0,22,0,10394,429,62,3,226,14,6958,12,144,372250,443,583,0,19,0,0,0,0,0,0,0,0,0,0,0,0,0,0,0,0,0,25,0,0,0,0,0,0,0,0,0,10,0,0,0,0,0,0,0,0,0,0,0,0,0,0,0,13995,0,668,0,2,0,33388,137,0,0
NE,31009,4364,0,0,490,275,0,0,0,0,0,0,0,0,0,165,0,0,11,193,1,0,0,0,0,0,0,1890,3489,0,0,0,0,0,0,0,0,0,0,0,0,0,1,0,0,0,0,0,0,0,34,0,0,0,0,0,0,0,0,0,0,0,0,3337,0,3908,220,30,2,127,163,14,633,0,428268,2576,6958,0,14,0,0,0,0,0,0,0,0,0,0,0,0,0,0,0,0,0,14,0,0,0,0,0,0,0,0,0,3,0,0,0,0,0,0,0,0,0,0,0,0,0,0,0,4378,0,493,275,0,0,182,193,0,0
NE,31011,173330,0,0,210,93052,0,0,0,0,60,0,0,0,208,452,0,355,386,504,6,0,0,0,0,0,0,11383,4543,0,0,0,7,5,0,0,0,0,0,0,0,0,0,0,0,0,0,0,0,0,245,0,0,0,0,0,0,0,0,0,0,0,0,890,0,15210,2443,195,75,180,4257,38,0,10,123991,7346,315,0,6,0,0,0,0,0,0,0,0,0,0,0,0,0,0,0,0,0,108,0,0,0,0,0,0,0,0,0,10,0,0,0,0,0,0,0,0,0,0,0,0,0,0,0,173438,0,220,93407,0,0,925,504,0,0
NE,31013,61440,0,0,2562,0,3174,0,0,0,0,0,1,0,123,103892,9,0,73,335,6545,0,0,0,0,0,0,9907,3597,0,0,14688,19816,2660,20,0,0,0,0,0,0,0,480,0,0,0,0,0,0,0,72939,0,0,0,0,0,0,0,0,0,0,0,0,239,0,16675,5396,1311,387,16,30,30,0,12,360463,137,1583,0,938,0,0,0,0,0,0,0,0,0,0,0,0,0,0,0,0,0,214,0,0,0,0,0,0,0,0,0,115,0,0,0,0,0,0,0,0,0,0,0,0,0,0,0,61654,0,2677,0,1,0,104221,335,0,0
NE,31015,38333,0,0,898,13450,0,0,0,0,252,0,0,0,0,2482,0,20,22,3332,29,0,0,0,0,0,0,17010,5155,0,0,0,50,9,1,0,0,0,0,0,0,0,0,0,0,0,0,0,0,0,226,0,0,0,0,0,0,0,0,0,0,0,0,6052,0,12779,609,79,23,18,11542,3464,0,12,225453,6270,737,0,62,0,0,0,0,0,0,0,0,0,0,0,0,0,0,0,0,0,200,0,0,0,0,0,0,0,0,0,42,0,0,0,0,0,0,0,0,0,0,0,0,0,0,0,38533,0,940,13470,0,0,2744,3332,0,0
NE,31017,44770,0,0,569,10432,0,0,0,0,2,0,23,0,0,72,0,0,152,727,30,0,0,0,0,0,0,1198,10134,0,0,0,0,4,0,0,0,0,0,0,0,0,4,0,0,0,0,0,0,0,35,0,0,0,0,0,0,0,0,0,0,0,0,7943,0,10923,714,267,75,189,5611,12101,5062,0,648672,5894,18426,0,0,0,0,0,0,0,0,0,0,0,0,0,0,0,0,0,0,0,0,0,0,0,0,0,0,0,0,0,0,0,0,0,0,0,0,0,0,0,0,0,0,0,0,0,44770,0,569,10432,23,0,72,727,0,0
NE,31019,206567,0,0,1743,77933,0,0,0,0,308,0,0,0,0,2353,0,145,29,295,21,0,0,0,0,0,0,16640,6733,0,0,0,0,28,1,0,0,0,0,0,0,0,9,0,0,0,0,0,0,0,467,0,0,0,0,0,0,0,0,0,0,0,0,2821,0,25231,10918,2863,659,236,2911,65,1,52,234846,27568,2450,0,4,0,0,0,0,0,0,0,0,0,0,0,0,0,0,0,0,0,264,0,0,0,0,0,0,0,0,0,5,0,0,0,0,0,0,0,0,0,0,0,0,0,0,0,206831,0,1748,78078,0,0,2767,295,0,0
NE,31021,134228,0,0,3,112633,0,0,0,0,1,0,0,0,0,222,0,1,6,69,0,0,0,0,0,0,0,3226,497,0,0,0,0,0,0,0,0,0,0,0,0,0,0,0,0,0,0,0,25,0,482,0,0,0,0,0,0,0,0,0,0,0,0,3039,0,10392,2832,268,79,129,7584,19,0,0,39058,2373,1001,0,0,0,0,0,0,0,0,0,0,0,0,0,0,0,0,0,0,0,0,0,0,0,0,0,0,0,0,0,0,0,0,0,0,0,0,0,0,0,0,0,0,0,0,0,134228,0,3,112634,0,0,223,69,0,0
NE,31023,156879,0,0,78,106375,0,0,0,0,3,0,0,0,0,1067,0,20,11,62,0,0,0,0,0,0,0,5179,1827,0,0,0,0,2,0,0,0,0,0,0,0,0,0,0,0,0,0,0,0,0,144,0,0,0,0,0,0,0,0,0,0,0,0,1693,0,13757,2883,195,56,95,10532,0,2,1,71546,1548,36,0,0,0,0,0,0,0,0,0,0,0,0,0,0,0,0,0,0,0,2,0,0,0,0,0,0,0,0,0,0,0,0,0,0,33,0,0,0,0,0,0,0,0,0,0,156914,0,78,106428,0,0,1089,62,0,0
NE,31025,126812,0,0,14,120358,0,0,0,0,9,0,0,0,0,888,0,7,0,47,0,0,0,0,0,0,0,2191,1541,0,0,0,0,0,0,0,0,0,0,0,0,0,0,0,0,0,0,2,185,0,822,0,0,0,0,0,0,0,0,0,0,0,0,8260,0,14039,6749,1029,280,517,28342,7,2,0,45661,3561,1123,0,0,0,0,0,0,0,0,0,0,0,0,0,0,0,0,0,0,0,0,0,0,0,0,0,0,0,0,0,0,0,0,0,0,0,0,0,0,0,0,0,0,0,0,0,126812,0,14,120365,0,0,895,47,0,0
NE,31027,203309,0,0,79,100593,52,0,0,0,2,0,21,0,0,675,0,0,85,4526,0,0,0,0,0,0,0,18536,2014,0,0,0,3,0,0,0,0,0,0,0,0,0,0,0,0,0,0,0,0,0,382,0,0,0,0,0,0,0,0,0,0,0,0,4897,0,17919,2644,250,75,36,15576,0,0,1,103622,1392,568,0,6,0,0,0,0,0,0,0,0,0,0,0,0,0,0,0,0,0,51,0,0,0,0,0,0,0,0,0,0,0,0,0,0,0,0,0,0,0,0,0,0,0,0,0,203360,0,79,100593,21,0,726,4526,0,0
NE,31029,189611,0,0,4010,5997,439,0,0,0,1120,0,0,0,0,34701,0,0,259,897,3309,0,0,0,0,0,0,2288,367,0,0,716,4511,760,0,0,0,0,0,0,0,0,209,0,0,0,0,0,38,0,24235,0,0,0,0,0,0,0,0,0,0,0,0,948,0,14700,797,120,26,25,258,2,0,0,279821,2836,352,0,89,0,0,0,0,0,0,0,0,0,0,0,0,0,0,0,0,0,435,0,0,12,0,0,0,0,0,0,592,0,0,0,0,0,0,0,0,0,0,0,0,0,0,0,190046,0,4602,5997,0,0,35728,897,0,0
NE,31031,18312,0,0,574,1263,184,0,0,0,809,0,0,0,18,529,0,0,42,3418,1750,0,0,0,0,0,0,8263,15663,0,0,4,1183,924,0,0,0,0,0,0,0,0,0,0,0,0,0,0,0,0,736,0,0,0,0,0,0,0,0,0,0,0,0,44025,0,15843,3036,450,107,164,4921,6112,15192,91,3505711,17809,177514,0,138,0,0,0,0,0,0,0,0,0,0,0,0,0,0,0,0,0,0,1242,0,1,0,0,0,0,0,0,17,0,0,0,0,0,0,0,0,0,0,0,0,0,0,0,19554,0,591,1263,0,0,546,4660,0,0
NE,31033,45816,0,0,6251,75,1721,0,0,0,0,0,0,0,74,156293,100,0,156,1317,48935,0,0,0,0,0,0,4550,1227,0,0,1208,3783,290,0,0,0,0,0,0,0,0,104,0,0,0,0,0,0,0,156152,0,0,0,0,0,0,0,0,0,0,0,0,74,0,28623,2276,688,100,117,75,22,0,32,304158,638,763,0,40,0,0,0,0,0,0,0,0,0,0,0,0,0,0,0,0,0,0,0,0,0,0,0,0,0,0,0,43,0,0,0,0,0,0,0,0,0,0,0,0,0,0,0,45816,0,6294,75,0,0,156336,1317,0,0
NE,31035,192212,0,0,414,73470,0,0,0,0,112,0,0,0,0,2528,0,0,2,43,0,0,0,0,0,0,0,5301,1317,0,0,0,0,2,0,0,0,0,0,0,0,0,0,0,0,0,0,0,0,0,143,0,0,0,0,0,0,0,0,0,0,0,0,1808,0,15196,2702,374,126,32,3110,8,0,0,66636,993,423,0,0,0,0,0,0,0,0,0,0,0,0,0,0,0,0,0,0,0,0,4,0,0,0,0,0,0,0,0,3,0,0,0,0,93,0,0,0,0,0,0,0,0,0,0,192309,0,417,73563,0,0,2531,47,0,0
NE,31037,120368,0,0,22,69390,0,0,0,0,1,0,0,0,0,588,0,0,45,59,0,0,0,0,0,0,0,9491,2505,0,0,0,0,3,0,0,0,0,0,0,0,0,0,0,0,0,0,0,0,0,371,0,0,0,0,0,0,0,0,0,0,0,0,4009,0,10423,2269,373,97,47,6904,0,0,0,37948,3055,26,0,0,0,0,0,0,0,0,0,0,0,0,0,0,0,0,0,0,0,2,0,0,0,0,0,0,0,0,0,0,0,0,0,0,51,0,0,0,0,0,0,0,0,0,0,120421,0,22,69441,0,0,590,59,0,0
NE,31039,162102,0,0,12,115511,0,0,0,0,1,0,0,0,0,72,0,0,157,244,0,0,0,0,0,0,0,13179,2510,0,0,0,0,1,0,0,0,0,0,0,0,0,0,0,0,0,0,0,14,0,715,0,0,0,0,0,0,0,0,0,0,0,0,2778,0,14320,2816,367,130,10,7923,0,0,0,41990,2439,32,0,0,0,0,0,0,0,0,0,0,0,0,0,0,0,0,0,0,0,308,0,0,0,0,0,0,0,0,0,0,0,0,0,0,0,0,0,0,0,0,0,0,0,0,0,162410,0,12,115511,0,0,380,244,0,0
NE,31041,260571,0,0,7733,59250,0,0,0,0,137,0,27,0,0,2277,0,558,457,3658,147,0,0,0,0,0,0,32646,9871,0,0,0,76,24,0,0,0,0,0,0,0,0,554,0,0,0,0,0,0,0,1760,0,0,0,0,0,0,0,0,0,0,0,0,2967,0,43208,5721,930,240,141,13553,474,6474,7,1176400,13042,4529,0,1,0,0,0,0,0,0,0,0,0,0,0,0,0,0,0,0,0,734,0,0,0,0,0,0,0,0,0,498,0,0,0,0,0,0,0,0,0,0,0,0,0,0,0,261305,0,8231,59808,27,0,4067,3658,0,0
NE,31043,71855,0,0,1,44419,0,0,0,0,50,0,0,0,0,22,0,0,3,113,0,0,0,0,0,0,0,2549,340,0,0,0,0,0,0,0,0,0,0,0,0,0,0,0,0,0,0,0,2,0,103,0,0,0,0,0,0,0,0,0,0,0,0,2024,0,6701,4222,858,368,16,12406,0,0,2,23792,1010,284,0,0,0,0,0,0,0,0,0,0,0,0,0,0,0,0,0,0,0,0,0,0,0,0,0,0,0,0,0,0,0,0,0,0,0,0,0,0,0,0,0,0,0,0,0,71855,0,1,44419,0,0,22,113,0,0
NE,31045,7741,0,0,1008,1,667,0,0,0,0,0,276,0,263,22040,0,0,52,803,4064,0,0,0,0,0,0,32467,19766,0,0,251,482,7,166,0,0,0,0,0,0,0,182,0,0,0,0,0,0,0,26208,0,0,0,0,0,0,0,0,0,0,0,0,2278,0,12016,4204,639,166,2682,830,74466,385,1150,672845,4355,3793,0,266,0,0,0,0,0,0,0,0,0,0,0,0,0,0,0,0,0,1,0,0,0,0,0,0,0,0,0,27,0,0,0,0,0,0,0,0,0,0,0,0,0,0,0,7742,0,1035,1,276,0,22068,803,0,0
NE,31047,212478,0,0,2035,57167,0,0,0,0,26,0,0,0,0,2509,0,17,22,608,3,0,0,0,0,0,0,27400,5053,0,0,0,0,2,0,0,0,0,0,0,0,0,16,0,0,0,0,0,0,0,1285,0,0,0,0,0,0,0,0,0,0,0,0,3957,0,20121,7431,2148,522,211,1368,8,90,130,284815,22178,346,0,27,0,0,0,0,0,0,0,0,0,0,0,0,0,0,0,0,0,276,0,0,0,0,0,0,0,0,0,96,0,0,0,0,0,0,0,0,0,0,0,0,0,0,0,212754,0,2131,57184,0,0,2898,608,0,0
NE,31049,31164,0,0,900,303,970,0,0,0,1,0,0,0,2,71490,132,0,528,220,7942,0,0,0,0,0,0,1640,373,0,0,235,350,44,0,0,0,0,0,0,0,0,54,0,0,0,0,0,0,0,71780,0,0,0,0,0,0,0,0,0,0,0,0,314,0,10344,642,111,28,5,110,14,0,1,80274,1606,446,0,2,0,0,0,0,0,0,0,0,0,0,0,0,0,0,0,0,0,2,0,0,0,0,0,0,0,0,0,45,0,0,0,0,0,0,0,0,0,0,0,0,0,0,0,31166,0,945,303,0,0,71537,220,0,0
NE,31051,125567,0,0,8,73445,0,0,0,0,1,0,0,0,0,148,0,0,9,679,3,0,0,0,0,0,0,5906,590,0,0,0,0,0,0,0,0,0,0,0,0,0,0,0,0,0,0,0,1,0,219,0,0,0,0,0,0,0,0,0,0,0,0,6000,0,10528,2489,134,52,46,19536,0,0,5,60854,827,1867,0,1,0,0,0,0,0,0,0,0,0,0,0,0,0,0,0,0,0,14,0,0,0,0,0,0,0,0,0,0,0,0,0,0,0,0,0,0,0,0,0,0,0,0,0,125581,0,8,73445,0,0,162,679,0,0
NE,31053,158009,0,0,28,106580,0,0,0,0,33,0,0,0,0,294,0,0,8,66,0,0,0,0,0,0,0,3459,1227,0,0,0,0,1,0,0,0,0,0,0,0,0,0,0,0,0,0,0,104,0,107,0,0,0,0,0,0,0,0,0,0,0,0,7949,0,13825,7509,1833,818,11,8996,1,0,0,32070,5103,41,0,0,0,0,0,0,0,0,0,0,0,0,0,0,0,0,0,0,0,0,0,0,0,0,0,0,0,0,0,0,0,0,0,0,0,0,0,0,0,0,0,0,0,0,0,158009,0,28,106580,0,0,294,66,0,0
NE,31055,31399,0,0,2,25371,0,0,0,0,0,0,0,0,0,326,0,9,0,19,0,0,0,0,0,0,0,721,1939,0,0,0,0,0,0,0,0,0,0,0,0,0,0,0,0,0,0,0,1,0,1124,0,0,0,0,0,0,0,0,0,0,0,0,7842,0,20971,51431,19272,10055,209,9688,0,0,0,33094,3831,120,0,0,0,0,0,0,0,0,0,0,0,0,0,0,0,0,0,0,0,0,0,0,0,0,0,0,0,0,0,0,0,0,0,0,0,0,0,0,0,0,0,0,0,0,0,31399,0,2,25380,0,0,335,19,0,0
NE,31057,106333,0,0,8457,5415,489,0,0,0,305,0,0,0,0,35859,0,0,171,2001,2465,0,0,0,0,0,0,4175,216,0,0,29,4332,1916,0,0,0,0,0,0,0,0,253,0,0,0,0,0,0,0,24028,0,0,0,0,0,0,0,0,0,0,0,0,170,0,14728,492,71,7,13,191,2,4,1,371186,5134,209,0,53,0,0,0,0,0,0,0,0,0,0,0,0,0,0,0,0,0,230,0,0,27,0,0,0,0,0,0,251,0,0,0,0,0,0,0,0,0,0,0,0,0,0,0,106563,0,8708,5415,0,0,36340,2001,0,0
NE,31059,199957,0,0,1317,101950,0,0,0,1,8,0,0,0,0,1553,0,2,2,192,0,0,0,0,0,0,0,2987,1528,0,0,0,0,0,0,0,0,0,0,0,0,0,0,0,0,0,0,0,0,0,349,0,0,0,0,0,0,0,0,0,0,0,0,1151,0,14335,2257,449,157,75,5285,2,0,0,34809,549,123,0,0,0,0,0,0,0,0,0,0,0,0,0,0,0,0,0,0,0,0,0,0,0,0,0,0,0,0,0,0,0,0,0,0,0,0,0,0,0,0,0,0,0,0,0,199957,0,1317,101952,0,0,1555,192,0,0
NE,31061,82109,0,0,2162,57188,1,0,0,0,51,0,17,0,0,14335,0,214,17,447,14,0,0,0,0,0,0,3866,2057,0,0,0,0,5,3,0,0,0,0,0,0,0,9,0,0,0,0,0,0,0,916,0,0,0,0,0,0,0,0,0,0,0,0,587,0,12131,1764,155,42,60,2739,6,0,4,181863,5780,114,0,30,0,0,0,0,0,0,0,0,0,0,0,0,0,0,0,0,0,4,0,0,0,0,0,0,0,0,0,1,0,0,0,0,0,0,0,0,0,0,0,0,0,0,0,82113,0,2163,57402,17,0,14554,447,0,0
NE,31063,99976,0,0,15571,22983,7,0,0,0,2,0,0,0,0,33244,0,176,76,1226,11,0,0,0,74,0,0,1911,407,0,0,0,13,0,0,0,0,0,0,0,0,0,8,0,0,0,0,0,0,0,29907,0,0,0,0,0,0,0,0,0,0,0,0,2185,0,16537,625,89,27,8,416,3,213,7,383714,10356,99,0,3,0,0,0,0,0,0,0,0,0,0,0,0,0,0,0,0,0,3403,0,0,0,0,0,0,0,0,0,3957,0,0,0,0,0,0,0,0,0,0,0,0,0,0,0,103379,0,19528,23159,0,0,40780,1226,0,0
NE,31065,92756,0,0,13992,25674,0,0,0,0,7,0,0,0,0,57007,0,61,8,417,3,0,0,0,26,0,0,9409,370,0,0,0,0,0,0,0,0,0,0,0,0,0,48,0,0,0,0,0,0,0,27104,0,0,0,0,0,0,0,0,0,0,0,0,625,0,16576,2264,366,83,10,137,0,0,0,195820,12941,36,0,6,0,0,0,0,0,0,0,0,0,0,0,0,0,0,0,0,0,2703,0,0,0,0,0,0,0,0,0,2651,0,0,0,0,0,0,0,0,0,0,0,0,0,0,0,95459,0,16643,25735,0,0,62422,417,0,0
NE,31067,167926,0,0,402,156493,0,0,0,0,7,0,0,0,0,14579,0,2,0,116,0,0,0,0,0,0,0,4170,2978,0,0,0,0,0,0,0,0,0,0,0,0,0,0,0,0,0,0,0,9,0,34,0,0,0,0,0,0,0,0,0,0,0,0,4103,0,19645,5337,1123,459,9,32958,3,8,0,139598,435,3,0,0,0,0,0,0,0,0,0,0,0,0,0,0,0,0,0,0,0,6,0,0,0,0,0,0,0,0,0,0,0,0,0,0,0,0,0,0,0,0,0,0,0,0,0,167932,0,402,156495,0,0,14587,116,0,0
NE,31069,33688,0,0,1907,471,330,0,0,0,0,0,0,0,19,44107,116,0,35,72,4512,0,0,0,0,0,0,5053,6799,0,0,12,1215,50,0,0,0,0,0,0,0,0,627,0,0,0,0,0,0,0,39757,0,0,0,0,0,0,0,0,0,0,0,0,16963,0,9462,2588,252,25,44,230,800,0,9,905149,7887,25326,0,0,0,0,0,0,0,0,0,0,0,0,0,0,0,0,0,0,0,2,0,0,0,0,0,0,0,0,0,319,0,0,0,0,0,0,0,0,0,0,0,0,0,0,0,33690,0,2226,471,0,0,44428,72,0,0
NE,31071,13864,0,0,1079,1870,0,0,0,0,24,0,0,0,0,75,0,0,60,1541,11,0,0,0,0,0,0,2309,10771,0,0,0,0,3,0,0,0,0,0,0,0,0,0,0,0,0,0,0,0,0,149,0,0,0,0,0,0,0,0,0,0,0,0,1622,0,6221,682,145,36,23,4047,651,148,40,315529,4288,461,0,0,0,0,0,0,0,0,0,0,0,0,0,0,0,0,0,0,0,2,0,0,0,0,0,0,0,0,0,0,0,0,0,0,0,0,0,0,0,0,0,0,0,0,0,13866,0,1079,1870,0,0,77,1541,0,0
NE,31073,82133,0,0,1909,31250,0,0,0,0,1,0,0,0,0,12451,0,213,0,101,1,0,0,0,0,0,0,1216,172,0,0,0,0,0,0,0,0,0,0,0,0,0,14,0,0,0,0,0,0,0,6656,0,0,0,0,0,0,0,0,0,0,0,0,3116,0,8992,949,68,21,11,127,0,15,5,136287,9544,41,0,1,0,0,0,0,0,0,0,0,0,0,0,0,0,0,0,0,0,155,0,0,0,0,0,0,0,0,0,705,0,0,0,0,0,0,0,0,0,0,0,0,0,0,0,82288,0,2614,31463,0,0,13524,101,0,0
NE,31075,7,0,0,143,0,0,0,0,0,0,0,0,0,0,1,0,0,24,14,10,0,0,0,0,0,0,258,304,0,0,3,0,0,0,0,0,0,0,0,0,0,0,0,0,0,0,0,0,0,6,0,0,0,0,0,0,0,0,0,0,0,0,5554,0,1153,735,58,2,4,27,57,1,2,459403,566,32755,0,171,0,0,0,0,0,0,0,0,0,0,0,0,0,0,0,0,0,0,0,0,0,0,0,0,0,0,0,0,0,0,0,0,0,0,0,0,0,0,0,0,0,0,0,7,0,143,0,0,0,1,14,0,0
NE,31077,79877,0,0,284,35625,0,0,0,0,118,0,0,0,0,336,0,13,18,294,18,0,0,0,0,0,0,7426,5787,0,0,0,9,13,0,0,0,0,0,0,0,0,0,0,0,0,0,0,0,0,128,0,0,0,0,0,0,0,0,0,0,0,0,1060,0,11460,1444,168,36,54,953,109,0,4,214871,4748,243,0,1,0,0,0,0,0,0,0,0,0,0,0,0,0,0,0,0,0,152,0,0,0,0,0,0,0,0,0,4,0,0,0,0,0,0,0,0,0,0,0,0,0,0,0,80029,0,288,35638,0,0,505,294,0,0
NE,31079,192967,0,0,535,30205,0,0,0,0,93,0,0,0,0,486,0,10,9,34,1,0,0,0,0,0,0,4824,5422,0,0,0,0,2,0,0,0,0,0,0,0,0,0,0,0,0,0,0,8,0,171,0,0,0,0,0,0,0,0,0,0,0,0,2702,0,18010,8509,5523,1609,285,752,31,0,15,64810,14209,2186,0,0,0,0,0,0,0,0,0,0,0,0,0,0,0,0,0,0,0,12,0,0,0,0,0,0,0,0,0,0,0,0,0,0,0,0,0,0,0,0,0,0,0,0,0,192979,0,535,30215,0,0,508,34,0,0
NE,31081,211670,0,0,119,70187,0,0,0,0,934,0,0,0,0,2218,0,0,2,96,0,0,0,0,0,0,0,3179,1792,0,0,0,0,34,0,0,0,0,0,0,0,0,0,0,0,0,0,0,0,0,68,0,0,0,0,0,0,0,0,0,0,0,0,1744,0,13947,2838,400,165,74,2923,8,0,1,30814,6263,451,0,0,0,0,0,0,0,0,0,0,0,0,0,0,0,0,0,0,0,3,0,0,0,0,0,0,0,0,0,0,0,0,0,0,0,0,0,0,0,0,0,0,0,0,0,211673,0,119,70187,0,0,2221,96,0,0
NE,31083,92053,0,0,7506,45655,0,0,0,0,5,0,1,0,0,28811,0,53,3,628,11,0,0,0,25,0,0,3167,651,0,0,0,0,4,0,0,0,0,0,0,0,0,832,0,0,0,0,0,0,0,8292,0,0,0,0,0,0,0,0,0,0,0,0,8953,0,13396,1630,172,37,26,931,2,0,3,139326,10582,3641,0,45,0,0,0,0,0,0,0,0,0,0,0,0,0,0,0,0,0,344,0,0,0,0,0,0,0,0,0,669,0,0,0,0,0,0,0,0,0,0,0,0,0,0,0,92397,0,8175,45708,1,0,29877,628,0,0
NE,31085,80224,0,0,13135,4090,3437,0,0,0,887,0,0,0,0,21225,0,0,58,587,46,0,0,0,0,0,0,3922,1019,0,0,0,891,0,0,0,0,0,0,0,0,0,2,0,0,0,0,0,0,0,24132,0,0,0,0,0,0,0,0,0,0,0,0,131,0,9742,68,4,0,1,179,1,15,0,285280,4321,104,0,0,0,0,0,0,0,0,0,0,0,0,0,0,0,0,0,0,0,293,0,0,0,0,0,0,0,0,0,2730,0,0,0,0,0,0,0,0,0,0,0,0,0,0,0,80517,0,15865,4090,0,0,24248,587,0,0
NE,31087,64506,0,0,18227,2508,87,0,0,0,9,0,0,0,0,54581,0,0,7,431,34,0,0,0,1,0,0,2204,75,0,0,0,133,0,0,0,0,0,0,0,0,0,1,0,0,0,0,0,0,0,58807,0,0,0,0,0,0,0,0,0,0,0,0,3009,0,13343,446,66,19,4,139,0,23,2,231881,7559,309,0,0,0,0,0,0,0,0,0,0,0,0,0,0,0,0,0,0,0,29,0,0,0,0,0,0,0,0,0,1437,0,0,0,0,0,0,0,0,0,0,0,0,0,0,0,64535,0,19664,2508,0,0,56047,431,0,0
NE,31089,210581,0,0,2064,61913,0,0,0,0,13668,0,0,0,1,2994,0,8,751,5297,242,0,0,0,0,0,0,13141,82206,0,0,0,1360,1088,0,0,0,0,0,0,0,0,0,0,0,0,0,0,0,0,738,0,0,0,0,0,0,0,0,0,0,0,0,6985,0,42189,3297,531,161,388,17582,2328,37,61,1044293,24951,8221,0,161,0,0,0,0,0,0,0,0,0,0,0,0,0,0,0,0,0,7,0,0,0,0,0,0,0,0,0,34,0,0,0,0,0,0,0,0,0,0,0,0,0,0,0,210588,0,2098,61921,0,0,3043,5297,0,0
NE,31091,61,0,0,4,1,0,0,0,0,0,0,0,0,0,1,0,0,38,1,25,0,0,0,0,0,0,540,1453,0,0,0,0,0,0,0,0,0,0,0,0,0,0,0,0,0,0,0,0,0,7,0,0,0,0,0,0,0,0,0,0,0,0,581,0,1152,505,141,11,545,42,1263,29,3,451245,710,3377,0,32,0,0,0,0,0,0,0,0,0,0,0,0,0,0,0,0,0,0,0,0,0,0,0,0,0,0,0,0,0,0,0,0,0,0,0,0,0,0,0,0,0,0,0,61,0,4,1,0,0,1,1,0,0
NE,31093,111622,0,0,432,32107,0,0,0,0,6,0,0,0,0,691,0,52,26,78,17,0,0,0,0,0,0,11526,7211,0,0,0,0,5,10,0,0,0,0,0,0,0,0,0,0,0,0,0,6,0,119,0,0,0,0,0,0,0,0,0,0,0,0,4431,0,14150,3113,536,83,114,3230,398,0,0,165624,11887,963,0,7,0,0,0,0,0,0,0,0,0,0,0,0,0,0,0,0,0,29,0,0,0,0,0,0,0,0,0,2,0,0,0,0,0,0,0,0,0,0,0,0,0,0,0,111651,0,434,32159,0,0,774,78,0,0
NE,31095,106152,0,0,1570,83924,0,0,0,0,0,0,0,0,0,9950,0,19,2,92,5,0,0,0,0,0,0,3337,2529,0,0,0,0,0,0,0,0,0,0,0,0,0,0,0,0,0,0,0,0,0,20,0,0,0,0,0,0,0,0,0,0,0,0,2248,0,12906,2733,405,146,162,21423,1,6,1,119965,574,24,0,0,0,0,0,0,0,0,0,0,0,0,0,0,0,0,0,0,0,0,0,0,0,0,0,0,0,0,0,0,0,0,0,0,0,0,0,0,0,0,0,0,0,0,0,106152,0,1570,83943,0,0,9969,92,0,0
NE,31097,55998,0,0,51,46033,0,0,0,0,9,0,0,0,0,2379,0,36,0,19,0,0,0,0,0,0,0,1581,2955,0,0,0,0,0,0,0,0,0,0,0,0,0,0,0,0,0,0,0,6,0,5,0,0,0,0,2,0,0,0,0,0,0,0,1422,0,8854,1409,142,42,4,24329,1,1,2,95516,387,12,0,0,0,0,0,0,0,0,0,0,0,0,0,0,0,0,0,0,0,0,0,0,0,0,0,0,0,0,0,0,0,0,0,0,0,0,0,0,0,0,0,0,0,0,0,55998,0,51,46069,0,0,2415,19,0,0
NE,31099,169425,0,0,447,83778,0,0,0,0,556,0,0,0,0,6438,0,139,65,100,0,0,0,0,0,0,0,3047,1067,0,0,0,0,1207,1,0,0,0,0,0,0,0,2,0,0,0,0,0,0,0,633,0,0,0,0,0,0,0,0,0,0,0,0,208,0,11346,2352,350,101,87,284,2,0,5,44898,3669,101,0,0,0,0,0,0,0,0,0,0,0,0,0,0,0,0,0,0,0,12,0,0,0,0,0,0,0,0,0,0,0,0,0,0,0,0,0,0,0,0,0,0,0,0,0,169437,0,447,83917,0,0,6589,100,0,0
NE,31101,123461,0,0,892,14596,280,0,0,0,1342,0,0,0,0,30117,0,2,515,805,899,0,0,0,1,0,0,3072,4821,0,0,1110,713,0,0,0,0,0,0,0,0,0,349,0,0,0,0,0,19,0,32470,0,0,0,0,0,0,0,0,0,0,0,0,19704,0,13858,2182,459,71,1257,373,127,4,4,436069,12547,7666,0,34,0,0,0,0,0,0,0,0,0,0,0,0,0,0,0,0,0,149,0,0,229,0,0,0,0,0,0,51,0,0,0,0,0,0,0,0,0,0,0,0,0,0,0,123610,0,943,14598,0,0,30319,805,0,0
NE,31103,16724,0,0,696,3632,171,0,0,0,391,0,442,0,0,74,0,0,105,1118,176,0,0,0,0,0,0,6836,4804,0,0,0,18,12,0,0,0,0,0,0,0,0,0,0,0,0,0,0,0,0,48,0,0,0,0,0,0,0,0,0,0,0,0,2893,0,14018,174,9,9,1,17353,16064,5039,1,386666,9558,8471,0,0,0,0,0,0,0,0,0,0,0,0,0,0,0,0,0,0,0,1,0,0,0,0,0,0,0,0,0,2,0,0,0,0,0,0,0,0,0,0,0,0,0,0,0,16725,0,698,3632,442,0,77,1118,0,0
NE,31105,20208,0,0,699,0,1726,0,0,0,0,0,0,0,5,56322,0,0,5,315,27094,0,0,0,1,0,0,6709,2314,0,0,2497,1875,4,0,0,0,0,0,0,0,0,16,0,0,0,0,0,1,0,50349,0,0,0,0,0,0,0,0,0,0,0,0,93,0,18970,1394,193,60,256,13,138,0,124,416687,475,695,0,230,0,0,0,0,0,0,0,0,0,0,0,0,0,0,0,0,0,2,0,0,0,0,0,0,0,0,0,6,0,0,0,0,0,0,0,0,0,0,0,0,0,0,0,20210,0,705,0,0,0,56330,315,0,0
NE,31107,159767,0,0,311,61214,5,0,0,0,27,0,2,0,63,2627,0,3,34,6330,10,0,0,0,0,0,0,32717,11739,0,0,0,19,2,0,0,0,0,0,0,0,0,0,0,0,0,0,0,0,0,623,0,0,0,0,0,0,0,0,0,0,0,0,20715,0,25283,2291,246,77,94,50642,2816,0,180,336004,7246,8070,0,67,0,0,0,0,0,0,0,0,0,0,0,0,0,0,0,0,0,147,0,0,0,0,0,0,0,0,0,0,0,0,0,0,0,0,0,0,0,0,0,0,0,0,0,159914,0,311,61217,2,0,2777,6330,0,0
NE,31109,137164,0,0,159,123861,1,0,0,1,31,0,0,0,0,3784,0,6,0,118,1,0,0,0,0,0,0,3513,4202,0,0,0,0,0,0,0,0,0,0,0,0,0,0,0,0,0,0,0,27,0,137,0,0,0,0,0,0,0,0,0,0,0,0,7130,0,25951,29102,13100,5670,100,27011,3,13,7,159469,1108,18,0,0,0,0,0,0,0,0,0,0,0,0,0,0,0,0,0,0,0,0,0,0,0,0,0,0,0,0,0,0,0,0,0,29,0,0,0,0,0,0,0,0,0,0,0,137164,0,159,123896,0,0,3790,147,0,0
NE,31111,233316,0,0,7118,31668,37,0,0,0,2573,0,0,0,0,18158,0,14,311,1562,60,0,0,0,1,0,0,18376,31226,0,0,0,269,0,0,0,0,0,0,0,0,0,142,0,0,0,0,0,0,0,10052,0,0,0,0,0,0,0,0,0,0,0,0,10243,0,36020,7194,2098,726,105,1570,3545,7034,937,1185670,35138,1900,0,0,0,0,0,0,0,0,0,0,0,0,0,0,0,0,0,0,0,612,0,0,0,0,0,0,0,0,0,375,0,0,0,0,0,0,0,0,0,0,0,0,0,0,0,233928,0,7493,31682,0,0,19159,1562,0,0
NE,31113,26253,0,0,1027,4009,0,0,0,0,11,0,0,0,0,625,0,27,170,646,23,0,0,0,0,0,0,2296,6162,0,0,0,0,0,0,0,0,0,0,0,0,0,20,0,0,0,0,0,0,0,400,0,0,0,0,0,0,0,0,0,0,0,0,340,0,3253,273,22,5,41,52,322,186,4,312437,1070,5637,0,0,0,0,0,0,0,0,0,0,0,0,0,0,0,0,0,0,0,165,0,0,0,0,0,0,0,0,0,49,0,0,0,0,0,0,0,0,0,0,0,0,0,0,0,26418,0,1076,4036,0,0,866,646,0,0
NE,31115,8075,0,0,800,2263,0,0,0,0,6,0,0,0,0,196,0,0,186,762,31,0,0,0,0,0,0,2628,3879,0,0,0,2,4,0,0,0,0,0,0,0,0,0,0,0,0,0,0,0,0,124,0,0,0,0,0,0,0,0,0,0,0,0,5693,0,6555,712,32,2,47,1158,48,250,4,328623,2642,724,0,0,0,0,0,0,0,0,0,0,0,0,0,0,0,0,0,0,0,4,0,0,0,0,0,0,0,0,0,0,0,0,0,0,0,0,0,0,0,0,0,0,0,0,0,8079,0,800,2263,0,0,200,762,0,0
NE,31117,5214,0,0,226,969,1,0,0,0,500,0,0,0,0,274,0,0,286,115,1259,0,0,0,0,0,0,1317,1055,0,0,2,19,0,0,0,0,0,0,0,0,0,4,0,0,0,0,0,0,0,124,0,0,0,0,0,0,0,0,0,0,0,0,1110,0,1524,72,4,1,123,25,235,9,0,529278,269,6178,0,191,0,0,0,0,0,0,0,0,0,0,0,0,0,0,0,0,0,0,0,0,3,0,0,0,0,0,0,10,0,0,0,0,0,0,0,0,0,0,0,0,0,0,0,5214,0,236,969,0,0,284,115,0,0
NE,31119,152192,0,0,110,97742,12,0,0,0,4,0,0,0,5,459,0,11,116,304,5,0,0,0,0,0,0,9142,3737,0,0,0,4,0,0,0,0,0,0,0,0,0,0,0,0,0,0,0,0,0,524,0,0,0,0,0,0,0,0,0,0,0,0,2300,0,15146,5494,1702,910,47,8701,0,0,0,66744,2552,60,0,0,0,0,0,0,0,0,0,0,0,0,0,0,0,0,0,0,0,0,0,0,0,0,0,0,0,0,0,0,0,0,0,0,0,0,0,0,0,0,0,0,0,0,0,152192,0,110,97753,0,0,470,304,0,0
NE,31121,134867,0,0,128,55745,0,0,0,8,1589,0,0,0,0,854,0,0,8,382,0,0,0,0,0,0,0,3095,8046,0,0,0,1,105,0,0,0,0,0,0,0,0,0,0,0,0,0,0,0,0,131,0,0,0,0,0,0,0,0,0,0,0,0,4523,0,12171,4088,363,125,142,2219,6,0,3,71457,13838,2607,0,7,0,0,0,0,0,0,0,0,0,0,0,0,0,0,0,0,0,4,0,0,0,0,0,0,0,0,0,1,0,0,0,0,0,0,0,0,0,0,0,0,0,0,0,134871,0,129,55745,0,0,859,382,0,0
NE,31123,68180,0,0,1947,4,368,0,0,0,0,0,1,0,4,27770,1,0,303,1449,2489,0,0,0,0,0,0,19700,7909,0,0,5071,12545,594,0,0,0,0,0,0,0,0,26,0,0,0,0,0,0,0,17776,0,0,0,0,0,0,0,0,0,0,0,0,3270,0,18955,3138,435,28,53,170,2208,6,23,702715,8550,9270,0,1,0,0,0,0,0,0,0,0,0,0,0,0,0,0,0,0,0,3,0,0,0,0,0,0,0,0,0,106,0,0,0,0,0,0,0,0,0,0,0,0,0,0,0,68183,0,2053,4,1,0,27879,1449,0,0
NE,31125,86748,0,0,205,45485,0,0,0,0,31,0,0,0,13,890,0,73,8,217,0,0,0,0,0,0,0,6618,3536,0,0,0,0,21,0,0,0,0,0,0,0,0,0,0,0,0,0,0,0,0,119,0,0,0,0,0,0,0,0,0,0,0,0,3730,0,9716,1751,109,42,634,9732,116,0,0,101321,15213,331,0,47,0,0,0,0,0,0,0,0,0,0,0,0,0,0,0,0,0,8,0,0,0,0,0,0,0,0,0,39,0,0,0,0,0,0,0,0,0,0,0,0,0,0,0,86756,0,244,45558,0,0,1010,217,0,0
NE,31127,86219,0,0,5,80843,0,0,0,0,11,0,0,0,0,1642,0,24,0,4,0,0,0,0,0,0,0,848,2522,0,0,0,0,0,0,0,0,0,0,0,0,0,0,0,0,0,0,19,16,0,1103,0,0,1,0,2,0,0,0,0,0,0,0,3305,0,10736,1879,253,96,14,25202,5,0,1,37508,6112,5177,0,0,0,0,0,0,0,0,0,0,0,0,0,0,0,0,0,0,0,61,0,0,0,0,0,0,0,0,0,0,0,0,0,0,5,0,0,0,0,0,0,0,0,0,0,86285,0,5,80872,0,0,1727,4,0,0
NE,31129,114891,0,0,3931,60237,9,0,0,0,1,0,0,0,0,26132,0,2,1,53,0,0,0,0,0,0,0,4746,4451,0,0,0,0,0,0,0,0,0,0,0,0,0,0,0,0,0,0,0,0,0,360,0,0,0,0,0,0,0,0,0,0,0,0,793,0,13962,1785,293,99,16,9675,5,0,0,125421,1651,39,0,2,0,0,0,0,0,0,0,0,0,0,0,0,0,0,0,0,0,21,4,0,0,0,0,0,0,0,0,38,0,0,0,0,0,0,0,0,0,0,0,0,0,0,0,114916,0,3969,60239,0,0,26193,57,0,0
NE,31131,127582,0,0,18,129921,0,0,0,0,12,0,0,0,0,1830,0,4,0,54,0,0,0,0,0,0,0,2218,3917,0,0,0,0,0,1,0,0,0,0,0,0,0,0,0,0,0,0,0,10,0,229,0,0,1,0,2,0,0,0,0,0,0,0,4211,0,15775,5124,898,205,41,26263,2,5,0,71476,4869,1531,0,0,0,0,0,0,0,0,0,0,0,0,0,0,0,0,0,0,0,4,0,0,0,0,0,0,0,0,0,0,0,0,0,0,11,0,0,0,0,0,0,0,0,0,0,127597,0,18,129936,0,0,1838,54,0,0
NE,31133,49811,0,0,242,52304,0,0,0,0,9,0,0,0,0,3720,0,104,0,37,0,0,0,0,0,0,0,1694,5934,0,0,0,0,0,0,0,0,0,0,0,0,0,0,0,0,0,0,0,2,0,31,0,0,0,0,0,0,0,0,0,0,0,0,1906,0,9703,1050,92,21,6,34904,22,6,6,114744,561,32,0,0,0,0,0,0,0,0,0,0,0,0,0,0,0,0,0,0,0,0,0,0,0,0,0,0,0,0,0,0,0,0,0,0,0,0,0,0,0,0,0,0,0,0,0,49811,0,242,52408,0,0,3824,37,0,0
NE,31135,243928,0,0,2370,11096,338,0,0,0,1291,0,13,0,0,76165,0,0,413,757,8209,0,0,0,0,0,0,899,2576,0,0,745,655,0,0,0,0,0,0,0,0,0,1285,0,0,0,0,0,3,0,75877,0,0,0,0,0,0,0,0,0,0,0,0,62,0,15391,469,107,18,19,130,3,2,0,121907,546,206,0,142,0,0,0,0,0,0,0,0,0,0,0,0,0,0,0,0,0,56,0,0,72,0,0,0,0,0,0,181,0,0,0,0,0,0,0,0,0,0,0,0,0,0,0,243984,0,2551,11096,13,0,76402,757,0,0
NE,31137,183326,0,0,427,84412,0,0,0,0,17,0,0,0,0,2399,0,5,1,83,0,0,0,0,0,0,0,3483,281,0,0,0,0,350,0,0,0,0,0,0,0,0,3,0,0,0,0,0,0,0,504,0,0,0,0,0,0,0,0,0,0,0,0,322,0,10629,2491,482,167,34,421,0,1,9,49836,5732,325,0,30,0,0,0,0,0,0,0,0,0,0,0,0,0,0,0,0,0,189,0,0,0,0,0,0,0,0,0,15,0,0,0,0,0,0,0,0,0,0,0,0,0,0,0,183515,0,442,84417,0,0,2608,83,0,0
NE,31139,154135,0,0,191,91630,0,0,0,0,162,0,1,0,5,689,0,8,66,1792,2,0,0,0,0,0,0,9648,3693,0,0,0,0,0,0,0,0,0,0,0,0,0,0,0,0,0,0,0,0,0,188,0,0,0,0,0,0,0,0,0,0,0,0,996,0,14571,1901,207,64,28,6098,1,0,1,81145,539,23,0,6,0,0,0,0,0,0,0,0,0,0,0,0,0,0,0,0,0,375,0,0,0,0,0,0,0,0,0,0,0,0,0,0,0,0,0,0,0,0,0,0,0,0,0,154510,0,191,91638,1,0,1072,1792,0,0
NE,31141,208218,0,0,41,111485,0,0,0,22,10,0,0,0,1,911,0,1,65,64,0,0,0,0,0,0,0,6769,3792,0,0,0,1,896,0,0,0,0,0,0,0,0,0,0,0,0,0,0,0,0,533,0,0,0,0,0,0,0,0,0,0,0,0,7101,0,17290,5687,1735,679,375,6465,0,0,0,60057,8682,111,0,0,0,0,0,0,0,0,0,0,0,0,0,0,0,0,0,0,0,9,0,0,0,0,0,0,0,0,0,0,0,0,0,0,0,0,0,0,0,0,0,0,0,0,0,208227,0,41,111486,0,0,921,64,0,0
NE,31143,135817,0,0,127,77378,0,0,0,2,30,0,0,0,0,683,0,0,1,22,0,0,0,0,0,0,0,3221,2644,0,0,0,0,53,0,0,0,0,0,0,0,0,0,0,0,0,0,0,0,0,357,0,0,0,0,0,0,0,0,0,0,0,0,1428,0,9972,1549,234,71,50,4581,0,0,0,40116,3816,10,0,0,0,0,0,0,0,0,0,0,0,0,0,0,0,0,0,0,0,1,0,0,0,0,0,0,0,0,0,0,0,0,0,0,0,0,0,0,0,0,0,0,0,0,0,135818,0,127,77378,0,0,684,22,0,0
NE,31145,80215,0,0,18593,7717,6,0,0,0,4,0,0,0,0,55861,0,18,19,623,276,0,0,0,4,0,0,5809,135,0,0,0,13,0,0,0,0,0,0,0,0,0,4,0,0,0,0,0,0,0,48439,0,0,0,0,0,0,0,0,0,0,0,0,216,0,14406,1632,326,187,24,259,0,2,0,210106,9981,24,0,21,0,0,0,0,0,0,0,0,0,0,0,0,0,0,0,0,0,1534,0,0,0,0,0,0,0,0,0,3052,0,0,0,0,0,0,0,0,0,0,0,0,0,0,0,81749,0,21645,7735,0,0,60465,623,0,0
NE,31147,107148,0,0,3,99316,0,0,0,0,2,0,0,0,0,2187,0,143,0,31,0,0,0,0,0,0,0,1719,9311,0,0,0,0,0,0,0,0,0,0,0,0,0,0,0,0,0,0,20,156,0,733,0,0,0,0,0,0,0,0,0,0,0,0,4822,0,13758,2584,313,94,30,36926,4,0,37,59500,8234,8493,0,0,0,0,0,0,0,0,0,0,0,0,0,0,0,0,0,0,0,4,0,0,0,0,0,0,0,0,0,0,0,0,0,0,360,0,0,0,0,0,0,0,0,0,0,107512,0,3,99819,0,0,2334,31,0,0
NE,31149,30288,0,0,907,12481,0,0,0,0,497,0,0,0,0,2,0,0,570,615,39,0,0,0,0,0,0,1475,11440,0,0,0,6,174,0,0,0,0,0,0,0,0,0,0,0,0,0,0,0,0,20,0,0,0,0,0,0,0,0,0,0,0,0,5954,0,11055,351,100,20,112,5753,3603,105,1,541898,4544,15562,0,0,0,0,0,0,0,0,0,0,0,0,0,0,0,0,0,0,0,0,0,0,0,0,0,0,0,0,0,0,0,0,0,0,0,0,0,0,0,0,0,0,0,0,0,30288,0,907,12481,0,0,2,615,0,0
NE,31151,143892,0,0,1486,98098,0,0,0,0,0,0,0,0,0,7444,0,0,1,116,3,0,0,0,0,0,0,4049,1999,0,0,0,0,0,0,0,0,0,0,0,0,0,0,0,0,0,0,0,1,0,103,0,0,0,0,0,0,0,0,0,0,0,0,1807,0,13551,2850,417,192,33,18956,2,5,0,72800,911,11,0,0,0,0,0,0,0,0,0,0,0,0,0,0,0,0,0,0,0,1,0,0,0,0,0,0,0,0,0,0,0,0,0,0,0,0,0,0,0,0,0,0,0,0,0,143893,0,1486,98098,0,0,7445,116,0,0
NE,31153,34627,0,0,5,35317,0,0,0,0,5,0,0,0,0,260,0,8,0,44,0,0,0,0,0,0,0,507,769,0,0,0,0,0,0,0,0,0,0,0,0,0,0,0,0,0,0,1,18,0,950,0,0,0,0,0,0,0,0,0,0,0,0,7041,0,11005,17862,7140,2234,525,9065,60,0,0,26076,4543,134,0,0,0,0,0,0,0,0,0,0,0,0,0,0,0,0,0,0,0,0,0,0,0,0,0,0,0,0,0,0,0,0,0,0,0,0,0,0,0,0,0,0,0,0,0,34627,0,5,35325,0,0,268,44,0,0
NE,31155,184052,0,0,247,155340,0,0,0,0,3,0,20,0,0,1599,0,96,0,51,0,0,0,0,0,0,0,4395,2478,0,0,0,0,2,0,0,0,0,0,0,0,0,0,0,0,0,0,0,13,0,492,0,0,0,0,0,0,0,0,0,0,0,0,6492,0,17716,4934,628,165,330,15083,1,0,1,87945,3389,56,0,0,0,0,0,0,0,0,0,0,0,0,0,0,0,0,0,0,0,0,0,0,0,0,0,0,0,0,0,0,0,0,0,0,0,0,0,0,0,0,0,0,0,0,0,184052,0,247,155436,20,0,1695,51,0,0
NE,31157,99524,0,0,917,3,411,0,0,0,0,0,4,0,45,5516,0,0,29,383,1113,0,0,0,0,0,0,31139,2817,0,0,7714,30815,0,0,0,0,0,0,0,0,0,7,0,0,0,0,0,0,0,3317,0,0,0,0,0,0,0,0,0,0,0,0,3939,0,20607,6537,2280,928,616,425,4764,3,222,239102,8473,5412,0,41,0,0,0,0,0,0,0,0,0,0,0,0,0,0,0,0,0,1,0,0,0,0,0,0,0,0,0,5,0,0,0,0,0,0,0,0,0,0,0,0,0,0,0,99525,0,922,3,4,0,5522,383,0,0
NE,31159,147831,0,0,615,99656,4,0,0,0,1,0,0,0,0,1171,0,0,3,167,1,0,0,0,0,0,0,3915,1944,0,0,0,0,0,0,0,0,0,0,0,0,0,0,0,0,0,0,0,5,0,182,0,0,0,0,0,0,0,0,0,0,0,0,1402,0,14102,3587,534,179,26,14785,8,3,1,77408,949,32,0,0,0,0,0,0,0,0,0,0,0,0,0,0,0,0,0,0,0,0,0,0,0,0,0,0,0,0,0,0,0,0,0,0,0,0,0,0,0,0,0,0,0,0,0,147831,0,615,99656,0,0,1171,167,0,0
NE,31161,36758,0,0,1361,114,5135,0,0,0,1,0,101,0,375,38006,0,0,24,3649,6344,0,0,0,22,0,0,26939,19889,0,0,393,6827,764,0,0,0,0,0,0,0,0,906,0,0,0,0,141,0,0,32906,0,0,0,0,0,0,0,0,0,0,0,0,17332,0,14383,7139,554,74,177,991,56459,5,18,1257057,3931,41890,0,2,0,0,0,0,0,0,0,0,0,0,0,0,0,0,0,0,0,31,0,0,0,0,0,0,0,0,0,70,0,0,0,0,0,0,0,0,0,0,0,0,0,0,0,36789,0,1431,114,101,0,38107,3649,0,0
NE,31163,80269,0,0,892,25411,0,0,0,0,4,0,0,0,0,356,0,67,28,236,5,0,0,0,0,0,0,12215,4534,0,0,0,0,5,0,0,0,0,0,0,0,0,1,0,0,0,0,0,0,0,132,0,0,0,0,0,0,0,0,0,0,0,0,4957,0,12682,3072,344,56,14,1427,40,0,0,211752,6398,828,0,0,0,0,0,0,0,0,0,0,0,0,0,0,0,0,0,0,0,95,0,0,0,0,0,0,0,0,0,10,0,0,0,0,0,0,0,0,0,0,0,0,0,0,0,80364,0,902,25478,0,0,528,236,0,0
NE,31165,15555,0,0,977,0,226,0,0,0,0,0,8,0,22,3926,0,0,117,888,419,0,0,0,0,0,0,17641,8488,0,0,519,4248,2,22,0,0,0,0,0,0,0,0,0,0,0,2,0,0,0,2009,0,0,0,0,0,0,0,0,0,0,0,0,343,0,8990,1851,127,8,6388,375,32311,213,4178,1206738,2759,3145,0,525,0,0,0,0,0,0,0,0,0,0,0,0,0,0,0,0,0,0,0,0,0,0,0,0,0,0,0,40,0,0,0,0,0,0,0,0,0,0,0,0,0,0,0,15555,0,1017,0,8,0,3966,888,0,0
NE,31167,106071,0,0,41,60038,2,0,0,0,0,0,0,0,1,483,0,6,96,225,0,0,0,0,0,0,0,8748,2784,0,0,0,0,1,0,0,0,0,0,0,0,0,0,0,0,0,0,0,2,0,278,0,0,0,0,0,0,0,0,0,0,0,0,2117,0,10140,1490,161,146,123,9882,0,0,0,69482,3495,42,0,0,0,0,0,0,0,0,0,0,0,0,0,0,0,0,0,0,0,20,0,0,2,0,0,0,0,0,0,0,0,0,0,0,0,0,0,0,0,0,0,0,0,0,0,106091,0,41,60044,0,0,509,225,0,0
NE,31169,144621,0,0,2178,84878,0,0,0,0,48,0,0,0,0,14629,0,105,206,100,0,0,0,0,0,0,0,4026,1556,0,0,0,0,0,0,0,0,0,0,0,0,0,0,0,0,0,0,0,0,0,228,0,0,0,0,0,0,0,0,0,0,0,0,1077,0,14036,2514,656,131,176,11425,2,4,0,84791,700,21,0,0,0,0,0,0,0,0,0,0,0,0,0,0,0,0,0,0,0,13,1,0,0,0,0,0,0,0,0,1,0,0,0,0,0,0,0,0,0,0,0,0,0,0,0,144635,0,2179,84983,0,0,14748,101,0,0
NE,31171,619,0,0,20,6,0,0,0,0,0,0,0,0,0,9,0,0,252,72,19,0,0,0,0,0,0,837,864,0,0,0,0,0,0,0,0,0,0,0,0,0,0,0,0,0,0,0,0,0,18,0,0,0,0,0,0,0,0,0,0,0,0,1126,0,2038,626,100,14,174,111,333,8396,1,438124,1855,1110,0,0,0,0,0,0,0,0,0,0,0,0,0,0,0,0,0,0,0,0,0,0,0,0,0,0,0,0,0,0,0,0,0,0,0,0,0,0,0,0,0,0,0,0,0,619,0,20,6,0,0,9,72,0,0
NE,31173,98693,0,0,2,68905,0,0,0,0,1,0,0,0,1,793,0,0,2,1824,1,0,0,0,0,0,0,9095,1417,0,0,0,0,0,0,0,0,0,0,0,0,0,0,0,0,0,0,0,11,0,249,0,0,0,0,0,0,0,0,0,0,0,0,1543,0,9783,2132,147,44,4,20262,1,0,2,35650,2740,276,0,0,0,0,0,0,0,0,0,0,0,0,0,0,0,0,0,0,0,2,0,0,0,0,0,0,0,0,0,0,0,0,0,0,0,0,0,0,0,0,0,0,0,0,0,98695,0,2,68905,0,0,795,1824,0,0
NE,31175,77163,0,0,1020,25606,0,0,0,0,405,0,70,0,0,685,0,0,53,712,34,0,0,0,0,0,0,12321,3966,0,0,0,16,4,0,0,0,0,0,0,0,0,1,0,0,0,0,0,0,0,268,0,0,0,0,0,0,0,0,0,0,0,0,3143,0,11119,2280,330,108,27,5093,407,87,9,212866,6247,930,0,2,0,0,0,0,0,0,0,0,0,0,0,0,0,0,0,0,0,20,0,0,0,0,0,0,0,0,0,128,0,0,0,0,0,0,0,0,0,0,0,0,0,0,0,77183,0,1148,25606,70,0,833,712,0,0
NE,31177,86586,0,0,1,77526,0,0,0,0,0,0,0,0,0,248,0,39,0,115,0,0,0,0,0,0,0,5137,705,0,0,0,0,0,0,0,0,0,0,0,0,0,0,0,0,0,0,0,40,0,232,0,0,0,0,0,0,0,0,0,0,0,0,3523,0,9470,4325,642,351,99,14586,1,0,0,43324,4080,883,0,0,0,0,0,0,0,0,0,0,0,0,0,0,0,0,0,0,0,2,0,0,0,0,0,0,0,0,0,0,0,0,0,0,0,0,0,0,0,0,0,0,0,0,0,86588,0,1,77565,0,0,289,115,0,0
NE,31179,129064,0,0,137,92550,0,0,0,0,1,0,0,0,0,49,0,1,2,350,0,0,0,0,0,0,0,10924,738,0,0,0,0,0,0,0,0,0,0,0,0,0,0,0,0,0,0,0,0,0,139,0,0,0,0,0,0,0,0,0,0,0,0,151,0,10374,1705,254,131,3,3079,0,0,0,33590,261,41,0,0,0,0,0,0,0,0,0,0,0,0,0,0,0,0,0,0,0,288,0,0,0,0,0,0,0,0,0,0,0,0,0,0,0,0,0,0,0,0,0,0,0,0,0,129352,0,137,92551,0,0,338,350,0,0
NE,31181,81651,0,0,2059,55415,0,0,0,0,118,0,28,0,0,23360,0,103,244,153,6,0,0,0,0,0,0,5460,5666,0,0,0,0,2,1,0,0,0,0,0,0,0,0,0,0,0,0,0,0,0,536,0,0,0,0,0,0,0,0,0,0,0,0,1013,0,13953,1838,144,45,22,6898,7,0,0,165598,3419,64,0,102,0,0,0,0,0,0,0,0,0,0,0,0,0,0,0,0,0,4,4,0,0,0,0,0,0,0,0,50,0,0,0,0,0,0,0,0,0,0,0,0,0,0,0,81659,0,2109,55518,28,0,23517,157,0,0
NE,31183,40592,0,0,452,13013,0,0,0,0,1019,0,13,0,25,1899,0,91,701,1026,42,0,0,0,0,0,0,2544,22979,0,0,0,37,3,0,0,0,0,0,0,0,0,0,0,0,0,0,0,0,0,113,0,0,0,0,0,0,0,0,0,0,0,0,372,0,8456,537,51,6,85,899,72,0,22,263546,6082,3623,0,2,0,0,0,0,0,0,0,0,0,0,0,0,0,0,0,0,0,66,0,0,0,0,0,0,0,0,0,3,0,0,0,0,0,0,0,0,0,0,0,0,0,0,0,40658,0,455,13104,13,0,2059,1026,0,0
NE,31185,223273,0,0,544,84830,0,0,0,1,131,0,0,0,0,687,0,0,2,18,0,0,0,0,0,0,0,1591,1144,0,0,0,0,1,0,0,0,0,0,0,0,0,0,0,0,0,0,0,0,0,117,0,0,0,0,0,0,0,0,0,0,0,0,821,0,14349,3518,725,360,83,6666,1,0,0,28208,1512,56,0,0,0,0,0,0,0,0,0,0,0,0,0,0,0,0,0,0,0,0,0,0,0,0,0,0,0,0,0,0,0,0,0,0,0,0,0,0,0,0,0,0,0,0,0,223273,0,544,84830,0,0,687,18,0,0
NV,32001,2951,0,0,22,0,0,0,0,0,0,0,1,0,231,2134,0,0,1022,149,18,0,0,0,0,0,0,37109,898,0,0,0,0,20,228,0,0,0,0,6,0,0,0,0,0,0,0,0,0,0,2220,0,0,0,138,0,0,0,0,0,0,0,0,6963,0,12647,13936,1628,76,513534,52,207862,0,2309756,50225,2390,48656,0,56,0,0,9,0,0,0,0,0,0,0,0,0,0,0,0,0,0,0,0,0,0,0,0,0,0,0,0,0,0,0,0,0,0,0,0,0,0,0,0,0,0,0,0,2951,0,22,0,1,0,2134,149,0,0
NV,32003,16,0,0,0,0,0,0,0,0,0,0,0,0,0,0,0,0,0,0,0,0,0,0,0,0,0,596,411,0,0,0,0,0,0,0,0,0,18,0,0,0,0,0,0,0,0,0,0,0,2688,0,0,0,0,0,0,0,0,0,0,0,0,83805,0,53072,84286,92636,31766,123735,73,282179,143,4399664,7336,10698,4838,0,0,0,0,0,0,0,0,0,0,0,0,0,0,0,0,0,0,0,0,0,0,0,0,0,0,0,0,0,0,0,0,0,0,0,0,0,0,0,0,0,0,0,0,0,16,0,0,0,0,0,0,0,0,0
NV,32005,8,0,0,0,0,0,0,0,0,0,0,2,0,99,25,0,0,0,0,0,0,0,0,0,0,0,3211,390,0,0,0,0,21,0,0,0,0,0,8,0,0,0,0,0,0,0,0,0,0,283,0,0,0,0,0,0,0,0,0,0,0,0,17846,0,5311,10342,3209,391,97,5,60212,0,336940,27109,63,6066,0,2,0,0,450,0,0,0,0,0,0,0,0,0,0,0,0,0,0,0,0,0,0,0,0,0,0,0,0,0,0,0,0,0,0,0,0,0,0,0,0,0,0,0,0,8,0,0,0,2,0,25,0,0,0
NV,32007,3,0,0,0,0,0,0,0,0,0,0,253,0,0,0,0,0,0,0,0,0,0,0,0,0,0,5045,93936,0,0,0,0,2,0,0,0,0,0,0,0,0,0,0,0,0,0,0,0,0,1980,0,0,0,0,0,0,0,0,0,0,0,0,5697,8,30148,10132,1930,119,54990,127101,661573,618,9569037,377646,54023,15167,0,491,0,0,0,0,0,0,0,0,0,0,0,0,0,0,0,0,0,0,0,0,0,0,0,0,0,0,0,0,0,0,0,0,0,0,0,0,0,0,0,0,0,0,0,3,0,0,0,253,0,0,0,0,0
NV,32009,4,0,0,0,0,0,0,0,0,0,0,2,0,1,1,0,0,0,0,0,0,0,0,0,0,0,4513,11,0,0,0,0,0,0,0,0,0,0,0,0,0,0,0,0,0,0,0,0,0,930,0,0,0,0,0,0,0,0,0,0,0,0,706,0,5158,1761,6,1,48792,57,162028,11,2066274,6549,167,2,0,0,0,0,0,0,0,0,0,0,0,0,0,0,0,0,0,0,0,0,0,0,0,0,0,0,0,0,0,0,0,0,0,0,0,0,0,0,0,0,0,0,0,0,0,4,0,0,0,2,0,1,0,0,0
NV,32011,2,0,0,0,0,0,0,0,0,0,0,0,0,0,0,0,0,0,0,0,0,0,0,0,0,0,9293,8334,0,0,0,0,0,0,0,0,0,0,0,0,0,0,0,0,0,0,0,0,0,700,0,0,0,0,0,0,0,0,0,0,0,0,740,0,5379,834,62,1,64276,3291,382784,102,2000816,180591,17805,137,0,6,0,0,0,0,0,0,0,0,0,0,0,0,0,0,0,0,0,0,0,0,0,0,0,0,0,0,0,0,0,0,0,0,0,0,0,0,0,0,0,0,0,0,0,2,0,0,0,0,0,0,0,0,0
NV,32013,1088,0,0,1,0,0,0,0,0,0,0,794,0,2273,9288,0,0,207,119,0,0,0,0,0,0,0,68276,79995,0,0,0,0,4562,1451,0,0,0,0,0,0,0,525,0,0,0,653,0,0,0,22355,0,0,0,0,0,0,0,0,0,0,0,0,1291,0,19675,7122,793,0,294891,5991,42173,184,5174103,414686,25898,852,0,1708,0,0,18,0,0,0,0,0,0,0,0,0,0,0,0,0,0,0,0,0,0,0,0,0,0,0,0,0,0,0,0,0,0,0,0,0,0,0,0,0,0,0,0,1088,0,1,0,794,0,9288,119,0,0
NV,32015,0,0,0,0,0,0,0,0,0,0,0,0,0,6,246,0,0,0,0,0,0,0,0,0,0,0,23707,15188,0,0,0,0,0,10,0,0,0,0,0,0,0,0,0,0,0,0,0,0,0,1610,0,0,0,0,0,0,0,0,0,0,0,0,141,0,6019,1910,275,0,43068,3224,410498,467,2870647,132386,22567,3,0,480,0,0,0,0,0,0,0,0,0,0,0,0,0,0,0,0,0,0,0,0,0,0,0,0,0,0,0,0,0,0,0,0,0,0,0,0,0,0,0,0,0,0,0,0,0,0,0,0,0,246,0,0,0
NV,32017,288,0,0,0,0,0,0,0,0,0,0,0,0,0,0,0,0,0,0,0,0,0,0,0,0,0,2255,11,0,0,0,0,0,0,0,0,0,0,0,0,0,0,0,0,0,0,0,0,0,4716,0,0,0,0,0,0,0,0,0,0,0,0,619,2,8322,3750,414,143,51929,427,1305559,52,5124392,302139,2152,690,0,0,0,0,0,0,0,0,0,0,0,0,0,0,0,0,0,0,0,0,0,0,0,0,0,0,0,0,0,0,0,0,0,0,0,0,0,0,0,0,0,0,0,0,0,288,0,0,0,0,0,0,0,0,0
NV,32019,746,0,0,0,0,0,0,0,0,0,0,219,0,158,1215,0,0,4,150,0,0,0,0,0,0,0,45505,5540,0,0,0,0,15,2,0,0,0,0,1026,0,0,0,0,0,0,0,74,39,0,2341,0,0,0,0,0,0,0,0,0,0,0,0,4588,0,11608,16321,1829,260,20220,39,109032,0,1030371,14019,24131,345,0,461,0,0,200,0,0,0,0,0,0,0,0,0,0,0,0,0,0,0,0,0,0,0,0,0,0,0,0,0,0,0,0,0,0,0,0,0,0,0,0,0,0,0,0,746,0,0,0,219,0,1215,150,0,0
NV,32021,3,0,0,0,0,0,0,0,0,0,0,0,0,0,5,0,0,1,0,0,0,0,0,0,0,0,1750,6,0,0,0,0,0,0,0,0,0,0,0,0,0,0,0,0,0,0,0,0,0,10,0,0,0,0,0,0,0,0,0,0,0,0,31393,0,3965,3105,302,5,21996,29,356424,0,2012425,6297,2344,249,0,0,0,0,1,0,0,0,0,0,0,0,0,0,0,0,0,0,0,0,0,0,0,0,0,0,0,0,0,0,0,0,0,0,0,0,0,0,0,0,0,0,0,0,0,3,0,0,0,0,0,5,0,0,0
NV,32023,236,0,0,0,0,0,0,0,0,0,0,0,0,0,0,0,0,0,0,0,0,0,0,0,0,0,1790,1728,0,0,0,0,0,0,0,0,0,0,0,0,0,0,0,0,0,0,0,0,0,255,0,0,0,0,0,0,0,0,0,0,0,0,2173,0,14139,26777,1694,243,231292,15274,1701344,1040,9495225,122170,3123,3002,0,19,0,0,0,0,0,0,0,0,0,0,0,0,0,0,0,0,0,0,0,0,0,0,0,0,0,0,0,0,0,0,0,0,0,0,0,0,0,0,0,0,0,0,0,236,0,0,0,0,0,0,0,0,0
NV,32027,18,0,0,0,0,0,0,0,0,0,0,0,0,103,9215,0,0,4,0,0,0,0,0,0,0,0,35944,1313,0,0,0,0,2,1003,0,0,0,0,0,0,0,0,0,0,0,0,0,0,0,3202,0,0,0,0,0,0,0,0,0,0,0,0,6357,0,7440,4034,73,0,232010,260,79962,2,3297215,185811,9043,9935,0,199,0,0,2,0,0,0,0,0,0,0,0,0,0,0,0,0,0,0,0,0,0,0,0,0,0,0,0,0,0,0,0,0,0,0,0,0,0,0,0,0,0,0,0,18,0,0,0,0,0,9215,0,0,0
NV,32029,0,0,0,0,0,0,0,0,0,0,0,0,0,0,0,0,0,0,0,0,0,0,0,0,0,0,19,11,0,0,0,0,0,0,0,0,0,0,0,0,0,0,0,0,0,0,0,0,0,1,0,0,0,0,0,0,0,0,0,0,0,0,83,0,1260,1371,431,77,1000,0,2638,0,158052,3688,151,22,0,0,0,0,1,0,0,0,0,0,0,0,0,0,0,0,0,0,0,0,0,0,0,0,0,0,0,0,0,0,0,0,0,0,0,0,0,0,0,0,0,0,0,0,0,0,0,0,0,0,0,0,0,0,0
NV,32031,6,0,0,0,0,0,0,0,0,0,0,0,0,19,9,0,0,1,0,0,0,0,0,0,0,0,2171,785,0,0,0,0,0,0,0,0,0,0,0,0,0,0,0,0,0,0,0,0,0,224,0,0,0,0,0,0,0,0,0,0,0,0,134651,0,18182,40261,28118,9090,226731,77,101200,3580,3582641,39056,3058,2812,0,39,0,0,16,0,0,0,0,0,0,0,0,0,0,0,0,0,0,0,0,0,0,0,0,0,0,0,0,0,0,0,0,0,0,0,0,0,0,0,0,0,0,0,0,6,0,0,0,0,0,9,0,0,0
NV,32033,202,0,0,0,0,0,0,0,0,0,0,3,0,0,0,0,0,0,226,0,0,0,0,0,0,0,3016,3895,0,0,0,0,0,0,0,0,0,0,0,0,0,0,0,0,0,0,0,0,0,432,0,0,0,0,0,0,0,0,0,0,0,0,95,242,5271,2912,798,123,79151,7618,1829286,2533,3574157,171280,2219,10390,0,0,0,0,0,0,0,0,0,0,0,0,0,0,0,0,0,0,0,0,0,0,0,0,0,0,0,0,0,0,0,0,0,0,0,0,0,0,0,0,0,0,0,0,0,202,0,0,0,3,0,0,226,0,0
NV,32510,0,0,0,0,0,0,0,0,0,0,0,0,0,0,0,0,0,0,0,0,0,0,0,0,0,0,13,2,0,0,0,0,0,0,0,0,0,0,0,0,0,0,0,0,0,0,0,0,0,0,0,0,0,0,0,0,0,0,0,0,0,0,7623,0,1865,5894,3610,1131,41,0,12144,0,64367,2692,10,243,0,0,0,0,26,0,0,0,0,0,0,0,0,0,0,0,0,0,0,0,0,0,0,0,0,0,0,0,0,0,0,0,0,0,0,0,0,0,0,0,0,0,0,0,0,0,0,0,0,0,0,0,0,0,0
NH,33001,381,0,0,0,2,0,0,0,0,0,0,0,0,0,0,0,0,0,2,0,0,0,0,0,0,0,10,3637,0,0,0,0,9,2,0,0,42,0,0,0,0,0,0,0,0,0,0,0,0,1,0,0,9,0,0,0,0,0,0,0,0,0,43282,0,14094,5638,2142,726,955,51415,36383,125289,4128,5781,5209,1098,0,0,0,0,0,0,0,0,0,0,0,0,0,0,0,0,0,0,0,0,0,0,0,0,0,0,0,0,0,0,0,0,0,0,0,25,0,0,0,0,0,0,0,0,0,381,0,0,2,0,0,0,2,0,0
NH,33003,579,0,0,0,40,0,0,0,0,0,0,3,0,0,0,0,0,0,2,0,0,0,0,0,0,0,13,4265,0,0,0,0,55,0,0,0,62,0,0,0,0,0,0,0,0,0,0,16,0,3,0,0,5,0,0,0,0,0,0,0,0,0,37070,0,21941,6772,1801,401,1762,173329,115738,242447,8734,5187,12664,2611,0,0,0,0,0,0,0,0,0,0,0,0,0,0,0,0,0,0,0,0,0,0,0,0,0,0,0,0,0,0,0,0,0,0,0,24,0,0,0,0,0,0,0,0,0,579,0,0,40,3,0,0,2,0,0
NH,33005,2161,0,0,0,0,0,0,3,11,0,0,1,0,0,0,0,0,4,0,0,0,0,0,0,0,0,417,6907,0,0,0,2,56,2,0,0,0,0,0,0,0,0,2,0,0,0,0,5,0,50,0,0,32,0,0,0,0,0,0,0,0,0,13982,0,17814,7736,2981,550,736,152788,129626,100014,3349,15787,9014,2547,0,0,0,0,0,0,0,0,0,0,1,0,0,0,0,5,29,0,0,0,0,0,10,0,0,0,0,0,0,0,0,0,0,0,0,24,0,0,0,0,0,0,0,1,0,2161,0,0,0,1,0,0,0,0,0
NH,33007,2193,0,0,0,36,0,0,0,0,0,0,1,0,0,0,0,0,0,1,0,0,0,0,0,0,0,161,13353,0,0,0,0,4,0,0,0,2,0,0,0,0,0,0,0,0,0,0,0,0,10,0,0,1,0,0,0,0,0,0,0,0,0,18522,0,18283,8453,2697,699,4072,402281,271851,369967,26557,4440,26552,1486,0,0,0,0,0,0,0,0,0,0,0,0,0,0,0,0,0,0,0,0,0,0,0,0,0,0,0,0,0,0,0,0,0,0,0,1,0,0,0,0,0,0,0,0,0,2193,0,0,36,1,0,0,1,0,0
NH,33009,3509,0,0,0,10,0,0,0,1,0,0,1,0,0,0,0,0,0,1,0,0,0,0,0,0,0,234,23583,0,0,0,0,1,3,0,0,183,0,0,0,0,0,0,0,0,0,0,0,0,10,0,0,17,0,0,0,0,0,0,0,0,0,22131,0,28182,11610,4905,1084,1845,351541,267426,370236,12114,12387,8492,850,0,0,0,0,0,0,0,0,0,0,1,0,0,0,0,0,0,0,0,0,0,0,39,0,0,0,0,0,0,0,0,0,0,0,0,1,0,0,0,0,0,0,0,0,0,3509,0,0,10,1,0,0,1,0,0
NH,33011,773,0,0,0,4,0,0,1,192,0,0,0,0,0,2,0,0,2,0,0,0,0,0,0,0,0,74,8080,0,0,0,1,2,10,0,0,0,0,0,0,0,0,7,0,0,0,0,16,0,25,0,0,213,4,0,0,0,0,0,0,0,0,10907,0,35895,32108,22978,5850,2118,200170,153661,40229,4888,30167,17904,4661,0,0,0,0,0,0,0,0,0,0,2,0,0,0,0,0,53,0,0,0,0,0,2,0,0,0,0,0,0,0,0,0,0,0,0,1,0,0,0,0,0,0,0,3,0,773,0,0,4,0,0,2,0,0,0
NH,33013,2696,0,0,0,6,0,0,0,34,0,0,0,0,0,3,0,0,2,1,0,0,0,0,0,0,0,62,10168,0,0,0,0,0,54,0,0,120,0,0,0,0,0,1,0,0,0,0,1,0,42,0,0,45,0,0,0,0,0,0,0,0,0,14183,0,26065,16382,7630,1930,3119,154120,128596,197712,8318,19060,18078,3372,0,0,0,0,0,0,0,0,0,0,0,0,0,0,0,0,3,0,0,0,0,0,0,0,0,0,0,0,0,0,0,0,0,0,0,4,0,0,0,0,0,0,0,1,0,2696,0,0,6,0,0,3,1,0,0
NH,33015,500,0,0,0,0,0,0,0,44,0,0,0,0,0,0,0,0,0,0,0,0,0,0,0,0,0,289,7014,0,0,0,0,3,3,0,0,0,0,0,0,0,0,1,0,0,0,0,0,0,14,0,0,93,0,0,0,0,0,0,0,0,0,11754,0,36065,35198,16034,4633,2689,121028,75898,68337,6817,28954,29875,11414,0,0,0,0,0,0,0,0,0,0,0,0,0,0,0,0,1,0,0,0,0,0,0,0,0,0,0,0,0,0,0,0,0,0,0,1,0,0,0,0,0,0,0,2,0,500,0,0,0,0,0,0,0,0,0
NH,33017,228,0,0,0,0,0,0,0,3,0,0,0,0,0,0,0,0,0,0,0,0,0,0,0,0,0,83,5401,0,0,0,0,2,2,0,0,0,0,0,0,0,0,0,0,0,0,0,0,0,7,0,0,4,0,0,0,0,0,0,0,0,0,7142,0,19901,10753,4435,1399,1182,35402,36659,88593,7444,12199,10381,1946,0,0,0,0,0,0,0,0,0,0,0,0,0,0,0,0,0,0,0,0,0,0,0,0,0,0,0,0,0,0,0,0,0,0,0,47,0,0,0,0,0,0,0,0,0,228,0,0,0,0,0,0,0,0,0
NH,33019,2337,0,0,0,0,0,0,1,1,0,0,0,0,0,0,0,0,2,0,0,0,0,0,0,0,0,215,6497,0,0,0,0,3,0,0,0,1,0,0,0,0,0,0,0,0,0,0,0,0,40,0,0,5,0,0,4,0,0,0,0,0,0,9595,0,12160,5615,1772,293,767,87987,105356,98126,3721,15445,2261,802,0,0,0,0,0,0,0,0,0,0,0,0,0,0,0,1,12,0,0,0,0,0,0,0,0,0,0,0,0,0,0,0,0,0,0,3,0,0,0,0,0,0,0,28,0,2337,0,0,0,0,0,0,0,0,0
NJ,34001,1208,0,0,3,1390,0,0,0,436,0,0,5,0,0,654,0,106,44,6,0,0,0,0,0,0,0,43,221,0,0,5,44,68,862,0,522,13,0,0,81,0,3,240,0,0,9,1,43,0,2082,0,19,71,0,16,0,0,0,0,0,0,0,6466,0,39048,19320,10100,3995,2038,81800,17943,19148,6460,5095,89182,33853,0,0,10,3,0,10,0,0,0,0,101,0,0,132,0,0,331,0,0,3,17,24,10,0,0,0,0,0,0,0,5,0,0,0,0,7992,20,0,0,0,0,0,0,74,1,1233,0,3,1497,11,0,763,23,10,24
NJ,34003,7,0,0,0,2,0,0,0,0,0,0,0,0,0,3,0,0,0,0,0,0,0,0,0,0,0,13,13,0,0,0,0,0,0,0,0,0,0,0,0,0,0,0,0,0,0,0,0,0,3,0,1,0,0,0,0,0,0,0,0,0,0,7648,0,55552,28610,19261,7673,205,25912,713,47,132,627,10208,1264,0,0,0,0,0,0,0,0,0,0,0,0,0,0,0,0,0,0,0,0,0,0,0,0,0,0,0,0,0,0,0,0,0,0,0,0,0,0,0,0,0,0,0,0,0,7,0,0,2,0,0,3,0,0,0
NJ,34005,8902,0,0,61,20019,11,0,0,257,0,0,10,0,0,427,0,3159,813,4,0,0,0,0,0,0,0,196,2983,0,0,0,12,341,117,0,38,1,40,0,48,0,3,35,0,0,0,2,776,0,15166,0,16,2,0,0,0,0,0,0,0,0,0,10131,0,55014,37814,13917,4928,2166,75782,102830,16440,7254,14386,116611,10474,0,0,8,4,0,1,0,0,0,0,13,0,0,35,0,0,31,0,0,2,1,0,39,0,0,0,0,0,0,0,4,0,0,0,0,1207,6,0,0,0,0,2,0,1116,74,8909,0,61,23252,88,0,3588,5,1,0
NJ,34007,697,0,0,4,867,0,0,0,263,0,0,1,0,0,53,0,46,14,0,0,0,0,0,0,0,0,40,363,0,0,0,18,16,241,0,185,0,0,0,55,0,0,83,0,0,0,0,65,0,810,0,34,37,0,1,0,0,0,0,0,0,0,2862,0,30709,28498,13861,5214,457,26101,8331,1517,1709,3071,17061,731,0,0,5,10,0,3,0,0,0,0,46,0,0,12,0,1,98,0,0,0,1,1,0,0,0,0,0,0,0,0,1,0,0,0,0,1454,0,0,0,0,0,0,0,10,2,699,0,4,915,4,0,99,1,3,1
NJ,34009,307,0,0,2,212,0,0,0,15,0,0,1,0,0,36,0,156,11,0,0,0,0,0,0,0,0,7,66,0,0,0,20,0,12,0,1,0,2,0,0,0,0,3,0,0,0,0,27,0,200,0,1,0,0,4,0,0,0,0,0,0,0,4170,0,17273,10736,6269,4613,2726,15301,1290,2845,3081,2532,49968,36716,0,0,0,0,0,0,0,0,0,0,0,0,0,0,0,0,0,0,0,9,1,0,0,0,0,0,0,0,0,0,6,0,0,0,0,1,0,0,0,0,0,0,0,0,34,323,0,2,402,41,0,201,1,0,0
NJ,34011,9792,0,0,12,12213,0,0,0,388,0,0,92,0,0,915,0,5865,88,4,0,0,0,0,0,0,0,359,1764,0,0,6,146,407,5088,0,222,24,14,0,20,0,2,401,0,0,16,0,819,2,3675,0,377,4,0,8,0,0,0,0,0,0,0,16080,0,28175,11532,4622,1920,3570,53027,11530,5416,8971,15425,68892,48046,0,0,44,31,0,8,0,0,0,0,63,0,0,102,0,0,54,0,0,64,48,10,12,0,0,0,0,0,0,18,50,0,0,0,0,1112,6,0,0,0,0,0,0,8,158,9954,0,30,18236,300,0,6862,52,8,10
NJ,34013,2,0,0,0,4,0,0,0,0,0,0,0,0,0,0,0,0,0,0,0,0,0,0,0,0,0,10,8,0,0,0,0,0,0,0,0,0,0,0,0,0,0,0,0,0,0,0,0,0,3,0,0,0,0,0,0,0,0,0,0,0,0,900,0,23297,17403,16247,8869,82,9125,18,39,63,185,5640,52,0,0,0,0,0,0,0,0,0,0,0,0,0,0,0,0,0,0,0,0,0,0,0,0,0,0,0,0,0,0,0,0,0,0,0,0,0,0,0,0,0,0,0,0,0,2,0,0,4,0,0,0,0,0,0
NJ,34015,7237,0,0,11,7884,0,0,0,598,0,0,158,0,0,1736,0,2579,174,4,0,1,0,0,0,0,0,274,1485,0,0,32,115,111,998,0,110,2,20,0,157,0,5,1427,0,0,7,1,124,0,3746,0,951,26,0,0,0,0,0,0,0,0,0,7761,0,35458,21160,7885,3482,614,48339,1196,677,3330,15419,30724,6366,0,0,120,312,0,19,0,0,0,0,583,0,15,61,0,1,634,0,0,47,76,21,6,0,0,0,0,0,0,8,72,0,0,0,0,615,13,0,0,0,0,59,0,35,617,7432,0,19,11080,847,0,4370,80,19,21
NJ,34017,2,0,0,0,2,0,0,0,0,0,0,0,0,0,0,0,0,0,0,0,0,0,0,0,0,0,0,0,0,0,0,0,0,0,0,0,0,0,0,0,0,0,0,0,0,0,0,0,0,4,0,0,0,0,0,0,0,0,0,0,0,0,3785,0,1426,3589,10284,11147,92,131,1,2,46,66,1519,728,0,0,0,0,0,0,0,0,0,0,0,0,0,0,0,0,0,0,0,0,0,0,0,0,0,0,0,0,0,0,0,0,0,0,0,0,0,0,0,0,0,0,0,0,0,2,0,0,2,0,0,0,0,0,0
NJ,34019,9032,0,0,46,5243,0,0,0,10,0,0,40,0,0,2176,0,13,194,436,0,8,0,0,0,0,0,282,27427,0,0,0,1,0,31,0,0,9,0,0,0,0,0,3,0,0,0,2,72,0,4491,0,3,21,0,0,0,0,0,0,0,0,0,4788,0,28770,8125,2985,676,463,126322,989,599,9519,45614,1575,33,0,0,0,0,0,0,0,0,0,0,0,0,0,0,0,2,0,0,0,0,1,0,6,0,0,0,0,0,0,0,6,0,0,0,0,4,0,0,0,0,0,0,0,2,95,9039,0,46,5351,141,0,2189,437,0,0
NJ,34021,3428,0,0,10,4654,0,0,0,119,0,0,1,0,0,150,0,234,220,38,0,0,0,0,0,0,0,68,2937,0,0,0,0,2,164,0,4,0,2,0,1,0,0,2,0,0,0,50,36,0,3285,0,7,0,0,0,0,0,0,0,0,0,0,1796,0,30373,19883,9981,4110,233,42040,189,199,2618,11555,7303,747,0,0,0,0,0,0,0,0,0,0,1,0,0,7,0,0,1,0,0,0,0,0,1,0,0,0,0,0,0,0,0,0,0,0,0,11,1,0,0,0,0,0,0,8,5,3428,0,10,4893,6,0,384,38,0,0
NJ,34023,3640,0,0,2,2882,0,0,0,24,0,0,2,0,0,97,0,165,116,26,0,0,0,0,0,0,0,53,630,0,0,0,0,0,284,0,2,0,0,0,0,0,0,2,0,0,0,6,31,0,2413,0,8,0,0,0,0,0,0,0,0,0,0,3618,0,35281,45369,28782,12466,980,40633,705,257,1771,4686,12921,4482,0,0,0,0,0,0,0,0,0,0,3,0,0,0,0,0,0,0,0,0,0,0,3,0,0,0,0,0,0,0,0,0,0,0,0,2,0,0,0,0,0,0,0,4,2,3640,0,2,3049,4,0,262,26,0,0
NJ,34025,2662,0,0,47,5180,0,0,0,80,0,0,18,0,0,420,0,666,1460,8,0,0,0,0,0,0,0,237,1464,0,0,0,2,14,286,0,5,0,1,0,1,0,0,38,0,0,0,3,249,0,3682,0,16,0,0,0,0,0,0,0,0,0,0,4347,0,62193,49643,18564,5307,2368,91488,3680,1432,5755,21307,20550,1897,0,0,0,0,0,0,0,0,0,0,3,0,0,36,0,0,0,0,0,0,0,1,1,0,0,0,0,0,0,0,0,0,0,0,0,15,0,0,0,0,0,0,0,14,1,2662,0,47,5847,19,0,1086,8,0,1
NJ,34027,1697,0,0,0,354,0,0,0,36,0,0,0,0,0,101,0,0,13,73,0,1,0,0,0,0,0,197,1983,0,0,0,0,0,7,0,0,0,0,0,0,0,0,0,0,0,0,2,6,0,743,0,8,4,0,0,0,0,0,0,0,0,0,8375,0,57064,24553,9714,3209,758,151672,79,1185,2366,16155,26695,871,0,0,0,0,0,0,0,0,0,0,0,0,0,0,0,24,0,0,0,0,0,0,73,0,0,0,0,0,0,0,0,0,0,0,0,2,0,0,0,0,0,0,0,1,0,1697,0,0,354,0,0,101,73,0,0
NJ,34029,240,0,0,1,794,0,0,0,14,0,0,2,0,0,7,0,54,320,2,0,0,0,0,0,0,0,33,131,0,0,0,1,1,60,0,2,0,0,0,0,0,0,8,0,0,0,8,60,0,1054,0,1,0,0,0,0,0,0,0,0,0,0,6371,0,49726,53988,22837,8829,9511,65854,77334,13615,6345,3270,63821,24395,0,0,0,0,0,0,0,0,0,0,2,0,0,2,0,0,2,0,0,0,0,0,0,0,0,0,0,0,0,0,0,0,0,0,0,35,0,0,0,0,0,0,0,106,0,240,0,1,848,2,0,61,2,0,0
NJ,34031,5,0,0,0,1,0,0,0,0,0,0,0,0,0,1,0,0,0,0,0,0,0,0,0,0,0,7,10,0,0,0,0,0,1,0,0,0,0,0,0,0,0,0,0,0,0,0,0,0,20,0,0,0,0,0,0,0,0,0,0,0,0,7788,0,19483,12791,10358,4190,163,63330,77,301,200,836,6533,70,0,0,0,0,0,0,0,0,0,0,0,0,0,0,0,1,0,0,0,0,0,0,0,0,0,0,0,0,0,0,0,0,0,0,0,0,0,0,0,0,0,0,0,0,0,5,0,0,1,0,0,1,0,0,0
NJ,34033,22632,0,0,58,19267,0,0,0,927,0,0,56,0,0,903,0,7933,51,2,0,0,0,0,0,0,0,1392,5278,0,0,11,139,1256,1522,0,73,0,93,0,400,0,28,763,0,0,1,6,406,1,3637,0,197,1,0,0,0,0,0,0,0,0,0,7788,0,16334,5747,1944,1235,182,30715,939,1334,2280,17304,35176,30970,0,0,137,227,0,6,0,0,0,0,651,0,1,55,0,9,173,0,0,188,134,5,1,0,0,0,0,0,0,1,316,0,0,0,0,248,2,0,0,0,0,1,0,18,1632,23270,0,59,28832,2004,0,9025,136,6,5
NJ,34035,2015,0,0,3,2052,0,0,0,7,0,0,3,0,0,871,0,34,101,136,0,6,0,0,0,0,0,145,6066,0,0,0,0,0,89,0,0,0,0,0,0,0,0,2,0,0,0,3,15,0,3243,0,5,2,0,0,0,0,0,0,0,0,0,612,0,42484,24922,9483,2963,292,67662,998,498,5401,17308,7772,42,0,0,0,0,0,0,0,0,0,0,0,0,0,0,0,0,0,0,0,0,0,0,5,0,0,0,0,0,0,0,1,0,0,0,0,3,0,0,0,0,0,0,0,2,14,2016,0,3,2100,18,0,905,136,0,0
NJ,34037,6503,0,0,6,320,6,0,0,5,0,0,19,0,0,132,0,15,22,93,0,0,0,0,0,0,0,1625,8343,0,0,0,0,0,30,0,1,0,0,0,0,0,0,1,0,0,0,28,2,0,2074,0,6,1,0,2,0,0,0,0,0,0,0,10728,0,29887,5007,1536,454,579,180041,718,22202,1747,46896,22927,961,0,0,0,0,0,0,0,0,0,0,0,0,0,0,0,13,0,0,0,0,0,0,112,0,0,0,0,0,0,0,1,0,0,0,0,0,0,0,0,0,0,0,0,0,0,6504,0,6,335,20,0,147,93,0,0
NJ,34039,1,0,0,0,4,0,0,0,0,0,0,0,0,0,0,0,0,0,0,0,0,0,0,0,0,0,0,1,0,0,0,0,0,0,0,0,0,0,0,1,0,0,0,0,0,0,0,0,0,4,0,0,0,0,0,0,0,0,0,0,0,0,290,0,15121,17567,14581,8701,92,7578,19,268,89,71,1776,362,0,0,0,0,0,0,0,0,0,0,0,0,0,0,0,0,0,0,0,0,0,0,0,0,0,0,0,0,0,0,0,0,0,0,0,0,0,0,0,0,0,0,0,0,0,1,0,0,4,0,0,0,0,0,0
NJ,34041,19695,0,0,47,6845,0,0,0,36,0,0,32,0,0,908,0,9,30,244,0,0,0,0,0,0,0,1149,8117,0,0,0,0,0,32,0,0,0,0,0,0,0,0,0,0,0,0,12,11,0,2922,0,2,5,0,1,0,0,0,0,0,0,0,4021,0,18496,6411,2281,732,367,106633,624,12242,1393,33647,4915,194,0,0,1,0,0,0,0,0,0,0,0,0,0,0,0,99,0,0,0,2,58,0,24,0,0,0,0,0,0,0,7,0,0,0,0,4,0,0,0,0,0,0,0,2,7,19762,0,47,6861,46,0,919,302,0,0
NM,35001,6,0,0,0,37,0,0,0,0,0,0,0,0,0,7,0,0,0,38,0,0,0,0,0,0,0,595,6,0,0,0,0,0,0,0,0,0,0,0,0,0,0,0,0,0,0,0,0,0,8,0,0,0,0,0,0,0,0,0,0,0,0,1285,0,25661,50484,22508,4338,599,1681,146085,71,318517,169291,6766,18,0,31,0,0,0,0,0,0,0,0,0,0,0,0,0,0,0,0,0,0,0,0,0,0,0,0,0,0,0,0,0,0,0,0,0,0,0,0,0,0,0,0,0,0,0,6,0,0,37,0,0,7,38,0,0
NM,35003,5,0,0,0,0,0,0,0,0,0,0,0,0,0,0,0,0,2,0,0,0,0,0,0,0,0,103,24,0,0,0,0,0,0,0,0,0,0,0,0,0,0,0,0,0,0,0,0,0,26,0,0,0,0,0,0,0,6,0,0,0,0,645,0,4618,3480,357,4,2349,552,2245939,0,1569732,605959,434,402,0,0,0,0,0,0,0,0,0,0,0,0,0,0,0,0,0,0,0,0,0,0,0,0,0,0,0,0,0,0,0,0,0,0,0,0,0,0,0,0,0,0,0,0,0,5,0,0,0,0,0,0,0,0,0
NM,35005,12029,1961,0,4177,0,0,0,0,0,0,0,16,0,0,420,0,0,0,209,353,0,0,0,0,0,0,26047,1831,0,0,0,2,0,0,0,0,0,0,0,0,0,0,0,0,0,0,0,0,0,47281,0,0,0,0,0,0,0,3052,0,0,0,0,1291,0,18981,9567,2673,166,2917,0,15753,0,2803937,926787,3680,927,0,0,0,0,0,0,0,0,0,0,0,0,0,0,0,0,0,0,0,2721,0,0,0,0,0,0,0,0,248,39,983,16,0,0,0,0,0,0,0,0,0,0,0,0,0,15733,1977,4464,0,1247,0,3196,209,0,0
NM,35006,10,0,0,0,0,0,0,0,0,6,0,0,0,0,53,0,0,91,0,0,0,0,0,0,0,0,213,497,0,0,0,0,6,0,0,0,0,0,0,0,0,0,0,0,0,0,0,0,0,479,0,0,0,0,0,0,0,0,0,0,0,0,884,0,4648,3983,1226,35,52074,1418,1014914,0,1588445,237443,234,35,0,0,0,0,0,0,0,0,0,0,0,0,0,0,0,0,0,0,0,0,0,0,0,0,0,0,0,0,0,0,0,0,0,0,0,0,0,0,0,0,0,0,0,0,0,10,0,0,0,0,0,53,0,0,0
NM,35007,0,0,0,161,0,0,0,0,0,0,0,0,0,0,173,0,0,0,147,0,0,0,0,0,0,0,11763,3031,0,0,0,0,0,0,0,0,0,0,0,0,0,0,0,0,0,0,0,0,0,328,0,0,1,0,0,0,0,0,0,0,0,0,3731,1,10873,2181,405,2,604,18341,814810,263,272856,1266810,2390,2690,0,0,0,0,0,0,0,0,0,0,0,0,0,0,0,0,0,0,0,0,0,0,0,0,0,0,0,0,0,0,0,0,0,0,0,0,0,0,0,0,0,0,0,0,0,0,0,161,0,0,0,173,147,0,0
NM,35009,11625,1080,0,60788,0,0,32,0,0,0,0,2830,0,0,211390,0,0,0,0,0,0,0,0,0,0,0,2647,978,0,0,0,0,0,3,0,0,0,0,0,0,0,0,0,0,0,0,0,0,0,39786,0,0,0,0,0,0,0,10,0,0,0,0,131,0,27784,5885,1549,1059,267,0,0,0,3964,504345,1,3,0,3603,0,0,0,0,0,0,0,0,0,0,0,0,0,0,0,0,0,3048,0,0,0,0,0,0,0,0,843,17290,0,0,0,0,0,0,0,0,0,0,0,0,0,0,0,14673,1080,78921,0,3673,0,231728,0,0,0
NM,35011,951,0,0,1867,0,0,0,0,0,0,0,25,0,0,1431,0,0,0,0,0,0,0,0,0,0,0,7522,12,0,0,0,0,0,0,0,0,0,0,0,0,0,0,0,0,0,0,0,0,0,1360,0,0,0,0,0,0,0,2,0,0,0,0,1935,0,3418,1007,212,21,348,0,105,0,383969,1088259,456,748,0,0,0,0,0,0,0,0,0,0,0,0,0,0,0,0,0,0,0,6,0,0,0,0,0,0,0,0,0,2,1,0,0,0,0,0,0,0,0,0,0,0,0,0,0,958,0,1869,0,26,0,1439,0,0,0
NM,35013,6182,9806,0,583,0,0,0,0,0,0,0,0,2703,0,4,0,0,0,291,7,0,0,0,0,0,0,18040,103,0,0,0,39,0,304,0,0,0,244,6577,0,0,0,0,0,0,0,0,0,0,11815,0,0,0,0,336,0,0,26871,0,0,0,0,1826,0,23562,23372,6815,1213,87310,0,13785,0,2163070,29988,1039,9,0,1092,0,0,0,0,0,0,0,0,3633,0,0,0,0,0,0,0,0,9,110,207,0,0,0,0,0,117,392,1,0,0,0,0,0,0,119,0,0,0,0,0,0,0,0,6301,9806,1093,0,392,2820,14,401,0,207
NM,35015,1116,3223,0,994,0,0,0,0,0,0,0,0,0,96,894,0,0,61,492,4,0,0,0,0,0,0,23294,10577,0,0,0,365,0,0,0,0,0,0,0,0,0,0,0,0,0,0,0,0,0,34340,0,0,0,0,0,0,0,2777,0,0,0,0,9606,0,18444,6945,1845,164,3758,0,66463,0,2434643,46541,11006,6887,0,147,0,0,0,0,0,0,0,0,4,0,0,0,0,0,0,0,0,580,0,0,0,0,0,0,0,0,25,99,678,368,0,0,0,0,0,0,0,0,0,0,0,0,0,2374,3591,1118,0,703,0,1941,492,0,0
NM,35017,20,2,0,21,0,0,0,0,0,0,0,0,5,0,3,0,0,5,1,0,0,0,0,0,0,0,881,16,0,0,0,0,0,0,0,0,0,1,1,0,0,0,0,0,0,0,0,0,0,1929,0,0,0,0,0,0,0,28,0,0,0,0,482,0,8635,4718,1933,236,11438,2941,777697,0,1700144,26082,1651,278,0,7,0,0,0,0,0,0,0,0,24,0,0,0,0,0,0,0,0,0,0,0,0,0,0,0,0,0,0,0,0,0,0,0,0,0,0,0,0,0,0,0,0,0,0,20,2,21,0,0,5,3,1,0,0
NM,35019,1,0,0,27,0,0,0,0,0,0,0,0,0,0,304,0,0,0,0,0,0,0,0,0,0,0,1447,2264,0,0,0,0,0,0,0,0,0,0,0,0,0,0,0,0,0,0,0,0,0,370,0,0,0,0,0,0,0,0,0,0,0,0,1221,0,7578,2020,414,37,386,28,10114,0,269402,1643289,523,804,0,1,0,0,0,0,0,0,0,0,0,0,0,0,0,0,0,0,0,0,0,0,0,0,0,0,0,0,0,0,0,0,0,0,0,0,0,0,0,0,0,0,0,0,0,1,0,27,0,0,0,304,0,0,0
NM,35021,16,0,0,4,0,0,0,0,0,0,0,0,0,1,974,0,0,0,0,0,0,0,0,0,0,0,883,2,0,0,0,0,0,0,0,0,0,0,0,0,0,0,0,0,0,0,0,0,0,364,0,0,0,0,0,0,0,0,0,0,0,0,361,0,2269,88,7,0,623,34,41350,0,287297,1025360,95,34,0,5,0,0,0,0,0,0,0,0,0,0,0,0,0,0,0,0,0,5,0,0,0,0,0,0,0,0,0,825,0,0,0,0,0,0,0,0,0,0,0,0,0,0,0,21,0,829,0,0,0,1804,0,0,0
NM,35023,2110,468,0,584,0,0,0,0,0,0,0,332,0,0,1,0,0,16,45,917,0,0,0,0,0,0,5309,0,0,0,0,0,0,0,0,0,0,0,0,0,0,0,0,0,0,0,0,0,0,33916,0,0,0,0,0,0,0,2,0,0,0,0,0,0,4189,2325,205,35,47905,0,37078,123,1921598,146928,858,14,0,0,0,0,0,0,0,0,0,0,469,0,0,0,0,0,0,0,0,0,0,0,0,0,0,0,0,0,0,0,0,0,0,0,0,0,0,0,0,0,0,0,0,0,0,2110,468,584,0,332,0,1,45,0,0
NM,35025,3105,12447,0,624,0,0,646,0,0,0,0,2,0,1,13734,0,0,3179,0,0,0,0,0,0,0,0,7029,173,0,0,0,0,0,671,0,0,0,213,0,0,0,0,0,0,0,201,0,39,0,78794,0,0,0,0,0,0,0,362,0,0,0,0,1503,0,34828,9445,3301,1026,6201,0,0,0,1443599,1176894,155,17,0,1057,407,0,0,0,0,0,0,0,2431,0,0,0,0,0,0,0,0,4327,0,0,0,0,0,0,0,0,0,270,0,5565,0,0,0,0,0,0,0,0,0,0,0,0,0,7432,18012,894,0,2,0,23896,0,0,0
NM,35027,1,0,0,1,0,0,0,0,0,0,0,2,0,0,21,0,0,0,3,0,0,0,0,0,0,0,175,16,0,0,0,0,0,0,0,0,0,0,0,0,0,0,0,0,0,0,0,0,0,100,0,0,8,0,0,0,0,10,0,0,0,0,6,0,15058,1901,193,18,47147,1180,447228,0,1056546,1521826,567,19,2,1,0,0,0,0,0,0,0,0,0,0,0,0,0,0,0,0,0,0,0,0,0,0,0,0,0,0,0,0,0,0,0,0,0,0,0,0,0,0,0,0,0,0,0,1,0,1,0,2,0,21,3,0,0
NM,35028,0,0,0,0,0,0,0,0,0,0,0,0,0,0,35,0,0,0,0,0,0,0,0,0,0,0,60,10,0,0,0,0,0,0,0,0,0,0,0,0,0,0,0,0,0,0,0,0,0,1,0,0,0,0,0,0,0,0,0,0,0,0,61,0,1395,1675,370,41,5,488,36892,16,24377,4485,60,9,0,0,0,0,0,0,0,0,0,0,0,0,0,0,0,0,0,0,0,0,0,0,0,0,0,0,0,0,0,0,0,0,0,0,0,0,0,0,0,0,0,0,0,0,0,0,0,0,0,0,0,35,0,0,0
NM,35029,3613,2391,0,1176,0,0,0,0,0,0,0,0,3168,123,2317,0,0,0,102,81,0,0,0,0,0,0,10787,236,0,0,0,368,0,1,0,0,0,208,3163,0,0,0,0,0,0,0,0,0,0,47093,0,0,0,0,0,0,0,1383,0,0,0,0,22,0,28063,3911,817,95,2324,0,6201,0,1680714,94337,45,76,0,1515,0,0,0,0,0,0,0,0,3075,0,0,0,0,0,0,0,0,116,0,0,0,0,0,0,0,0,23,198,0,46,0,0,0,0,0,0,0,0,0,0,0,0,0,3729,2437,1397,0,23,3168,2677,102,0,0
NM,35031,0,0,0,0,0,0,0,0,0,0,0,0,0,0,19,0,0,0,0,0,0,0,0,0,0,0,260,4,0,0,0,0,0,0,0,0,0,0,0,0,0,0,0,0,0,0,0,0,0,41,0,0,0,0,0,0,0,0,0,0,0,0,818,0,4057,4576,2422,119,9040,4290,897105,0,1856418,711938,126,125,0,0,0,0,0,0,0,0,0,0,0,0,0,0,0,0,0,0,0,0,0,0,0,0,0,0,0,0,0,0,0,0,0,0,0,0,0,0,0,0,0,0,0,0,0,0,0,0,0,0,0,19,0,0,0
NM,35033,1,0,0,0,0,0,0,0,0,0,0,0,0,0,6,0,0,0,0,0,0,0,0,0,0,0,783,1437,0,0,0,0,0,0,0,0,0,0,0,0,0,0,0,0,0,0,0,0,0,15,0,0,4,0,0,0,0,0,0,0,0,0,946,25,3686,803,124,0,885,5101,393423,283,102135,725060,1138,1583,0,0,0,0,0,0,0,0,0,0,0,0,0,0,0,0,0,0,0,0,0,0,0,0,0,0,0,0,0,0,0,0,0,0,0,0,0,0,0,0,0,0,0,0,0,1,0,0,0,0,0,6,0,0,0
NM,35035,5,1,0,1,0,0,0,0,0,0,0,4,5,0,0,0,0,0,0,0,0,0,0,0,0,0,213,9,0,0,0,0,0,0,0,0,0,0,19,0,0,0,0,0,0,0,0,0,0,333,0,0,18,1,0,0,0,114,0,0,0,0,22,0,18889,7925,1127,207,231906,518,751936,0,2979636,246976,1514,1,17,32,0,0,0,0,0,0,0,0,1,0,0,0,0,0,0,0,0,0,0,0,0,0,0,0,0,0,2,0,0,0,0,0,0,0,0,0,0,0,0,0,0,0,0,5,1,3,0,6,5,0,0,0,0
NM,35037,22,6,0,9836,0,0,8,0,0,0,0,1722,0,28,110066,0,0,0,0,0,0,0,0,0,0,0,3233,6258,0,0,0,0,0,1,0,0,0,0,0,0,0,0,0,0,0,0,0,0,0,23276,0,0,0,0,0,0,0,2,0,0,0,0,6418,0,30205,1918,286,62,2520,18,5711,0,657038,972415,1100,245,0,69,0,0,0,0,0,0,0,0,0,0,0,0,0,0,0,0,0,23,0,0,0,0,0,0,0,0,708,11166,0,4,0,0,0,0,0,0,0,0,0,0,0,0,0,45,10,21710,0,2430,0,121259,0,0,0
NM,35039,2,0,0,0,0,0,0,0,0,0,0,0,0,0,454,0,0,0,1,0,0,0,0,0,0,0,15526,7245,0,0,0,0,0,0,0,0,0,0,0,0,0,0,0,0,0,0,0,0,0,233,0,0,4,0,0,0,0,0,0,0,0,0,14012,4,17218,5801,441,69,2554,87837,1509466,15838,1682682,400523,12717,889,0,0,0,0,0,0,0,0,0,0,0,0,0,0,0,0,0,0,0,0,0,0,0,0,0,0,0,0,0,0,0,0,0,0,0,0,0,0,0,0,0,0,0,0,0,2,0,0,0,0,0,454,1,0,0
NM,35041,3604,1285,0,53286,0,304,1926,0,0,0,0,521,0,0,124844,0,0,0,0,21,0,0,0,0,0,0,5593,20101,0,0,0,0,0,1,0,0,0,0,0,0,0,0,0,0,0,0,0,0,0,65071,0,0,0,0,0,0,0,78,0,0,0,0,2212,0,31015,2618,491,187,514,0,0,0,179357,1032648,35,49,0,7472,0,0,0,0,0,0,0,0,0,0,0,0,0,0,0,0,0,3277,0,0,0,0,0,0,0,0,0,34518,3,77,0,0,0,0,0,0,0,0,0,0,0,0,0,6884,1362,87804,0,524,0,162716,0,0,0
NM,35043,2,0,0,4,0,0,0,0,0,0,0,0,0,0,96,0,0,0,9,0,0,0,0,0,0,0,3070,404,0,0,0,0,0,0,0,0,0,0,0,0,0,0,0,0,0,0,0,0,0,29,0,0,8,0,0,0,0,0,0,0,0,0,1874,0,30698,11409,1957,180,1994,17616,570569,2467,1328146,397578,8662,378,0,0,0,0,0,0,0,0,0,0,0,0,0,0,0,0,0,0,0,0,0,0,0,0,0,0,0,0,0,0,0,0,0,0,0,0,0,0,0,0,0,0,0,0,0,2,0,4,0,0,0,96,9,0,0
NM,35045,16556,0,0,85,0,0,0,0,0,4385,0,50,0,0,10106,0,0,60,25,0,0,0,0,0,0,0,20405,434,0,0,0,10292,5061,0,0,0,0,0,0,0,0,0,0,0,0,0,0,0,0,21234,0,0,0,0,0,0,0,0,0,0,0,0,10119,0,21067,14331,6603,685,10857,897,267483,0,2540089,561709,20432,329,0,0,0,0,0,0,0,0,0,0,0,0,0,0,0,0,0,0,0,0,0,0,1235,0,0,0,0,0,0,0,0,0,0,0,0,0,0,0,0,0,0,0,0,0,0,16556,0,85,0,50,0,10106,25,0,0
NM,35047,15,2,0,5,0,0,0,0,0,0,0,0,0,0,298,0,0,0,0,0,0,0,0,0,0,0,673,251,0,0,0,0,0,0,0,0,0,0,0,0,0,0,0,0,0,0,0,0,0,72,0,0,1,0,0,0,0,1,0,0,0,0,7297,0,10675,2884,668,53,166,6876,761547,459,862674,1372877,2093,807,0,255,0,0,0,0,0,0,0,0,0,0,0,0,0,0,0,0,0,61,0,0,0,0,0,0,0,0,0,91,0,0,0,0,0,0,0,0,0,0,0,0,0,0,0,76,2,96,0,0,0,450,0,0,0
NM,35049,5208,0,0,20,0,0,0,0,0,0,0,0,0,0,160,0,0,0,300,0,0,0,0,0,0,0,2693,474,0,0,0,7,0,0,0,0,0,0,0,0,0,0,0,0,0,0,0,0,0,2434,0,0,15,0,0,0,0,0,0,0,0,0,323,0,26464,7333,1896,226,405,3829,309795,1592,350550,507793,1285,14,0,75,0,0,0,0,0,0,0,0,0,0,0,0,0,0,0,0,0,0,0,0,0,0,0,0,0,0,0,0,0,0,0,0,0,0,0,0,0,0,0,0,0,0,0,5208,0,20,0,0,0,160,300,0,0
NM,35051,863,219,0,3,0,0,0,0,0,0,0,0,38,0,5,0,0,0,189,0,0,0,0,0,0,0,4490,403,0,0,0,57,0,0,0,0,0,11,726,0,0,0,0,0,0,0,0,0,0,704,0,0,0,1,0,0,0,829,0,0,0,0,12264,0,8354,6400,783,92,42984,2867,405472,0,2153324,64371,4948,2,0,199,0,0,0,0,0,0,0,0,576,0,0,0,0,0,0,0,0,1,0,0,0,0,0,0,0,0,1,0,0,0,0,0,0,0,0,0,0,0,0,0,0,0,0,864,219,4,0,1,38,6,189,0,0
NM,35053,209,7,0,9,3,0,0,0,0,0,0,0,20,0,0,0,0,0,141,0,0,0,0,0,0,0,5146,7576,0,0,0,117,0,0,0,0,0,25,99,0,0,0,0,0,0,0,0,0,0,25,0,0,0,0,0,0,0,313,0,0,0,0,1545,0,15121,5648,493,49,65333,254,526809,0,2736871,849247,39609,242,1,71,0,0,0,0,0,0,0,0,199,0,0,0,0,0,0,0,0,0,0,0,0,0,0,0,0,0,1,0,0,0,0,0,0,0,0,0,0,0,0,0,0,0,0,209,7,10,3,1,20,0,141,0,0
NM,35055,0,0,0,0,0,0,0,0,0,0,0,0,0,0,111,0,0,0,0,0,0,0,0,0,0,0,6590,1099,0,0,0,0,0,0,0,0,0,0,0,0,0,0,0,0,0,0,0,0,0,4,0,0,0,0,0,0,0,0,0,0,0,0,243,478,8334,5644,297,36,5078,27357,650811,7586,563395,131835,1739,323,0,0,0,0,0,0,0,0,0,0,0,0,0,0,0,0,0,0,0,0,0,0,0,0,0,0,0,0,0,0,0,0,0,0,0,0,0,0,0,0,0,0,0,0,0,0,0,0,0,0,0,111,0,0,0
NM,35057,4725,0,0,333,0,0,0,0,0,0,0,0,0,0,52,0,0,0,2377,0,0,0,0,0,0,0,5738,983,0,0,0,481,0,0,0,0,0,0,7,0,0,0,0,0,0,0,0,0,0,3263,0,0,0,0,0,0,0,0,0,0,0,0,1275,0,32015,1833,477,94,3591,3183,224625,17,371558,1473715,34,7939,0,2997,0,0,0,0,0,0,0,0,2,0,0,0,0,0,0,0,0,0,0,1,0,0,0,0,0,0,0,0,0,0,0,0,0,0,0,0,0,0,0,0,0,0,0,4725,0,333,0,0,0,52,2377,0,1
NM,35059,17738,0,0,1424,0,0,0,0,0,0,0,0,0,15,29737,0,0,0,0,0,0,0,0,0,0,0,1094,25,0,0,0,0,0,0,0,0,0,0,0,0,0,0,0,0,0,1,0,0,0,1660,0,0,0,0,0,0,0,0,0,0,0,0,632,0,11034,578,39,2,383,371,152747,0,196516,2030460,563,202,0,691,0,0,0,0,0,0,0,0,0,0,0,0,0,0,0,0,0,4100,0,0,0,0,0,0,0,0,0,1691,0,0,0,0,0,0,0,0,0,0,0,0,0,0,0,21838,0,3115,0,0,0,35528,0,0,0
NM,35061,174,0,0,57,78,0,0,0,0,0,0,0,0,0,0,0,0,0,105,0,0,0,0,0,0,0,4094,433,0,0,0,0,0,0,0,0,0,0,26,0,0,0,0,0,0,0,0,0,0,36,0,0,0,0,0,0,0,1100,0,0,0,0,981,0,10539,6368,922,234,1676,3,9723,0,524410,115369,7242,29,0,28,0,0,0,0,0,0,0,0,12,0,0,0,0,0,0,0,0,0,0,0,0,0,0,0,0,0,0,0,0,0,0,0,0,0,0,0,0,0,0,0,0,0,0,174,0,57,78,0,0,0,105,0,0
NY,36001,3879,0,0,44,64,0,0,0,5,0,0,6,0,0,9,0,0,28,41,0,0,0,0,0,0,0,1790,18366,0,0,0,0,0,2,0,0,0,0,5,0,0,0,0,0,0,0,17,8,0,1466,0,0,259,0,0,0,0,0,0,0,0,0,6172,0,33826,20160,11058,5853,1220,116009,21340,28640,1416,40536,28210,836,0,11,0,0,0,0,0,0,0,0,0,0,0,0,0,0,1,0,0,0,0,0,37,0,0,0,0,0,0,0,0,0,0,0,0,0,0,0,0,0,0,0,0,0,0,3879,0,44,64,6,0,9,41,0,0
NY,36003,18496,0,0,41,1146,0,0,0,124,0,0,79,0,1,1284,0,1,39,891,0,2,0,0,0,0,0,5414,42309,0,0,6,534,330,298,0,0,0,0,10,6,0,166,1,0,0,0,513,0,0,549,2,0,1,1,4,0,0,0,0,0,0,0,2396,0,18480,2619,563,125,131,360211,50122,34197,6858,112359,1138,492,0,34,1,0,2,0,0,0,0,1,0,0,0,0,1,0,1,0,0,2,0,0,0,0,0,0,0,0,0,0,0,0,0,0,0,0,10,0,0,0,0,0,0,0,0,18498,0,41,1147,79,0,1287,891,0,0
NY,36005,7,0,0,0,2,0,0,0,0,0,0,0,0,0,0,0,0,0,0,0,0,0,0,0,0,0,0,3,0,0,0,0,0,0,0,0,0,0,0,0,0,0,0,0,0,0,0,0,0,12,0,0,0,0,0,0,0,0,0,0,0,0,858,0,2555,3103,8090,10043,156,1501,338,25,50,200,217,427,0,0,0,0,0,0,0,0,0,0,0,0,0,0,0,1,0,0,0,0,0,0,0,0,0,0,0,0,0,0,0,0,0,0,0,0,0,0,0,0,0,0,0,0,0,7,0,0,2,0,0,0,0,0,0
NY,36007,5883,0,0,0,166,0,0,0,4,0,0,11,0,0,41,0,0,2,78,0,0,0,0,0,0,0,2517,20403,0,0,0,10,0,0,0,0,0,0,0,0,0,0,0,0,0,0,2,0,0,987,0,0,0,3,0,0,0,0,0,0,0,0,5842,0,25382,12892,6256,1794,210,181289,27392,88509,1637,73915,1448,1250,0,1,0,0,0,0,0,0,0,0,0,0,0,0,0,1,1,0,0,0,0,0,0,0,0,0,0,0,0,0,0,0,0,0,0,0,1,0,0,0,0,0,0,0,0,5883,0,0,166,11,0,41,78,0,0
NY,36009,25723,0,0,46,2837,0,0,0,45,0,0,177,0,0,1376,0,0,138,500,1,4,0,0,0,0,0,4935,46958,0,4,1,1068,463,248,0,0,0,0,1,4,0,680,0,8,0,0,21,0,0,1243,1,0,0,355,0,0,0,0,0,0,0,0,7725,0,24847,5516,1590,350,1195,571975,38091,5916,11831,79434,9956,987,0,1,0,0,0,0,0,0,0,0,0,0,0,0,0,0,1,0,0,4,0,0,0,0,0,0,0,0,0,0,11,0,0,0,0,33,29,0,0,0,0,0,0,0,0,25738,0,46,2837,188,0,1380,500,0,0
NY,36011,73177,0,0,5,29805,79,0,0,1364,0,0,322,0,2,6769,0,5,157,1281,0,7,0,0,0,0,0,31833,12810,0,135,0,645,201,28,0,0,0,0,115,0,0,4,0,0,0,0,45,0,0,3954,0,0,59,52,6,0,0,0,0,0,0,0,27338,0,17345,5139,1678,556,214,100211,7738,8683,14789,82178,38212,2230,0,73,4,0,0,0,0,0,0,0,2,0,0,0,1,1,151,0,0,173,0,6,91,0,0,0,0,0,0,2,3,0,0,0,0,3,95,0,0,0,6,0,0,0,4,73353,0,7,29814,329,0,6949,1281,0,6
NY,36013,26037,0,0,8,4179,0,0,0,26,0,0,67,0,1,738,0,0,24,367,0,2,0,0,0,0,0,2104,48514,0,1,2,817,101,154,0,0,0,0,14,2,0,58,4,2,0,0,4,0,0,1531,78,0,58,17079,0,0,0,0,0,0,0,0,15071,0,32144,11104,3258,802,403,359234,22506,2758,6797,112648,23593,1590,0,4,0,0,0,0,0,0,0,0,2,0,0,0,0,0,0,0,0,3,0,0,6,0,0,0,0,0,0,0,0,0,0,0,0,9,196,0,0,0,0,0,0,0,0,26040,0,8,4179,67,0,741,367,0,0
NY,36015,4633,0,0,10,1167,1,0,0,12,0,0,9,0,0,81,0,0,37,238,0,2,0,0,0,0,0,2162,12720,0,8,0,34,8,0,0,0,0,0,1,0,0,0,0,0,0,0,14,0,0,688,0,0,2,21,43,0,0,0,0,0,0,0,1341,0,15607,6789,2369,560,218,125498,7602,38719,3366,36389,2125,421,0,5,0,0,0,0,0,0,0,0,0,0,0,0,0,0,13,0,0,1,0,0,1,0,0,0,0,0,0,0,0,0,0,0,0,0,2,0,0,0,0,0,0,0,0,4634,0,10,1167,9,0,82,238,0,0
NY,36017,16765,0,0,15,846,1,0,0,2,0,0,39,0,2,215,0,0,16,366,0,0,0,0,0,0,0,7118,42868,0,0,0,156,0,0,0,0,0,0,0,0,0,0,0,0,0,0,39,0,0,2931,0,0,1,0,2,0,0,0,0,0,0,0,3894,0,17887,3069,702,205,162,237202,50431,82208,10968,87799,8074,1131,0,3,0,0,0,0,0,0,0,0,0,0,0,0,0,2,0,0,0,1,0,0,0,0,0,0,0,0,0,0,0,0,0,0,0,0,0,0,0,0,0,0,0,0,0,16766,0,15,846,39,0,216,366,0,0
NY,36019,26787,0,0,4,693,0,0,0,7,0,0,1,0,0,5,0,0,8,76,0,0,0,0,0,0,0,15042,15799,0,0,0,1,2,0,0,0,0,0,0,0,0,0,0,0,0,0,99,8,0,1841,0,0,1097,0,0,0,0,0,0,0,0,0,52682,0,22255,10792,3376,1196,292,275217,129575,28141,22289,46496,58458,2819,0,1,1,0,0,0,0,0,0,0,0,0,0,0,0,0,0,0,0,0,0,0,0,0,0,0,0,0,0,0,0,0,0,0,0,0,0,0,0,0,0,0,0,0,0,26787,0,4,693,1,0,5,76,0,0
NY,36021,12567,0,0,2,3338,4,0,0,58,0,0,0,0,0,210,0,16,116,183,0,0,0,0,0,0,0,4997,21411,0,0,0,0,0,0,0,0,0,0,1,0,0,0,0,0,0,0,1,10,0,3665,1,1,479,0,1,0,0,0,0,0,0,0,7783,0,20279,8412,2550,527,560,193738,23456,8841,11755,80213,7474,2195,0,4,0,0,1,0,0,0,0,0,0,0,0,0,0,1,1,0,0,0,0,0,14,0,0,0,0,0,0,0,0,0,0,0,0,6,0,0,0,0,0,0,0,0,0,12567,0,2,3354,0,0,226,183,0,0
NY,36023,17546,0,0,11,1656,4,0,0,12,0,0,35,0,0,272,0,0,75,325,16,2,0,0,0,0,0,9760,25220,0,7,0,29,8,0,0,0,0,0,1,0,0,1,0,0,0,0,22,0,0,3420,0,0,8,7,8,0,0,0,0,0,0,0,1691,0,12398,3206,1185,293,155,145046,15446,21815,7662,48460,4667,469,0,40,0,0,0,0,0,0,0,0,0,0,0,0,4,0,2,0,0,2,0,2,3,0,0,0,0,0,0,0,0,0,0,0,0,3,11,0,0,0,10,0,0,0,0,17548,0,11,1656,35,0,274,325,0,2
NY,36025,6177,0,0,9,249,2,0,0,0,0,0,7,0,2,33,0,1,28,33,0,0,0,0,0,0,0,1217,44455,0,0,0,4,0,0,0,0,0,0,5,0,0,0,0,0,0,0,40,2,0,5439,0,0,1,0,0,0,0,0,0,0,0,0,12530,0,28517,3866,888,262,2060,636072,31770,52016,1944,105468,5706,658,0,0,0,0,0,0,0,0,0,0,0,0,0,0,0,0,0,0,0,1,0,0,0,0,0,0,0,0,0,0,0,0,0,0,0,0,0,0,0,0,0,0,0,0,0,6178,0,9,250,7,0,35,33,0,0
NY,36027,7243,0,0,0,1155,0,0,0,124,0,0,1,0,0,97,0,2,136,42,0,0,0,0,0,0,0,5512,14609,0,0,0,0,0,0,0,0,0,0,4,0,0,0,0,0,0,0,1,14,0,2797,2,0,261,0,0,0,0,0,0,0,0,0,15397,0,38957,20149,10057,2887,1267,273161,11778,2535,13163,91222,12751,2902,0,1,0,0,2,0,0,0,0,0,0,0,3,0,0,0,0,0,0,0,0,0,42,0,0,0,0,0,0,0,0,0,0,0,0,0,0,0,0,0,0,0,0,0,0,7243,0,0,1157,1,0,99,42,0,0
NY,36029,27911,0,0,9,6066,22,0,0,131,0,0,64,0,9,2711,0,0,36,1068,0,2,0,0,0,0,0,6104,41517,0,0,7,1194,1374,384,0,0,1,0,6,95,0,156,70,25,0,0,454,4,0,2926,2,0,13,1309,0,0,0,0,0,0,0,0,2765,0,64300,58538,27392,14392,1847,251192,20809,9872,1424,101753,19796,1183,0,109,0,0,0,0,0,0,0,9,50,0,0,0,0,0,11,0,0,161,13,0,49,0,0,0,0,0,0,0,0,0,0,0,0,6,204,56,0,0,0,0,0,0,0,28085,0,9,6066,64,0,2872,1081,0,0
NY,36031,2529,0,0,1,24,0,0,0,2,0,0,1,0,0,47,0,0,6,19,0,0,0,0,0,0,0,2680,10330,0,0,0,0,1,1,0,0,0,0,1,0,0,0,0,0,0,0,58,5,0,1170,0,0,8,0,0,0,0,0,0,0,0,0,85590,0,24607,6652,1247,303,553,474715,368823,158972,7951,21189,54917,4143,0,1,0,0,0,0,0,0,0,0,0,0,0,0,0,0,0,0,0,0,0,0,0,0,0,0,0,0,0,0,0,0,0,0,0,0,0,0,0,0,0,0,0,0,0,2529,0,1,24,1,0,47,19,0,0
NY,36033,21709,0,0,4,699,0,0,0,3,0,0,44,0,0,22,0,0,203,146,0,0,0,0,0,0,0,5741,31082,0,0,0,4,34,0,0,0,0,0,3,0,0,0,0,0,0,0,3,2,0,1315,0,0,4,0,0,0,0,0,0,0,0,0,54679,0,21085,3456,740,148,168,509866,232577,18600,18999,44879,111036,8974,0,7,2,0,0,0,0,0,0,0,0,0,0,0,0,0,0,0,0,1,0,0,2,0,0,0,0,0,0,0,0,0,0,0,0,0,0,0,0,0,0,0,0,0,0,21710,0,4,699,44,0,23,146,0,0
NY,36035,3777,0,0,26,102,0,0,0,3,0,0,1,0,0,13,0,0,15,71,0,0,0,0,0,0,0,455,12543,0,0,0,1,1,0,0,0,7,0,0,0,0,0,0,0,0,0,0,1,0,454,0,0,1,0,0,0,0,0,0,0,0,0,24795,0,13123,3818,1303,407,522,114871,52088,23056,5653,21352,61193,1359,0,1,0,0,0,0,0,0,0,0,0,0,0,0,0,0,1,0,0,0,0,0,19,0,0,0,0,0,0,0,0,0,0,0,0,5,0,0,0,0,0,0,0,0,0,3777,0,26,102,1,0,13,71,0,0
NY,36037,52492,0,0,37,9807,0,0,0,2177,0,0,98,0,0,10769,0,11,132,570,0,20,0,0,0,0,0,29265,7985,0,0,668,4903,642,8,0,0,0,0,452,261,0,3267,1,0,0,0,529,44,0,1315,3,0,30,2,9,0,0,0,0,0,13,0,2200,0,14078,6182,1503,548,857,60706,914,3252,1149,61598,34009,2663,0,18,3,0,0,0,0,0,0,3,0,0,0,0,0,0,232,0,0,165,0,0,12,0,0,0,0,0,0,0,0,0,0,0,0,0,1377,0,0,0,0,0,0,0,0,52657,0,37,9818,98,0,10945,570,0,0
NY,36039,1583,0,0,0,203,0,0,0,10,0,0,0,0,0,23,0,0,15,10,0,0,0,0,0,0,0,417,10217,0,0,0,0,0,2,0,0,0,0,1,0,0,0,0,0,0,0,5,4,0,1484,0,0,17,0,0,0,0,0,0,0,0,0,6412,0,21648,4498,1432,448,597,245195,44536,37424,1140,25368,16897,1559,0,6,1,0,1,0,0,0,0,0,0,0,0,0,0,0,1,0,0,0,0,0,26,0,0,0,0,0,0,0,0,0,0,0,0,0,0,0,0,0,0,0,0,0,0,1583,0,0,203,0,0,23,10,0,0
NY,36041,73,0,0,1,4,0,0,0,0,0,0,0,0,0,0,0,0,2,9,0,0,0,0,0,0,0,7,58,0,0,0,0,4,0,0,0,0,0,0,0,0,0,0,0,0,0,0,0,0,13,0,0,0,0,0,0,0,0,0,0,0,0,73570,0,10207,719,86,20,70,662713,204042,57562,14336,805,121138,11573,0,0,0,0,0,0,0,0,0,0,0,0,0,0,0,0,0,0,0,0,0,0,0,0,0,0,0,0,0,0,0,0,0,0,0,0,0,0,0,0,0,0,0,0,0,73,0,1,4,0,0,0,9,0,0
NY,36043,24107,0,0,21,1373,115,0,0,5,0,0,68,0,0,326,0,0,49,530,0,0,0,0,0,0,0,8007,36814,0,0,0,288,0,2,0,0,0,0,0,0,0,0,0,0,0,0,10,5,0,1608,0,0,6,0,0,0,0,0,0,0,0,0,37797,0,17420,4962,1444,323,530,450648,69094,20311,38796,85057,129574,4039,0,1,0,0,0,0,0,0,0,0,0,0,0,0,0,0,3,0,0,0,0,0,0,0,0,0,0,0,0,0,0,0,0,0,0,0,0,0,0,0,0,0,0,0,0,24107,0,21,1373,68,0,326,530,0,0
NY,36045,48100,0,0,0,6878,1,0,0,11,0,0,48,0,62,1723,0,0,175,429,0,0,0,0,0,0,0,12102,92782,0,2,0,69,47,7,0,0,0,0,4,0,0,4,0,0,0,0,2,0,0,2382,0,0,6,5,4,0,0,0,0,0,0,0,16690,0,26672,16832,5145,1723,1078,256066,27799,1607,50572,158426,87831,7504,0,33,0,0,0,0,0,0,0,0,0,0,0,0,0,43,11,0,0,0,0,0,3,0,0,0,0,0,0,0,0,0,0,0,0,0,5,0,0,0,0,0,0,0,0,48100,0,0,6878,48,0,1723,429,0,0
NY,36047,0,0,0,0,0,0,0,0,0,0,0,0,0,0,0,0,0,0,0,0,0,0,0,0,0,0,1,1,0,0,0,0,0,0,0,0,0,0,0,0,0,0,0,0,0,0,0,0,0,2,0,0,0,0,0,0,0,0,0,0,0,0,420,0,1613,3168,10555,26271,488,188,1,3,253,212,223,458,0,0,0,0,0,0,0,0,0,0,0,0,0,0,0,0,0,0,0,0,0,0,0,0,0,0,0,0,0,0,0,0,0,0,0,0,0,0,0,0,0,0,0,0,0,0,0,0,0,0,0,0,0,0,0
NY,36049,28275,0,0,0,532,3,0,0,2,0,0,34,0,0,249,0,0,5,239,0,0,0,0,0,0,0,9138,40770,0,0,0,132,6,0,0,0,0,0,1,0,0,0,0,0,0,0,2,0,0,656,0,0,1,1,0,0,0,0,0,0,0,0,18599,0,7394,1482,341,115,313,400857,103839,3854,56575,49574,100379,2214,0,2,0,0,0,0,0,0,0,0,0,0,0,0,0,11,0,0,0,2,0,0,0,0,0,0,0,0,0,0,0,0,0,0,0,0,1,0,0,0,0,0,0,0,0,28277,0,0,532,34,0,251,239,0,0
NY,36051,69739,0,0,109,19128,2,0,0,406,0,0,19,0,24,12085,0,0,54,1124,0,10,0,0,0,0,0,24293,14814,0,0,276,2619,912,21,0,0,0,0,103,7,0,555,0,0,0,0,272,3,0,3682,0,0,5,1,42,0,0,0,0,0,0,0,6172,0,19206,4886,1063,337,400,113929,4962,15663,5979,79071,5652,1900,0,171,3,0,0,0,0,0,0,1,0,0,0,0,0,0,33,0,0,71,0,0,7,0,0,0,0,0,0,0,0,0,0,0,0,0,86,0,0,0,0,0,0,0,0,69810,0,109,19128,19,0,12156,1124,0,0
NY,36053,34326,0,2,23,3228,3,0,0,8,0,0,199,0,28,1322,0,0,64,1105,0,0,0,0,0,0,0,17757,28174,0,0,0,497,2,0,0,0,0,0,55,0,0,0,0,0,0,0,19,4,0,3835,0,0,4,1,6,0,0,0,0,0,0,0,5308,0,14626,4274,1064,280,217,153830,22153,8536,27194,76198,18019,787,0,13,1,0,0,0,0,0,0,0,0,0,0,0,0,16,4,0,0,31,0,0,0,0,0,0,0,0,0,0,1,0,0,0,1,1,0,0,0,0,0,0,0,0,0,34359,0,23,3229,200,0,1353,1105,0,0
NY,36055,33084,0,0,30,12417,1,0,0,1740,0,0,13,0,0,10917,0,2,115,363,0,59,0,0,0,0,0,4729,6268,0,19,108,1620,7,37,0,0,0,0,20,12,0,714,0,1,0,0,6,0,0,1846,22,0,522,2,111,0,0,0,0,0,0,0,5768,0,65909,39226,17061,7104,832,79784,706,13385,1483,95738,19474,2811,0,16,46,0,1,0,0,0,0,13,0,0,0,0,1,0,896,0,0,0,0,0,11,0,0,0,0,0,0,0,0,0,0,0,0,0,1211,0,0,0,0,0,0,0,0,33084,0,30,12419,13,0,10919,363,0,0
NY,36057,24744,0,0,27,2040,5,0,0,7,0,0,32,0,0,100,0,0,78,543,0,0,0,0,0,0,0,2496,54514,0,0,0,8,0,2,0,0,7,0,1,0,0,0,0,0,0,0,1,9,0,1649,0,0,12,0,0,0,0,0,0,0,0,0,4057,0,14449,5200,1979,613,238,46957,8002,12668,1450,57955,22271,350,0,18,0,0,0,0,0,0,0,0,0,0,0,0,0,0,1,0,0,0,0,0,103,0,0,0,0,0,0,0,0,0,0,0,0,1,0,0,0,0,0,0,0,0,0,24744,0,27,2040,32,0,100,543,0,0
NY,36059,9,0,0,0,3,0,0,0,0,0,0,0,0,0,0,0,0,2,0,0,0,0,0,0,0,0,5,12,0,0,0,0,0,0,0,0,0,0,0,0,0,0,0,0,0,0,0,0,0,12,0,0,1,0,4,0,0,0,0,0,0,0,1068,0,36965,36094,58493,16637,1784,16589,1318,2357,478,971,1071,3423,0,0,0,0,0,0,0,0,0,0,0,0,0,0,0,0,0,0,0,0,0,0,0,0,0,0,0,0,0,0,0,0,0,0,0,0,0,0,0,0,0,0,0,0,0,9,0,0,3,0,0,0,0,0,0
NY,36061,0,0,0,0,0,0,0,0,0,0,0,0,0,0,0,0,0,0,0,0,0,0,0,0,0,0,1,0,0,0,0,0,0,0,0,0,0,0,0,0,0,0,0,0,0,0,0,0,0,1,0,0,0,0,0,0,0,0,0,0,0,0,3196,0,1287,1611,3535,7581,51,267,14,6,5,14,56,164,0,0,0,0,0,0,0,0,0,0,0,0,0,0,0,0,0,0,0,0,0,0,0,0,0,0,0,0,0,0,0,0,0,0,0,0,0,0,0,0,0,0,0,0,0,0,0,0,0,0,0,0,0,0,0
NY,36063,44672,0,0,34,12165,0,0,0,36,0,0,93,0,0,8862,0,0,13,2366,0,11,0,0,0,0,0,16808,14496,0,0,22,946,9,8,0,0,1,0,33,89,0,154,29,0,0,0,57,9,0,5104,107,61,2018,132,0,0,0,0,0,0,3,0,3774,0,22212,17581,5736,2970,1185,87791,236,438,348,67319,15876,1377,0,40,0,0,0,0,0,0,0,0,2,0,0,0,2,0,6,0,0,2,0,0,102,0,0,0,0,0,0,0,0,0,0,0,0,0,1510,17,0,0,0,0,0,0,0,44674,0,34,12165,93,0,8864,2366,0,0
NY,36065,43043,0,0,12,5338,0,0,0,13,0,0,49,0,0,2247,0,0,39,555,0,0,0,0,0,0,0,18974,30826,0,0,0,1892,2,0,0,0,0,0,1,0,0,0,0,0,0,0,28,0,0,4089,0,0,45,0,0,0,0,0,0,0,0,0,31702,0,26492,15278,5162,1715,385,276590,90144,6471,78262,113400,50432,1367,0,6,0,0,0,0,0,0,0,0,0,0,0,0,0,22,1,0,0,0,20,0,0,0,0,0,0,0,0,0,0,0,0,6,0,0,0,0,0,0,0,0,0,0,0,43063,0,12,5344,49,0,2247,581,0,0
NY,36067,35904,0,0,25,10139,22,0,0,137,0,0,212,0,0,4658,0,2,221,1109,0,7,0,0,0,0,0,23074,11421,0,41,0,462,95,3,0,0,0,0,12,0,0,0,0,0,0,0,14,7,0,6923,0,0,145,27,79,0,0,0,0,0,0,0,17605,0,42028,35171,14688,6628,1886,134790,8213,6817,22883,80470,47314,2170,0,44,0,0,0,0,0,0,0,0,26,0,0,0,2,19,14,0,0,2,0,2,15,0,0,0,0,0,0,2,29,0,0,0,3,13,13,0,0,0,15,0,0,0,2,35938,0,27,10146,243,0,4664,1109,0,2
NY,36069,50742,0,0,1,22912,1,0,0,157,0,0,42,0,0,9749,0,24,218,1298,0,172,0,0,0,0,0,20591,14683,0,5,1,932,38,4,0,0,0,0,6,3,0,20,0,1,4,0,332,2,0,2757,1,1,369,127,38,0,0,0,0,0,0,0,12396,0,24969,7655,2224,649,768,117196,4113,16627,6123,93778,9751,961,0,86,5,2,0,0,0,0,0,0,0,0,0,0,12,4,12,4,0,5,0,1,56,0,0,0,0,0,0,0,0,0,0,0,0,0,1268,5,0,0,0,0,0,0,0,50747,0,1,22936,42,0,9778,1298,0,1
NY,36071,6999,0,0,121,1024,0,0,0,444,0,0,6,0,0,42,0,111,53,39,0,0,0,0,0,0,0,1456,28359,0,0,0,0,3,0,0,0,0,0,3718,0,0,0,1,0,0,83,1,1581,0,2372,0,7,647,0,0,0,0,0,0,0,2,0,14497,0,50223,20131,7986,3384,538,239911,3943,32016,1120,70879,43348,1182,0,1,1,0,12,0,0,0,0,0,0,0,21,0,5,1,2,0,0,8,0,0,130,0,0,0,0,0,0,0,0,0,0,0,0,0,0,0,78,6,0,0,0,0,0,7007,0,121,1135,6,0,161,39,0,0
NY,36073,51289,0,0,15,18261,24,0,0,564,0,0,52,0,0,6172,0,0,50,294,0,82,0,0,0,0,0,9830,4888,0,0,152,3827,382,3,0,0,0,0,1990,374,0,892,9,0,0,0,30,8,0,1927,98,10,4932,12,4,0,0,0,0,0,33,0,1684,0,11110,4055,685,200,246,54900,250,1055,349,43437,23247,832,0,20,115,0,2,0,0,0,0,41,0,0,0,0,3,0,494,0,0,0,0,0,9,0,0,0,0,0,0,0,0,0,0,0,0,1,2403,0,0,0,0,0,0,0,0,51289,0,15,18261,52,0,6172,294,0,0
NY,36075,13948,0,0,14,4237,1,0,0,21,0,0,18,0,1,403,0,0,31,134,0,0,0,0,0,0,0,2189,19664,0,0,0,78,305,10,0,0,0,0,1596,0,0,0,0,0,0,0,7,1,0,4614,0,0,16,7,6,0,0,0,0,0,0,0,42673,0,20548,6581,2492,883,379,254245,54620,3669,56352,70436,85445,3551,0,4,0,0,0,0,0,0,0,0,1,0,0,0,1,7,1,0,0,0,0,2,2,0,0,0,0,0,0,0,0,0,0,0,43,0,3,0,0,0,0,0,0,0,0,13991,0,14,4280,18,0,403,134,0,2
NY,36077,21260,0,0,39,1333,2,0,0,1,0,0,76,0,0,164,0,7,89,356,0,0,0,0,0,0,0,5959,43700,0,0,0,24,0,2,0,0,0,0,1,0,0,0,0,0,0,0,17,24,0,1887,0,0,5,0,0,0,0,0,0,0,0,0,11023,0,27205,4669,1054,242,87,266608,35397,61046,8189,134505,23586,1217,0,0,0,0,0,0,0,0,0,0,0,0,0,0,0,0,2,0,0,5,0,0,1,0,0,0,0,0,0,0,0,0,0,0,0,0,0,0,0,0,0,0,0,0,0,21265,0,39,1340,76,0,176,356,0,0
NY,36079,60,0,0,0,2,0,0,0,2,0,0,0,0,0,0,0,0,0,3,0,0,0,0,0,0,0,129,361,0,0,0,0,0,0,0,0,0,0,0,0,0,0,0,0,0,0,0,0,0,71,0,2,33,0,0,0,0,0,0,0,0,0,9229,0,18617,5676,1888,426,122,104893,2530,139,1097,7227,4161,851,0,0,0,0,0,0,0,0,0,0,0,0,0,0,0,0,0,0,0,0,0,0,0,0,0,0,0,0,0,0,0,0,0,0,0,0,0,0,0,0,0,0,0,0,0,60,0,0,2,0,0,0,3,0,0
NY,36081,0,0,0,0,2,0,0,0,0,0,0,0,0,0,0,0,0,1,0,0,0,0,0,0,0,0,1,2,0,0,0,0,0,0,0,0,0,0,0,0,0,0,0,0,0,0,0,0,0,1,0,0,0,0,0,0,0,0,0,0,0,0,489,0,3234,8101,23906,29186,848,1055,54,13,249,146,311,1237,0,0,0,0,0,0,0,0,0,0,0,0,0,0,0,0,0,0,0,0,0,0,0,0,0,0,0,0,0,0,0,0,0,0,0,0,0,0,0,0,0,0,0,0,0,0,0,0,2,0,0,0,0,0,0
NY,36083,12076,0,0,6,664,0,0,0,34,0,0,0,0,2,45,0,0,267,123,0,0,0,0,0,0,0,5644,15414,0,0,0,0,0,127,0,0,2,0,0,0,0,0,0,0,0,0,17,315,0,2009,0,0,32,0,0,0,0,0,0,0,0,0,7647,0,23440,11921,6820,1742,682,181040,31419,38430,14495,59715,9942,1692,0,50,0,0,0,0,0,0,0,0,0,0,0,0,0,0,3,0,0,0,0,0,27,0,0,0,0,0,0,0,0,0,0,0,0,0,0,0,0,0,0,0,0,0,0,12076,0,6,664,0,0,45,123,0,0
NY,36085,1,0,0,0,1,0,0,0,0,0,0,0,0,0,0,0,0,0,1,0,0,0,0,0,0,0,1,5,0,0,0,0,0,0,0,0,0,0,0,0,0,0,0,0,0,0,0,0,0,4,0,0,0,0,0,0,0,0,0,0,0,0,550,0,4581,6349,13972,3379,339,3972,11,20,289,429,1510,1745,0,0,0,0,0,0,0,0,0,0,0,0,0,0,0,0,0,0,0,0,0,0,0,0,0,0,0,0,0,0,0,0,0,0,0,0,0,0,0,0,0,0,0,0,0,1,0,0,1,0,0,0,1,0,0
NY,36087,16,0,0,0,0,0,0,0,1,0,0,0,0,0,0,0,0,0,0,0,0,0,0,0,0,0,25,82,0,0,0,0,0,0,0,0,0,0,0,0,0,0,0,0,0,0,0,0,0,18,0,0,13,0,1,0,0,0,0,0,0,0,16010,0,34138,12893,4215,1519,330,51327,609,177,149,2126,2983,950,0,0,0,0,0,0,0,0,0,0,0,0,0,0,0,0,0,0,0,0,0,0,0,0,0,0,0,0,0,0,0,0,0,0,0,0,0,0,0,0,0,0,0,0,0,16,0,0,0,0,0,0,0,0,0
NY,36089,46549,0,0,154,2996,0,0,0,9,0,0,23,0,1,63,0,0,154,334,0,0,0,0,0,0,0,5374,82595,0,1,0,28,2,1,0,0,0,0,2,0,0,0,0,0,0,0,10,1,0,4707,0,0,2,1,0,0,0,0,0,0,0,0,104937,0,33149,9784,2508,573,939,903135,177076,5709,40063,135911,219187,19499,0,1,4,0,0,0,0,0,0,0,0,0,0,0,0,1,0,0,0,3,0,0,0,0,0,0,0,0,0,0,0,0,0,0,0,0,0,0,0,0,0,0,0,0,0,46552,0,154,2996,23,0,66,334,0,0
NY,36091,9860,0,0,3,272,0,0,0,12,0,0,0,0,0,34,0,0,163,71,0,0,0,0,0,0,0,5678,14088,0,0,0,0,2,2,0,0,17,0,1,0,0,0,0,0,0,0,1,266,0,2447,0,0,24,0,0,0,0,0,0,0,0,0,22329,0,35305,17690,4804,1861,519,162451,72556,23688,3668,44314,115975,1615,0,91,0,0,0,0,0,0,0,0,0,0,0,0,0,0,2,0,0,4,0,0,85,0,0,0,0,0,0,0,0,0,0,0,0,23,0,0,0,0,0,0,0,0,0,9864,0,3,272,0,0,38,71,0,0
NY,36093,1378,0,0,0,42,0,0,0,0,0,0,0,0,0,4,0,0,12,3,0,0,0,0,0,0,0,213,8080,0,0,0,0,0,0,0,0,0,0,0,0,0,0,0,0,0,0,0,0,0,309,0,0,11,0,0,0,0,0,0,0,0,0,2408,0,15677,9993,4809,1932,51,40270,4726,11196,275,15121,17454,177,0,13,0,0,0,0,0,0,0,0,0,0,0,0,0,0,15,0,0,0,0,0,6,0,0,0,0,0,0,0,0,0,0,0,0,0,0,0,0,0,0,0,0,0,0,1378,0,0,42,0,0,4,3,0,0
NY,36095,11910,0,0,10,478,2,0,0,1,0,0,31,0,0,22,0,0,33,53,0,0,0,0,0,0,0,3625,32251,0,0,0,1,35,45,0,0,0,0,0,0,0,0,0,0,0,0,20,31,0,933,0,0,23,0,2,0,0,0,0,0,0,0,3766,0,16855,3455,980,195,317,159001,43269,55154,557,56472,10581,662,0,4,0,0,0,0,0,0,0,0,0,0,0,0,0,0,2,0,0,0,0,0,26,0,0,0,0,0,0,0,0,0,0,0,0,0,0,0,0,0,0,0,0,0,0,11910,0,10,478,31,0,22,53,0,0
NY,36097,9966,0,0,2,1272,1,0,0,10,0,0,44,0,1,659,0,4,97,423,0,5,0,0,0,0,0,5122,14978,0,3,0,25,7,0,0,0,0,0,1,0,0,0,0,0,0,0,46,0,0,711,2,0,4,198,31,0,0,0,0,0,0,0,9105,0,7737,1182,330,100,77,90542,7214,23185,5332,36588,3416,572,0,93,0,0,0,0,0,0,0,0,0,0,0,0,1,0,3,0,0,0,0,1,2,0,0,0,0,0,0,0,0,0,0,0,0,0,10,0,0,0,0,0,0,0,0,9966,0,2,1276,44,0,663,423,0,1
NY,36099,35595,0,0,2,26016,15,0,0,54,1,0,245,0,1,6915,0,6,82,1276,0,16,0,0,0,0,2,9742,7707,0,41,0,173,213,1,0,0,0,0,7,0,0,1,0,0,0,0,238,2,0,1362,0,0,30,470,23,0,0,0,0,0,0,0,42100,0,11704,3625,995,298,397,32550,899,4358,6145,42508,11821,2115,0,68,1,0,0,0,0,0,0,0,0,0,0,0,1,0,5,0,0,4,0,4,7,0,0,0,0,0,0,1,0,0,0,0,0,0,56,0,0,0,0,0,0,0,0,35599,0,3,26022,245,0,6926,1276,0,4
NY,36101,46131,0,0,54,5167,51,0,0,33,0,0,341,0,1,2025,0,0,437,5667,0,10,0,0,0,0,0,14414,67353,0,2,18,2491,2126,13,0,0,0,0,201,0,0,133,0,0,0,0,1676,2,0,3693,0,0,5,250,270,0,0,0,0,0,0,0,8887,0,33484,7142,2341,640,425,389988,41918,88683,11995,156359,2963,1154,0,46,0,0,0,0,0,0,0,0,0,0,0,0,0,0,4,0,0,4,0,0,2,0,0,0,0,0,0,2,0,0,0,0,0,0,27,0,0,0,0,0,0,0,0,46135,0,56,5167,341,0,2031,5667,0,0
NY,36103,1729,0,0,0,7,0,0,0,993,0,0,0,0,0,170,0,0,1742,187,0,0,0,0,0,0,0,60,330,0,0,0,0,2956,15,0,0,0,0,0,0,0,0,0,0,0,0,0,0,0,260,0,0,36,0,196,0,0,0,0,0,0,0,10447,0,138108,114532,58634,15900,12625,101878,41135,4002,5009,45187,10489,23362,0,0,0,230,0,0,0,0,0,0,1,0,0,0,0,1,0,0,0,0,0,0,0,0,0,0,0,0,0,0,0,0,0,0,0,0,0,0,0,0,0,0,0,0,0,1729,0,0,7,0,0,170,187,0,0
NY,36105,1272,0,0,3,29,0,0,0,1,0,0,4,0,0,2,0,1,3,6,0,0,0,0,0,0,0,136,17130,0,0,0,0,0,0,0,0,0,0,0,0,0,0,0,0,0,0,0,0,0,345,0,0,1,0,0,0,0,0,0,0,0,0,17737,0,26643,4856,1450,419,732,363398,55473,103611,1033,32728,10065,860,0,0,0,0,0,0,0,0,0,0,0,0,0,0,0,0,0,0,0,0,0,0,0,0,0,0,0,0,0,0,0,0,0,0,0,0,0,0,0,0,0,0,0,0,0,1272,0,3,30,4,0,3,6,0,0
NY,36107,9366,0,0,6,623,26,0,0,46,0,0,22,0,14,140,0,0,16,379,0,1,0,0,0,0,0,4208,28353,0,9,0,35,4,0,0,0,0,0,0,0,0,0,0,0,0,0,72,0,0,1175,0,0,4,11,4,0,0,0,0,0,0,0,2650,0,14445,3443,825,150,379,125653,19417,60763,3537,55184,2951,636,0,3,0,0,0,0,0,0,0,0,0,0,0,0,1,0,6,0,0,0,0,2,2,0,0,0,0,0,0,0,0,0,0,0,0,0,10,0,0,0,3,0,0,0,0,9366,0,6,623,22,0,140,379,0,2
NY,36109,18331,0,0,2,4978,55,0,0,135,4,0,123,0,3,1168,0,3,100,863,1,2,0,0,0,0,2,9182,19071,0,32,0,75,17,2,0,0,0,0,14,0,0,1,2,0,0,0,133,1,0,2571,0,0,6,14,24,0,0,0,0,0,0,0,10081,0,15154,4098,1749,599,244,106021,11110,36971,9039,53129,8813,383,0,207,0,0,0,0,0,0,0,0,0,0,0,0,0,1,5,0,0,1,0,13,19,0,0,0,0,0,0,0,1,0,0,0,0,0,12,0,0,0,14,0,0,0,0,18333,0,2,4981,124,0,1172,863,0,13
NY,36111,2707,0,0,4,241,0,0,0,1525,0,0,0,0,0,5,0,3,32,39,0,0,0,0,0,0,0,1155,11342,0,0,0,56,0,3,0,0,23,0,0,0,0,0,1,0,0,0,7,18,0,2392,13,5,5584,27,1,0,0,0,0,0,28,0,21445,0,35704,10197,3425,1346,586,439347,33831,85923,1342,41548,41463,1671,0,0,0,0,4,0,0,0,0,0,0,0,14,0,2,1,0,0,0,0,0,0,7,0,0,0,0,0,0,0,0,0,0,0,0,1,0,0,0,0,0,0,0,0,0,2707,0,4,244,0,0,8,39,0,0
NY,36113,309,0,0,1,4,0,0,0,0,0,0,0,0,0,0,0,0,2,10,0,0,0,0,0,0,0,152,454,0,0,0,0,5,0,0,0,1,0,0,0,0,0,0,0,0,0,0,1,0,136,0,0,0,0,0,0,0,0,0,0,0,0,44324,0,21803,7200,2029,878,404,243657,159049,70164,4020,4845,35221,1540,0,0,0,0,0,0,0,0,0,0,0,0,0,0,0,0,0,0,0,0,0,0,0,0,0,0,0,0,0,0,0,0,0,0,0,5,0,0,0,0,0,0,0,0,0,309,0,1,4,0,0,0,10,0,0
NY,36115,24979,0,0,34,370,0,0,0,29,0,0,19,0,0,8,0,0,296,46,0,0,0,0,0,0,0,19214,29628,0,0,0,0,7,18,0,0,18,0,0,0,0,0,0,0,0,0,11,59,0,5299,0,0,23,0,0,0,0,0,0,0,0,0,9480,0,18818,8151,2207,446,499,183451,66329,15486,20406,101579,32505,1916,0,42,0,0,0,0,0,0,0,0,0,0,0,0,0,0,2,0,0,0,0,0,20,0,0,0,0,0,0,0,0,0,0,0,0,4,0,0,0,0,0,0,0,0,0,24979,0,34,370,19,0,8,46,0,0
NY,36117,42977,0,0,0,18972,64,0,0,74,0,0,48,0,0,3110,0,1,54,566,0,3,0,0,0,0,0,6829,8580,0,63,0,34,652,181,0,0,0,0,318,0,0,2,0,5,0,0,6,0,0,1890,268,136,6247,68,94,0,0,0,0,0,0,0,3940,0,21830,4302,1158,463,412,109602,2545,13423,2419,95771,37017,3972,0,54,1,0,0,0,0,0,0,0,0,0,0,0,2,0,6,0,0,0,0,0,5,0,0,0,0,0,0,0,0,0,0,0,0,0,41,0,0,0,0,0,0,0,3,42977,0,0,18976,51,0,3111,566,0,0
NY,36119,43,0,0,0,5,0,0,0,0,0,0,0,0,0,0,0,0,0,0,0,0,0,0,0,0,0,110,621,0,0,0,0,0,0,0,0,0,0,0,0,0,0,0,0,0,0,0,0,0,75,0,0,48,0,1,0,0,0,0,0,0,0,26805,0,70386,31625,20406,7742,319,122377,5959,155,632,11914,3928,938,0,0,0,0,0,0,0,0,0,0,0,0,3,0,0,1,0,0,0,0,0,0,1,0,0,0,0,0,0,0,0,0,0,0,0,0,0,0,0,0,0,0,0,0,0,43,0,0,5,0,0,0,0,0,0
NY,36121,56845,0,0,486,3649,0,0,0,176,0,0,34,0,4,3841,0,1,28,724,0,12,0,0,0,0,0,52088,7052,0,1,29,711,2597,34,0,0,0,0,9,32,0,289,1,1,0,0,95,3,0,701,3,0,9,2,2,0,0,0,0,0,0,0,2169,0,14144,2429,490,140,126,128746,8395,16119,4258,71067,3169,802,0,45,0,0,0,0,0,0,0,1,0,0,0,0,1,0,6,0,0,5,0,0,4,0,0,0,0,0,0,0,0,0,0,0,0,1,44,0,0,0,0,0,0,0,0,56850,0,486,3650,34,0,3847,724,0,0
NY,36123,24311,0,0,1,7330,1,0,0,674,1,0,114,0,0,4080,0,10,63,958,0,557,0,0,0,0,2,11780,6908,0,1,0,581,129,0,0,0,0,0,32,0,0,1,0,0,0,0,150,49,0,543,0,0,48,983,41,0,0,0,0,0,0,0,24377,0,10567,1631,291,61,64,69524,3876,13457,4534,48229,2890,840,0,60,319,0,0,0,0,0,0,0,0,0,0,0,2,0,0,1,0,6,0,0,9,0,0,0,0,0,0,24,0,0,0,0,0,0,373,2,0,0,1,0,0,0,0,24317,0,25,7340,114,0,4120,958,0,0
NC,37001,4508,2,0,89,4056,0,0,886,0,0,0,141,0,0,4520,0,1140,33,51,1,0,0,0,0,0,0,2,38027,0,0,0,0,0,22,0,2,0,0,0,0,0,0,0,0,0,0,12,5,0,8258,0,0,0,0,0,0,0,0,0,0,0,0,4282,0,25951,14932,4345,2123,22,109709,17392,1283,1699,34717,27,12,0,1,0,0,0,0,0,0,0,0,0,0,0,0,0,0,0,0,0,29,19,0,0,0,0,0,0,0,1,37,27,0,0,17,0,0,0,0,0,0,0,0,0,0,118,4583,2,127,5331,287,0,5726,87,0,0
NC,37003,3721,1,0,1,2368,0,0,391,0,0,0,126,0,0,116,0,1027,0,351,0,0,0,0,0,0,0,0,14538,0,0,0,0,0,96,0,1,0,0,0,6,0,0,0,0,0,0,0,1,0,17093,0,1,81,0,0,0,0,0,0,0,0,0,1736,0,9480,4270,553,109,26,86321,7862,828,1235,15612,5,2,0,0,0,0,0,0,0,0,0,0,0,0,0,0,0,0,47,0,0,132,0,0,3,0,0,0,0,0,0,4,34,0,0,0,0,0,0,0,0,0,0,0,0,0,162,3887,1,5,3557,322,0,1279,351,0,0
NC,37005,2885,0,0,0,64,0,0,526,0,0,0,1,0,0,2,0,22,0,0,0,0,0,0,0,0,0,6,33353,0,0,0,0,0,17,0,0,0,0,0,0,0,0,1,0,0,0,0,8,0,1375,0,0,3,0,909,0,0,0,0,0,0,0,456,0,9771,564,162,62,361,83528,9121,206,960,5929,12,0,0,0,0,0,0,0,0,0,0,0,0,0,0,0,0,54,0,0,0,59,0,0,263,0,0,0,0,0,0,16,2,0,0,1,0,0,0,0,0,0,0,0,0,0,2,2946,0,16,89,5,0,99,1,0,0
NC,37007,10968,2064,0,480,3983,0,1,14,6,0,0,2,0,0,345,0,11141,46,14,16,0,0,0,0,0,0,41,7814,0,0,0,0,0,1,0,1,0,0,0,0,0,0,0,0,0,0,0,126,43,13951,0,257,1,0,0,0,0,0,0,0,0,0,4315,0,15326,2387,640,186,929,108211,109125,2715,5177,29084,14177,93,0,0,0,0,0,0,0,0,0,0,0,0,0,0,0,0,0,0,0,18,0,0,0,0,0,0,0,0,0,133,11,4,0,16,0,0,1,0,0,0,0,0,0,0,29,10997,2068,613,15169,42,0,11641,30,0,0
NC,37009,1094,0,0,0,9,0,0,198,0,0,0,0,0,0,0,0,0,0,0,0,0,0,0,0,0,0,68,24279,0,0,0,0,0,2,0,0,0,0,0,0,0,0,3,0,0,0,0,45,0,36,0,0,6,0,2824,0,0,0,0,0,0,5,416,0,14074,438,190,80,435,212142,7502,150,2117,6889,7,0,0,0,0,0,0,0,0,0,0,0,0,0,0,0,0,256,0,0,0,0,0,0,21,0,0,0,0,0,0,1,0,0,0,1,0,0,0,0,0,0,0,0,0,0,0,1094,0,1,10,0,0,1,1,0,0
NC,37011,103,0,0,0,3,0,0,4,0,0,0,0,0,0,0,0,0,0,0,0,0,0,0,0,0,0,24,2715,0,0,0,0,0,4,0,0,0,0,0,0,0,0,10,0,0,0,0,5,0,15,0,0,163,0,784,0,0,0,0,0,0,2,120,0,11466,1076,313,45,858,131938,2019,360,1513,4525,2,0,0,0,0,0,0,0,0,0,0,0,0,0,0,0,0,134,0,0,0,1,0,0,1,0,0,0,0,0,0,0,0,0,0,0,0,50,0,0,0,0,0,0,0,0,0,104,0,0,3,0,0,1,0,0,0
NC,37013,48172,12995,0,740,28417,0,208,1115,0,0,0,0,0,0,88,0,37306,1,25,4,0,0,0,0,71,0,0,576,0,0,0,0,1,50,0,3,0,1,1,0,0,0,0,0,0,30,0,242,0,4361,0,0,0,0,0,0,0,1,0,0,0,570,18796,0,21067,4515,1234,290,4993,1112,159437,2600,54632,14795,115452,11852,0,0,0,0,0,0,0,0,0,0,0,0,0,0,0,0,0,0,0,60,0,0,0,0,0,0,0,0,0,161,0,38,0,595,0,2,0,0,0,0,0,0,0,0,0,48232,13033,901,66318,0,0,37653,620,0,0
NC,37015,13305,29756,0,453,19901,38,5286,3071,5,0,0,0,0,0,6830,0,10723,1,70,5,0,0,0,0,6,0,1,572,0,0,0,44,6,10,0,31,0,45,0,2,0,0,0,0,0,3763,0,493,0,4391,0,1,0,0,0,0,0,0,0,0,0,44,5728,0,16015,1121,276,23,110,11404,131617,3358,37718,3313,142110,1114,0,5,0,0,0,0,0,0,0,0,248,0,0,0,0,0,0,0,0,10,0,0,0,0,0,0,0,0,0,14,0,1,0,4,0,1,0,0,0,0,0,0,0,0,0,13315,29757,467,30628,0,0,17578,74,0,0
NC,37017,33822,6225,0,960,18343,0,2885,87,0,0,0,0,0,0,651,0,10886,2,30,30,0,0,0,0,0,0,0,5124,0,0,0,0,0,13,0,13,0,3,0,0,0,0,0,0,0,0,0,3072,0,26261,0,1,0,60,0,0,0,0,0,0,0,0,8326,0,12538,3311,533,139,123,114,171389,1737,83545,9080,165496,1243,0,0,0,0,0,1,0,0,0,0,0,0,0,0,0,5,0,0,0,0,0,0,0,0,0,0,0,0,0,477,0,0,0,6,0,1231,0,0,0,0,0,0,0,0,3,33822,6225,1437,29238,3,0,12014,36,1,0
NC,37019,9489,820,0,72,8041,2,27,16,0,0,0,0,0,0,376,0,4876,2,0,16,0,0,0,0,0,0,0,982,0,0,0,0,0,14,0,4,0,0,0,0,0,0,0,0,0,0,0,658,0,7164,0,0,0,2,0,0,0,0,0,0,0,0,11826,0,30282,16824,3427,657,3978,21,224767,355,68114,15863,125859,18225,0,0,0,0,0,0,0,0,0,0,0,0,0,0,0,0,0,0,0,0,0,0,0,0,0,0,0,0,0,20,0,0,0,6,0,69,0,0,0,0,0,0,0,0,0,9489,820,92,12923,0,0,5272,6,0,0
NC,37021,3809,0,0,0,439,0,0,48,26,0,0,0,0,0,0,0,2,0,0,0,0,0,0,0,0,0,41,30444,0,0,0,0,0,118,0,0,0,0,0,2,0,0,804,3,0,0,0,40,0,1826,0,4,1801,0,78,0,0,0,0,0,0,1,1759,0,55164,13025,4425,1538,187,274915,12271,878,664,17970,12,0,0,0,0,0,0,0,0,0,0,0,0,0,0,0,0,78,0,0,0,47,0,0,2,0,0,0,0,0,0,0,0,0,0,0,0,2,0,0,0,0,0,0,0,0,0,3856,0,0,441,0,0,49,0,0,0
NC,37023,2348,3,0,10,731,0,0,28,0,0,0,2,0,0,43,0,480,1,4,0,0,0,0,0,0,0,2,12478,0,0,0,0,0,725,0,0,0,2,0,1,0,0,18,0,0,0,0,36,0,3539,0,0,126,0,20,0,0,0,0,0,0,0,5608,0,31220,8520,1778,544,193,191703,39444,1452,3827,23969,23,2,0,0,0,0,0,0,0,0,0,0,0,0,0,0,0,4,0,0,0,6,0,0,0,0,0,0,0,0,0,3,3,0,0,4,0,0,0,0,0,0,0,0,0,0,1,2357,3,13,1216,6,0,532,8,0,0
NC,37025,7049,356,0,33,1771,1,0,4,1,0,0,3,0,0,123,0,4528,9,30,3,0,0,0,0,0,0,2,22034,0,0,0,0,0,21,0,5,0,0,0,0,0,0,0,0,0,0,0,2,0,3713,0,0,0,0,0,0,0,0,0,0,0,0,2263,0,31334,16486,4790,2060,128,81723,25934,139,128,28072,136,6,0,16,0,0,0,0,0,0,0,0,0,0,0,0,0,0,0,0,0,6,62,0,1,0,0,0,0,0,16,53,80,32,48,91,0,0,0,0,0,0,0,0,0,0,219,7197,436,102,6657,318,0,4742,183,0,0
NC,37027,2994,1,0,2,405,0,0,45,0,0,0,51,0,0,37,0,726,1,1,0,0,0,0,0,0,0,2,13834,0,0,0,0,0,1149,0,0,0,2,0,8,0,0,21,0,0,0,0,5,0,2041,0,1,42,0,13,0,0,0,0,0,0,0,1539,0,23025,7787,1950,738,152,201222,22857,848,2675,19858,15,6,0,0,0,0,0,0,0,0,0,0,0,0,0,0,0,1,0,0,0,22,0,0,1,0,0,0,0,0,0,0,22,0,0,1,0,0,0,0,0,0,0,0,0,0,107,3038,1,2,1239,180,0,785,2,0,0
NC,37029,20380,666,0,53,15130,4,4,0,0,0,0,0,0,0,59,0,16597,44,5,0,0,0,0,0,25,0,0,225,0,0,0,2,201,0,0,0,0,1,0,0,0,0,0,0,0,4,0,58,0,578,0,8,0,0,0,0,0,0,0,0,0,4,1346,0,4096,294,47,1,131,499,4078,49,1675,139,86049,2076,0,0,0,0,0,0,0,0,0,0,0,0,0,0,0,0,0,0,0,0,0,0,0,0,0,0,0,0,0,0,0,0,0,7,0,0,0,0,0,0,0,0,0,0,0,20380,666,53,31734,0,0,16656,12,0,0
NC,37031,21211,463,0,252,21453,0,2,10,0,0,0,0,0,0,26,0,3419,0,9,2,0,0,0,0,0,0,0,259,0,0,0,0,0,15,0,0,0,0,0,0,0,0,0,0,0,3,0,344,0,993,0,0,0,0,0,0,0,3,0,0,0,43,5211,0,17660,9873,2473,431,7526,15,77645,813,24522,6086,70219,50304,0,0,0,0,0,0,0,0,0,0,0,0,0,0,0,0,0,0,0,0,0,0,0,0,0,0,0,0,0,2,0,1374,0,8,0,0,0,0,0,0,0,0,0,0,0,21211,1837,254,24880,0,0,4821,17,0,0
NC,37033,1895,1,0,9,2317,1,0,920,0,0,0,6,0,0,2851,0,962,0,31,0,0,0,0,0,0,0,16,24565,0,0,0,0,0,2,0,0,0,0,0,0,0,0,0,0,0,0,0,0,0,14111,0,0,0,0,0,0,0,0,0,0,0,0,2348,0,7993,2587,308,64,24,155018,25417,2018,2865,27601,229,17,0,1,0,0,0,0,0,0,0,0,0,0,0,0,0,0,0,0,0,13,4,0,0,0,0,0,0,0,0,1,4,0,0,1,0,0,0,0,0,0,0,0,0,0,2,1916,1,10,3282,12,0,3827,36,0,0
NC,37035,5388,21,0,8,5504,0,0,35,0,0,0,16,0,0,781,0,4531,15,55,0,0,0,0,0,0,0,8,14763,0,0,0,0,0,55,0,3,0,1,0,0,0,0,0,0,0,0,0,2,0,29856,0,0,32,0,0,0,0,0,0,0,0,0,7793,0,26897,21992,5592,1904,91,92246,17264,366,818,28317,9,8,0,0,0,0,0,0,0,0,0,0,0,0,0,0,0,0,1,0,0,239,0,0,0,0,0,0,0,0,0,6,135,0,0,22,0,0,0,0,0,0,0,0,0,0,65,5762,21,14,10122,216,0,5557,77,0,0
NC,37037,2829,82,0,494,2153,0,0,70,1,0,0,19,0,0,462,0,1218,93,120,4,0,0,0,0,0,0,0,39553,0,0,0,0,0,416,0,0,0,0,0,0,0,0,0,0,0,0,22,9,0,5864,0,24,0,0,0,0,0,0,0,0,0,0,17089,0,18726,4082,1046,351,423,205184,86814,10614,3864,48271,3434,113,0,0,0,0,0,0,0,0,0,0,1,0,0,0,0,0,0,0,0,68,17,0,0,0,0,0,0,0,13,79,24,0,0,4,0,0,0,0,0,0,0,0,0,0,22,2938,82,586,3397,78,0,1827,141,0,0
NC,37039,2759,0,0,0,570,0,0,0,0,0,0,0,0,0,0,0,0,0,0,0,0,0,0,0,0,0,0,4158,0,0,0,0,0,0,0,0,0,0,0,0,0,0,8,0,0,0,0,0,0,765,0,1,0,0,0,0,0,0,0,0,0,0,6302,0,14091,1491,303,68,286,236395,19555,5003,1190,5159,13,0,0,0,0,0,0,0,0,0,0,0,4,0,0,503,0,0,0,0,0,5,0,0,0,0,0,0,0,0,0,0,0,0,0,0,0,0,2,0,0,0,0,0,0,0,0,2764,0,0,570,0,0,5,0,0,0
NC,37041,8029,11768,0,195,9303,5,1909,82,22,0,0,0,0,0,1847,0,11132,33,52,0,0,0,0,0,9,0,0,353,0,0,0,19,91,1,0,135,0,96,0,10,0,0,0,0,0,109,0,185,0,771,0,12,0,0,0,0,0,0,0,0,0,13,1296,0,5880,1171,311,31,41,2046,15882,671,7465,802,29118,357,0,0,0,0,0,0,0,0,0,0,13,0,0,0,0,0,0,0,0,4,0,0,6,0,0,0,0,0,0,61,0,0,0,14,0,4,0,0,0,0,0,0,0,0,0,8033,11768,256,20449,0,0,13044,66,0,0
NC,37043,1957,0,0,0,333,0,0,0,1,0,0,0,0,0,0,0,0,0,0,0,0,0,0,0,0,0,0,4011,0,0,0,0,0,0,0,0,0,0,0,0,0,0,32,0,0,0,0,0,0,754,0,1,0,0,0,0,0,0,0,0,0,0,3416,0,6038,321,63,6,113,116819,3090,969,626,2511,10,0,0,0,0,0,0,0,0,0,0,0,20,0,0,24,0,0,0,0,0,2,0,0,0,0,0,0,0,0,0,0,0,0,0,0,0,0,2,0,0,0,0,0,0,0,0,1959,0,0,333,0,0,2,0,0,0
NC,37045,5401,1346,0,1,8203,26,0,7,0,0,0,10,0,0,348,0,8350,21,84,1,0,0,0,0,0,0,43,27481,0,0,0,0,1,103,0,4,0,16,0,0,0,0,17,12,0,0,0,44,0,41932,0,43,71,0,2,0,0,0,0,0,0,0,2354,0,23885,11260,2248,928,145,120849,18602,469,1843,23054,180,2,0,0,0,0,0,0,0,0,0,0,0,0,0,0,0,3,2,0,0,25,0,0,25,0,0,0,0,0,0,75,44,0,0,162,0,0,0,0,0,0,0,0,0,0,188,5470,1346,76,16903,242,0,8798,246,0,0
NC,37047,42214,4400,0,518,36277,14,4458,104,0,0,0,0,0,0,962,0,24357,3,4,35,0,0,27,0,0,0,0,1483,0,0,0,0,0,12,0,800,0,4,0,0,0,0,0,0,0,0,0,2205,0,34854,0,0,0,11,0,0,0,0,0,0,0,0,10856,0,20662,5473,1051,355,126,87,160007,1121,61846,12376,181813,1587,0,0,0,0,0,0,0,0,0,0,1,0,0,0,0,0,2,0,0,1,0,0,0,0,0,0,0,0,0,92,0,0,0,34,0,80,0,0,0,0,0,0,0,0,1,42215,4400,610,60669,1,0,25412,38,0,0
NC,37049,21656,6453,0,1257,17075,0,721,777,0,0,0,0,0,0,85,0,9183,0,32,28,0,0,0,0,0,0,13,1298,0,0,0,0,0,110,0,5,0,1,2,0,0,0,0,0,0,44,0,1433,127,5854,0,0,0,1,0,0,0,0,0,0,0,51,14392,0,25826,9714,2835,1000,657,629,132109,4344,41147,14647,147869,3825,0,0,0,0,0,0,0,0,0,0,0,0,0,0,0,0,1,0,0,1,1,0,0,0,0,0,0,0,0,26,0,13,16,12,0,1,0,0,0,0,0,0,0,0,0,21658,6482,1283,26286,0,0,9308,45,0,0
NC,37051,14551,8569,0,1108,10248,2,73,706,3,0,0,0,0,0,979,0,9946,10,2,25,0,0,0,0,0,0,0,7009,0,0,0,0,0,1,0,159,0,77,0,0,0,2,0,0,0,0,0,3567,0,16955,0,1,0,13,0,0,0,0,0,0,0,0,3809,0,37391,29973,10488,3430,1813,965,103180,1001,49003,15023,90243,738,0,0,0,0,0,14,0,0,0,0,3,0,0,0,0,5,0,0,0,10,0,0,0,0,0,0,0,0,0,46,0,0,0,35,0,91,0,0,0,0,0,0,0,0,196,14561,8569,1154,20425,196,0,10981,37,14,0
NC,37053,14040,240,0,106,12871,0,8,1,1,0,0,0,0,0,83,0,15267,87,1,0,0,0,0,0,6,0,0,174,0,0,0,0,2,0,0,0,0,0,0,0,0,0,0,0,0,6,0,122,0,2612,0,2,0,0,0,0,0,1,0,0,0,9,3788,0,7407,1754,1308,52,3533,1017,4296,75,4343,294,69396,21686,0,0,0,0,0,0,0,0,0,0,0,0,0,0,0,0,0,0,0,0,0,0,0,0,0,0,0,0,0,12,0,0,0,1,0,0,0,0,0,0,0,0,0,0,0,14040,240,118,28139,0,0,15362,2,0,0
NC,37055,995,35,0,0,2448,0,0,0,0,0,0,0,0,0,3,0,323,0,0,0,0,0,0,0,0,0,0,15,0,0,0,0,8,12,0,0,0,0,0,0,0,0,0,0,0,0,0,4,0,714,0,0,0,0,0,0,0,1,0,0,0,1,6466,0,8457,7086,3053,137,7542,41,4723,231,2660,944,152150,43320,0,0,0,0,0,0,0,0,0,0,0,0,0,0,0,0,0,0,0,0,0,0,0,0,0,0,0,0,0,0,0,0,0,1,0,0,0,0,0,0,0,0,0,0,0,995,35,0,2772,0,0,326,1,0,0
NC,37057,9682,37,0,64,9446,4,0,199,1,1,0,34,0,0,720,0,3157,5,20,0,0,0,0,0,0,0,138,28858,0,0,0,0,0,7,0,1,0,0,0,0,0,0,0,0,0,0,9,23,0,5221,0,0,0,0,0,0,0,0,0,0,0,0,9064,0,32015,13885,3768,1491,68,169754,23629,707,1218,49117,84,22,0,3,0,0,0,0,0,0,0,0,0,0,0,0,0,0,1,0,0,42,5,0,1,0,0,0,0,0,0,89,6,0,0,64,0,0,0,0,0,0,0,0,0,0,213,9735,37,153,12880,253,0,4008,89,0,0
NC,37059,9917,6,0,74,3382,1,0,64,0,0,0,3,0,0,832,0,5136,1,1,0,0,0,0,0,0,0,7,20674,0,0,0,0,0,101,0,0,0,0,0,0,0,0,0,0,0,0,0,0,0,8934,0,0,0,0,0,0,0,0,0,0,0,0,1492,0,10934,2998,641,295,25,75616,10479,94,439,18248,62,2,0,0,0,0,0,0,0,0,0,0,0,0,0,0,0,0,0,0,0,127,0,0,1,0,0,0,0,0,1,4,18,0,0,4,0,0,0,0,0,0,0,0,0,0,71,10062,6,79,8593,93,0,6099,5,0,0
NC,37061,49140,10932,0,2305,25764,0,3774,2892,16,0,0,0,0,0,2554,0,41243,208,25,681,0,0,0,0,0,0,0,26984,0,0,0,0,0,72,0,825,0,2,0,54,0,0,7,0,0,1,0,251,0,27206,0,0,0,14,0,0,0,6,0,0,0,0,2057,0,14364,4207,692,199,101,145,113008,6306,65026,4460,115979,1405,0,0,0,0,0,0,0,0,0,0,0,0,0,8,0,0,27,0,0,6,0,0,0,0,0,0,0,0,0,891,0,0,0,128,0,71,0,0,0,0,0,0,0,0,0,49146,10932,3196,67135,0,0,44694,153,0,0
NC,37063,691,23,0,29,615,0,0,52,0,0,0,0,0,0,586,0,201,10,18,2,0,0,0,0,0,0,0,6076,0,0,0,0,0,3,0,0,0,0,0,0,0,0,0,0,0,0,0,1,0,3853,0,0,0,0,0,0,0,0,0,0,0,0,5764,0,38335,16575,7160,2017,46,60525,26361,3224,621,12884,4962,26,0,0,0,0,0,0,0,0,0,0,0,0,0,0,0,0,0,0,0,3,0,0,0,0,0,0,0,0,0,13,2,0,0,0,0,0,0,0,0,0,0,0,0,0,1,696,23,42,817,3,0,803,18,0,0
NC,37065,15419,34911,0,1475,33141,0,4388,4379,1,0,0,0,0,0,1235,0,17648,27,62,52,0,0,0,0,0,0,0,4792,0,0,0,0,0,328,0,1844,0,1,0,1,0,0,0,0,0,186,0,2004,0,6910,0,0,0,1,0,0,0,0,0,0,0,0,2465,0,14649,4854,1370,446,58,3989,55171,2273,22554,8988,76945,1462,0,7,0,0,0,0,0,0,0,0,0,0,0,5,0,0,1,0,0,1,1,0,0,0,0,0,0,0,0,46,0,1,3,3,0,8,0,0,0,0,0,0,0,0,0,15421,34915,1521,50795,0,0,18931,66,0,0
NC,37067,3325,2,0,15,3779,1,0,343,0,0,0,3,0,0,360,0,1134,3,14,0,0,0,0,0,0,0,80,12864,0,0,0,0,0,190,0,0,0,0,0,0,0,0,0,0,0,0,2,5,0,6185,0,1,0,0,0,0,0,0,0,0,0,0,2117,0,63292,24583,8388,3784,30,98815,11232,190,648,22683,58,12,0,0,0,0,0,0,0,0,0,0,0,0,0,0,0,0,2,0,0,50,19,0,1,0,0,0,0,0,0,1,9,0,0,23,0,0,0,0,0,0,0,0,0,0,57,3403,2,16,4993,69,0,1545,56,0,0
NC,37069,1818,503,0,749,17103,0,24,1300,0,0,0,2,0,0,1581,0,9123,29,107,79,0,0,0,0,0,0,12,27859,0,0,0,0,0,4,0,18,0,4,0,32,0,0,0,0,0,0,0,342,0,6480,0,0,0,1,0,0,0,0,0,0,0,0,2847,0,16228,3278,662,149,238,108552,64500,8066,1496,33558,9223,318,0,0,0,0,0,0,0,0,0,0,2,0,0,0,0,0,0,0,0,2,5,0,0,0,0,0,0,0,0,78,12,2,14,98,0,1,0,0,0,0,0,0,0,0,0,1837,519,827,26338,14,0,10786,210,0,0
NC,37071,1160,15,0,4,2860,1,0,6,0,0,0,28,0,0,278,0,1724,15,32,0,0,0,0,0,0,0,0,15432,0,0,0,0,0,36,0,2,0,0,0,0,0,0,0,14,0,0,0,5,0,7852,0,0,0,0,0,0,0,0,0,0,0,0,4175,0,36453,21645,5067,2315,146,100361,15574,284,256,15923,147,15,0,0,0,0,0,0,0,0,0,0,0,0,0,0,0,0,0,0,0,154,0,0,1,0,0,0,0,0,0,4,326,0,0,173,0,0,0,0,0,0,0,0,0,0,200,1640,15,8,4957,554,0,2160,205,0,0
NC,37073,6228,13087,0,126,10490,21,1890,8,0,0,0,0,0,0,257,0,13208,5,2,0,0,0,0,0,9,0,0,1640,0,0,0,0,0,34,0,0,0,5,0,24,0,0,0,0,0,30,0,35,0,245,0,0,0,0,0,0,0,0,0,0,0,1,2148,0,8658,366,81,4,59,5947,58564,2578,16419,1160,76413,269,0,1,0,0,0,0,0,0,0,0,1,0,0,0,0,0,0,0,0,22,2,0,0,0,0,0,0,0,0,4,0,0,0,63,0,72,0,0,0,0,0,0,0,0,0,6252,13087,130,23761,0,0,13491,67,0,0
NC,37075,145,0,0,0,2,0,0,0,6,0,0,0,0,0,0,0,0,0,0,0,0,0,0,0,0,0,0,1250,0,0,0,0,0,0,0,0,0,0,0,0,0,0,22,0,0,0,0,0,0,402,0,0,0,0,0,0,0,0,0,0,0,0,5526,0,6087,423,105,16,16,171025,5720,462,493,1304,8,0,0,0,0,0,0,0,0,0,0,0,5,0,0,1,0,0,0,0,0,9,0,0,0,0,0,0,0,0,0,0,0,0,0,0,0,0,0,0,0,0,0,0,0,0,0,154,0,0,2,0,0,9,0,0,0
NC,37077,3558,352,0,121,3168,0,1,356,0,0,0,12,0,0,4539,0,2358,30,237,9,0,3,0,0,1,0,0,13828,0,0,0,0,0,14,0,4,0,0,0,0,0,0,0,0,0,0,2,11,7,26011,0,0,0,0,0,0,0,0,0,0,0,0,3725,0,17477,3772,1098,459,222,154789,55662,10253,2467,36683,1874,38,0,0,0,0,0,0,0,0,0,0,0,0,0,0,0,0,0,0,0,64,1,0,0,0,0,0,0,0,0,164,93,0,0,5,0,0,0,0,0,0,0,0,0,0,10,3716,352,285,5541,115,0,7125,243,0,0
NC,37079,12000,12240,0,1788,20515,0,1077,5272,4,0,0,0,0,0,746,0,17576,2,64,93,0,0,0,0,0,0,0,5084,0,0,0,0,0,205,0,1313,0,4,0,0,0,0,0,0,0,6,0,246,0,4660,0,0,0,0,0,0,0,2,0,0,0,0,902,0,5969,826,169,32,57,1063,21286,1422,9854,4623,39452,1251,0,0,0,0,0,0,0,0,0,0,0,0,0,2,0,0,81,0,0,0,1,0,0,0,0,0,0,0,0,41,0,0,0,53,0,2,0,0,0,0,0,0,0,0,0,12001,12240,1829,38144,0,0,18363,118,0,0
NC,37081,6652,6,0,160,7587,0,0,1331,0,0,0,50,0,0,5030,0,2506,51,433,0,0,0,0,0,0,0,23,37555,0,0,0,0,0,228,0,2,0,0,0,0,0,0,0,0,0,0,11,17,0,8832,0,0,0,0,0,0,0,0,0,0,0,0,6508,0,60172,46975,18694,9086,51,149323,16762,778,1407,39831,256,26,0,13,0,0,0,0,0,0,0,0,0,0,0,0,0,0,0,0,0,187,50,0,0,0,0,0,0,0,19,26,78,0,0,35,0,0,0,0,0,0,0,0,0,0,147,6967,6,205,10275,294,0,7749,518,0,0
NC,37083,6491,58548,0,1085,21761,3,3567,1034,40,0,0,0,0,0,1222,0,12296,31,14,133,0,0,0,0,0,0,0,2111,0,0,0,0,0,62,0,223,0,0,0,91,0,0,0,0,0,16,0,21465,0,5786,0,0,0,1,0,0,0,2,0,0,0,0,5134,0,22867,3982,1267,359,37,82790,94342,4136,16087,19265,80528,1239,0,72,0,0,0,0,0,0,0,0,0,0,0,0,0,0,0,0,0,0,1,0,0,0,0,0,0,0,0,231,0,4,9,2,0,1,0,0,0,0,0,0,0,0,0,6492,58561,1316,34068,0,0,13753,17,0,0
NC,37085,4905,11690,0,3097,18964,1,310,3316,4,0,0,2,0,0,1481,0,11496,143,140,77,0,0,0,0,0,0,1,12500,0,0,0,0,0,72,0,623,0,30,0,6,0,3,3,0,0,0,1,819,0,15759,0,8,0,1,0,0,0,0,0,0,0,0,5027,0,19369,11017,1731,410,1261,54395,90289,9577,13393,57600,33952,638,0,0,0,0,0,2,0,0,0,0,11,0,0,0,0,3,0,0,0,1,0,0,16,0,0,0,0,0,0,434,2,13,0,73,0,12,0,0,0,0,0,0,0,0,203,4908,11703,3531,30736,207,0,13425,213,2,0
NC,37087,2700,0,0,0,99,0,0,53,0,0,0,0,0,0,0,0,0,0,0,0,0,0,0,0,0,0,26,18246,0,0,0,0,0,44,0,0,0,0,0,0,0,0,70,0,0,0,0,10,0,358,0,0,215,0,767,0,0,0,0,0,0,2,654,0,23440,4001,1031,350,102,284863,8124,1010,1597,6804,6,0,0,0,0,0,0,0,0,0,0,0,0,0,0,0,0,221,0,0,0,157,0,0,1,0,0,0,0,0,0,0,0,0,0,0,0,13,0,0,0,0,0,0,0,0,0,2857,0,0,99,0,0,157,0,0,0
NC,37089,8414,9,0,0,1668,0,0,23,375,0,0,0,0,0,6,0,30,29,6,0,0,0,0,0,0,0,15,11453,0,0,0,0,0,514,0,0,0,0,0,1,0,0,212,3,0,0,0,366,0,1253,0,147,6580,0,98,0,0,0,0,0,0,2,569,0,31753,6198,1851,753,120,147532,8040,1011,584,9921,17,0,0,0,0,49,0,0,0,0,0,0,17,0,3,0,0,253,0,0,0,12,0,0,4,0,0,0,0,0,0,0,0,0,0,0,0,1,0,0,0,0,0,0,0,0,3,8426,9,0,1701,3,0,48,6,0,0
NC,37091,9563,16526,0,477,11469,6,2660,2068,21,0,0,0,0,0,1074,0,8716,0,0,8,0,0,0,0,0,0,1,583,0,0,0,1,0,4,0,5,0,8,0,60,0,0,0,0,0,495,0,547,0,889,0,0,0,0,0,0,0,0,0,0,0,1,2765,0,11352,1171,503,90,163,12762,61066,4129,22273,1408,55318,266,0,20,0,0,0,0,0,0,0,0,4,0,0,0,0,0,0,0,0,0,0,0,8,0,0,0,0,0,0,121,0,0,2,5,0,1,0,0,0,0,0,0,0,0,0,9563,16528,598,20192,0,0,9911,5,0,0
NC,37093,8088,10423,0,479,4776,1,13,6,0,0,0,0,0,0,715,0,7582,13,0,2,0,0,0,0,0,0,0,911,0,0,0,0,0,2,0,1,0,0,0,0,0,0,0,0,0,0,0,172,0,13999,0,35,0,16,0,0,0,0,0,0,0,0,1144,0,15292,3901,561,121,7072,3360,88286,397,17647,25791,39899,274,0,0,0,0,0,0,0,0,0,0,0,0,0,0,0,0,0,0,0,0,0,0,0,0,0,0,0,0,0,93,0,0,9,8,0,2,0,0,0,0,0,0,0,0,0,8088,10432,572,12375,0,0,8390,8,0,0
NC,37095,39808,11179,0,89,14442,0,2,0,0,0,0,0,0,0,19,0,21417,0,4,0,0,0,0,0,2,0,0,192,0,0,0,105,279,0,0,0,0,1,0,0,0,0,0,0,0,0,0,49,0,602,0,0,0,0,0,0,0,37,0,0,0,9,53103,0,8642,1544,152,4,1618,68,19540,307,12699,7996,186309,62124,0,0,0,0,0,0,0,0,0,0,0,0,0,0,0,0,0,0,0,9,0,0,0,0,0,0,0,0,0,21,0,0,0,203,0,0,0,0,0,0,0,0,0,0,0,39817,11179,110,36062,0,0,21466,207,0,0
NC,37097,21576,2,0,46,10523,0,0,115,0,0,0,48,0,0,872,0,8580,2,527,10,0,0,0,0,0,0,24,24659,0,0,0,0,0,640,0,2,0,0,0,0,0,0,0,0,0,0,0,0,0,42068,0,0,0,0,0,0,0,0,0,0,0,0,12625,0,36002,15018,3797,1439,169,143603,19735,304,1264,34603,24,1,0,8,0,0,0,0,0,0,0,0,0,0,0,0,0,0,0,0,0,1752,1,0,0,0,0,0,0,0,1,100,1361,0,0,4,0,0,0,0,0,0,0,0,0,0,615,24690,2,147,19722,2025,0,11304,532,0,0
NC,37099,402,0,0,0,59,0,0,4,5,0,0,0,0,0,0,0,0,0,0,0,0,0,0,0,0,0,8,4361,0,0,0,0,1,10,0,0,0,0,0,0,0,0,36,7,0,0,0,11,0,728,0,6,29,0,2456,0,0,0,0,0,0,6,2253,0,18327,1818,521,85,244,272261,6203,643,1409,4154,13,0,0,0,0,1,0,0,0,0,0,0,0,0,0,0,0,364,0,0,0,1,0,0,44,0,0,0,0,0,0,0,0,0,0,0,0,1,3,0,0,0,0,0,0,0,0,403,0,0,59,0,0,1,0,0,0
NC,37101,9424,12953,0,5927,50717,0,886,6264,9,0,0,0,0,0,2648,0,24044,493,38,595,0,0,0,0,0,0,2,33078,0,0,0,0,0,256,0,2221,0,133,0,21,0,6,1,0,0,1,1,1531,0,5445,0,14,0,82,0,0,0,1,0,0,0,0,5262,0,25185,10914,3126,1054,575,65503,61776,7889,16593,66173,85602,1628,0,0,0,3,0,0,0,0,0,0,55,0,0,1,0,0,6,0,0,4,0,0,1,0,0,0,0,0,0,950,4,4,0,107,0,4,0,0,0,0,0,0,0,0,9,9432,12957,6877,74877,13,0,27650,145,0,0
NC,37103,15899,10648,0,995,7947,0,606,1875,0,0,0,0,0,0,309,0,13901,1,3,72,0,0,0,0,0,0,0,1607,0,0,0,0,0,29,0,22,0,1,1,0,0,0,0,0,0,10,0,308,0,8123,0,0,0,7,0,0,0,0,0,0,0,3,1133,0,9299,1261,151,18,88,141,104665,3088,23887,5688,90276,602,0,0,0,0,0,0,0,0,0,0,0,0,0,0,0,0,1,0,0,0,0,0,0,0,0,0,0,0,0,129,0,1,0,8,0,5,0,0,0,0,0,0,0,0,0,15899,10649,1124,21856,0,0,14340,11,0,0
NC,37105,1251,305,0,518,2956,0,4,1385,0,0,0,4,0,0,491,0,1582,10,17,1,0,0,0,0,0,0,0,2859,0,0,0,0,0,203,0,9,0,1,0,0,0,0,0,0,0,0,0,6,0,4964,0,1,0,0,0,0,0,0,0,0,0,0,1946,0,13840,4253,1489,676,82,53046,41545,5045,1412,24319,1652,44,0,0,0,0,0,0,0,0,0,0,0,0,0,0,0,2,0,0,0,4,0,0,0,0,0,0,0,0,0,64,0,0,0,20,0,0,0,0,0,0,0,0,0,0,0,1255,305,582,4558,4,0,2141,37,0,0
NC,37107,24323,14202,0,2448,19609,0,496,4532,2,0,0,0,0,0,1364,0,22701,70,16,212,0,0,0,0,0,0,1,6664,0,0,0,0,0,75,0,400,0,5,0,12,0,0,2,0,0,9,0,178,4,7052,0,1,0,1,0,0,0,0,0,0,0,0,2791,0,12700,4524,1788,666,80,820,45412,1886,23869,5554,50729,1860,0,0,0,0,0,0,0,0,0,0,0,0,0,3,0,0,11,0,0,19,0,0,0,0,0,0,0,0,0,655,0,0,3,52,1,3,0,0,0,0,0,0,0,0,0,24343,14205,3103,42366,0,0,24739,68,0,0
NC,37109,3813,78,0,3,5610,0,0,6,0,0,0,20,0,0,1477,0,4109,67,23,0,0,0,0,0,0,0,16,21123,0,0,0,0,0,20,0,3,0,3,0,0,0,0,1,2,0,0,0,3,0,14684,0,2,57,3,0,0,0,0,0,0,0,0,5201,0,14159,10946,1495,457,108,77407,13238,141,526,20535,46,4,0,0,0,0,0,0,0,0,0,0,0,0,0,0,0,0,1,0,0,429,0,0,1,0,0,0,0,0,0,2,247,0,0,52,0,0,0,0,0,0,0,0,0,0,211,4489,78,5,9982,478,0,6017,75,0,0
NC,37111,1353,0,0,0,518,0,0,16,0,0,0,0,0,0,1,0,32,0,8,0,0,0,0,0,0,0,2,7335,0,0,0,0,0,45,0,0,0,0,0,10,0,0,19,0,0,0,0,3,0,876,0,16,708,0,4,0,0,0,0,0,0,0,2962,0,16144,2192,646,232,583,217153,14526,2389,1726,16458,9,0,0,0,0,0,0,0,0,0,0,0,0,0,0,0,0,1,1,0,0,5,0,0,1,0,0,0,0,0,0,0,4,0,0,1,0,0,0,0,0,0,0,0,0,0,0,1362,0,0,551,4,0,38,9,0,0
NC,37113,1309,0,0,0,17,0,0,1,46,0,0,0,0,0,0,0,0,0,0,0,0,0,0,0,0,0,0,9031,0,0,0,0,7,2,0,0,0,0,0,0,0,0,54,194,0,0,0,4,0,1760,0,5,13,0,655,0,0,0,0,0,0,18,1615,0,17328,1465,389,64,204,280691,6326,415,2354,8342,67,0,0,0,0,0,0,0,0,0,0,0,42,0,0,0,0,93,0,0,0,3,0,0,85,0,0,0,0,0,0,0,0,0,0,0,0,0,24,0,0,0,0,0,0,0,0,1312,0,0,17,0,0,3,0,0,0
NC,37115,991,0,0,0,115,0,0,13,1,0,0,0,0,0,0,0,2,0,0,0,0,0,0,0,0,0,23,16688,0,0,0,0,0,35,0,0,0,0,0,1,0,0,45,5,0,0,0,17,0,522,0,2,499,0,300,0,0,0,0,0,0,0,845,0,12856,877,101,16,213,235179,7731,735,1017,10084,6,0,0,0,0,0,0,0,0,0,0,0,0,0,0,0,0,25,0,0,0,47,0,0,0,0,0,0,0,0,0,0,0,0,0,0,0,2,0,0,0,0,0,0,0,0,0,1038,0,0,117,0,0,49,0,0,0
NC,37117,5079,35874,0,630,14660,0,6447,4326,0,0,0,0,0,0,2029,0,10447,2,11,3,0,0,0,0,43,0,0,475,0,0,0,0,0,40,0,23,0,0,0,0,0,0,0,0,0,576,0,616,0,7469,0,0,0,1,0,0,0,0,0,0,0,10,1155,0,11036,2998,783,185,49,1624,71489,1255,24730,6177,83740,1085,0,0,0,0,0,0,0,0,0,0,1,0,0,0,0,0,0,0,0,0,0,0,0,0,0,0,0,0,0,10,0,97,0,6,0,1,0,0,0,0,0,0,0,0,0,5079,35971,640,25113,0,0,12583,17,0,0
NC,37119,1867,3,0,1,788,2,0,15,0,0,0,11,0,0,28,0,1065,15,3,1,0,0,0,0,0,0,0,5968,0,0,0,0,0,14,0,1,0,0,0,0,0,0,0,0,0,0,0,0,0,2017,0,0,0,0,0,0,0,0,0,0,0,0,12892,0,101788,71316,26123,13726,401,74124,19664,142,116,17208,148,2,0,0,0,0,0,0,0,0,0,0,0,0,0,0,0,0,0,0,0,16,0,0,0,0,0,0,0,0,0,2,10,0,0,18,0,0,0,0,0,0,0,0,0,0,5,1893,3,3,1876,26,0,1111,21,0,0
NC,37121,108,0,0,0,15,0,0,1,0,0,0,0,0,0,0,0,0,0,0,0,0,0,0,0,0,0,5,2613,0,0,0,0,0,6,0,0,0,0,0,0,0,0,8,0,0,0,0,3,0,45,0,0,574,0,604,0,0,0,0,0,0,0,269,0,7680,716,226,67,479,121343,2484,357,704,3702,2,0,0,0,0,0,0,0,0,0,0,0,0,0,0,0,0,149,0,0,0,1,0,0,0,0,0,0,0,0,0,0,0,0,0,0,0,14,0,0,0,0,0,0,0,0,0,109,0,0,15,0,0,1,0,0,0
NC,37123,2381,698,0,218,748,0,0,36,89,0,0,8,0,0,122,0,1043,43,0,4,0,0,0,0,0,0,0,8192,0,0,0,0,0,16,0,0,0,1,0,0,0,0,0,0,0,0,1,278,3,2717,0,30,0,0,0,0,0,0,0,0,0,0,7070,0,14257,2467,707,290,451,154825,81247,5761,3959,31029,1868,23,0,1,0,0,0,0,0,0,0,0,0,0,0,0,0,0,0,0,0,3,4,0,0,0,0,0,0,0,0,286,0,0,0,3,0,0,0,0,0,0,0,0,0,0,0,2388,698,504,1794,8,0,1454,7,0,0
NC,37125,2110,110,0,1192,2475,0,1,946,75,0,0,31,0,0,465,0,2439,25,10,15,0,0,0,0,0,0,0,12104,0,0,0,0,0,157,0,1,0,0,0,0,0,0,0,0,0,0,0,230,0,6866,0,37,0,0,0,0,0,0,0,0,0,0,6540,0,30774,7911,1570,484,1201,130416,141149,7273,9257,68370,16452,215,0,0,0,0,0,0,0,0,0,0,0,0,0,0,0,1,0,0,0,7,2,0,0,0,0,0,0,0,0,608,0,0,0,7,0,0,0,0,0,0,0,0,0,0,1,2119,110,1800,4922,32,0,3519,19,0,0
NC,37127,3438,17499,0,1903,31207,2,1955,4858,2,0,0,0,0,0,1032,0,10393,21,10,320,0,0,0,0,1,0,1,22903,0,0,0,0,0,25,0,2565,0,5,0,116,0,0,2,0,0,1,0,4004,0,3484,0,0,0,6,0,0,0,6,0,0,0,0,3277,0,24145,8398,2922,956,80,69461,50121,4648,8850,25711,41763,530,0,0,0,2,0,0,0,0,0,0,29,0,0,5,0,0,1,0,0,1,1,0,0,0,0,0,0,0,0,83,0,4,84,3,0,4,20,0,0,0,0,0,0,0,0,3440,17587,1986,41687,0,0,11513,14,0,0
NC,37129,715,18,0,10,923,0,2,1,0,0,0,0,0,0,10,0,290,0,1,1,0,0,0,0,0,0,0,173,0,0,0,0,0,3,0,3,0,0,0,0,0,0,0,0,0,0,0,22,0,1031,0,0,0,0,0,0,0,0,0,0,0,0,10937,0,19914,21468,7505,2167,2145,10,21246,45,11625,761,21298,9786,0,0,0,0,0,0,0,0,0,0,0,0,0,0,0,0,0,0,0,0,0,0,0,0,0,0,0,0,0,2,0,1,0,1,0,8,0,0,0,0,0,0,0,0,0,715,19,12,1214,0,0,303,2,0,0
NC,37131,7183,45515,0,1016,20911,0,1728,178,1,0,0,0,0,0,451,0,18261,8,30,11,0,0,0,0,0,0,6,445,0,0,0,0,0,228,0,1,0,0,0,7,0,0,0,0,0,176,0,5126,0,8068,0,0,0,0,0,0,0,0,0,0,0,0,8154,0,15959,1208,409,80,35,34325,80427,3401,24915,3039,70197,365,0,62,0,0,0,0,0,0,0,0,0,0,0,0,0,0,0,0,0,3,0,0,0,0,0,0,0,0,0,58,0,44,64,47,0,0,0,0,0,0,0,0,0,0,0,7186,45623,1074,39283,0,0,18817,77,0,0
NC,37133,11847,3917,0,1465,8585,0,127,886,0,0,0,0,0,0,401,0,8303,2,3,28,0,0,0,0,0,0,0,1956,0,0,0,0,0,10,0,1,0,0,0,0,0,0,0,0,0,14,0,1589,0,25745,0,0,0,3,0,0,0,0,0,0,0,10,2373,0,22929,14569,4327,1048,3205,96,157821,4640,55553,15900,130162,9806,0,0,0,0,0,0,0,0,0,0,0,0,0,0,0,0,0,0,0,1,0,0,0,0,0,0,0,0,0,96,0,6,0,43,0,5,0,0,0,0,0,0,0,0,0,11848,3923,1561,16931,0,0,8807,46,0,0
NC,37135,3259,2,0,185,2421,0,0,377,0,0,0,85,0,0,2139,0,674,11,23,16,0,0,0,0,0,0,0,27301,0,0,0,0,0,4,0,2,0,0,0,0,0,0,0,0,0,0,1,0,0,7587,0,0,0,0,0,0,0,0,0,0,0,0,2080,0,22864,6515,2137,585,41,127567,27724,2812,1032,18568,312,6,0,0,0,0,0,0,0,0,0,0,0,0,0,0,0,0,0,0,0,112,16,0,0,0,0,0,0,0,11,33,70,0,0,4,0,0,0,0,0,0,0,0,0,0,30,3457,2,229,3129,196,0,2958,43,0,0
NC,37137,17890,147,0,85,4651,0,4,4,0,0,0,0,0,0,1275,0,9823,0,1,1,0,0,0,0,0,0,0,200,0,0,0,0,16,14,0,0,0,0,0,0,0,0,0,0,0,0,0,164,0,386,0,0,0,0,0,0,0,0,0,0,0,23,7142,0,6471,830,89,11,507,97,59725,1239,18916,3353,63410,25150,0,0,0,0,0,0,0,0,0,0,0,0,0,0,0,0,0,0,0,0,0,0,0,0,0,0,0,0,0,1,0,42,0,40,0,0,0,0,0,0,0,0,0,0,0,17890,189,86,14514,0,0,11141,41,0,0
NC,37139,28481,2129,0,139,26572,0,9,1,0,0,0,0,0,0,158,0,21392,81,8,1,0,0,0,0,4,0,0,381,0,0,0,4,737,0,0,0,0,7,0,0,0,0,0,0,0,62,0,153,0,503,0,15,0,0,0,0,0,0,0,0,0,14,2239,0,7881,2281,888,140,192,847,6744,86,2945,435,40257,733,0,0,0,0,0,0,0,0,0,0,0,0,0,0,0,0,0,0,0,0,0,0,0,0,0,0,0,0,0,7,0,0,0,3,0,0,0,0,0,0,0,0,0,0,0,28481,2129,146,47967,0,0,21557,11,0,0
NC,37141,19783,960,0,170,10651,0,20,139,0,0,0,0,0,0,463,0,9337,1,7,25,0,0,0,0,0,0,0,1847,0,0,0,0,0,194,0,1,0,0,0,0,0,0,1,0,0,2,0,238,0,15944,0,0,0,9,0,0,0,0,0,0,0,3,6388,0,14030,5309,882,94,1307,28,165766,1154,67747,6137,221160,7035,0,0,0,0,0,0,0,0,0,0,0,0,0,1,0,0,1,0,0,1,0,0,0,0,0,0,0,0,0,38,0,1,0,6,3,142,0,0,0,0,0,0,0,0,0,19787,961,208,19997,0,0,9840,13,0,0
NC,37143,17236,8961,0,666,17778,0,339,4,0,0,0,0,0,0,313,0,32496,7,1,0,0,0,0,0,0,0,0,237,0,0,0,0,25,0,0,0,0,20,0,1,0,0,0,0,0,9,0,241,0,506,0,61,0,0,0,0,0,2,0,0,0,15,1919,0,5580,763,123,12,58,1450,19761,401,6647,1023,42310,644,0,0,0,0,0,0,0,0,0,0,0,0,0,0,0,0,0,0,0,9,0,0,0,0,0,0,0,0,0,116,0,1,0,6,0,0,0,0,0,0,0,0,0,0,0,17245,8962,782,50280,0,0,32935,7,0,0
NC,37145,3046,11,0,214,6257,1,1,1719,0,0,0,10,0,0,2759,0,7214,11,16,2,0,0,0,0,0,0,2,15391,0,0,0,0,0,4,0,2,0,0,0,0,0,0,0,0,0,0,2,1,0,18823,0,0,0,0,0,0,0,0,0,0,0,0,8076,0,9114,3021,817,441,107,133510,19680,2883,1589,23558,278,3,0,0,0,0,0,0,0,0,0,0,0,0,0,0,0,0,0,0,0,16,3,0,0,0,0,0,0,0,0,3,11,0,0,1,0,0,0,0,0,0,0,0,0,0,4,3076,11,217,13476,25,0,9992,20,0,0
NC,37147,21795,25707,0,1878,38198,1,4716,3569,0,0,0,0,0,0,1769,0,33528,4,138,15,0,0,0,0,2,0,0,4082,0,0,0,0,0,1279,0,790,0,0,0,3,0,0,0,0,0,361,0,1367,0,14093,0,0,0,2,0,0,0,0,0,0,0,17,3713,0,23624,9472,4605,1309,211,2457,72531,1468,36154,14489,93091,2000,0,0,0,0,0,0,0,0,0,0,2,0,0,0,0,0,3,0,0,56,0,0,0,0,0,0,0,0,0,371,0,4,0,134,0,3,0,0,0,0,0,0,0,0,0,21851,25711,2249,71860,0,0,35728,272,0,0
NC,37149,298,4,0,0,309,0,0,0,1,0,0,11,0,0,50,0,52,27,71,0,0,0,0,0,0,0,3,9392,0,0,0,0,0,11,0,0,0,0,0,1,0,0,4,0,0,0,0,23,0,1776,0,99,1025,0,12,0,0,0,0,0,0,0,712,0,11400,1057,208,63,143,92270,16938,193,543,15964,79,0,0,0,0,0,0,0,0,0,0,0,0,0,0,0,0,9,0,0,0,0,0,0,0,0,0,0,0,0,0,0,0,0,0,0,0,0,0,0,0,0,0,0,0,0,0,298,4,0,361,11,0,102,71,0,0
NC,37151,8600,49,0,350,7317,0,0,589,1,0,0,162,0,0,1986,0,5102,62,83,0,0,0,0,0,0,0,81,60392,0,0,0,0,0,12,0,4,0,0,0,0,0,0,0,0,0,0,4,66,0,8847,0,3,0,0,0,0,0,0,0,0,0,0,3416,0,32010,12764,3432,1576,125,278199,20825,3192,4464,50831,116,16,0,2,0,0,0,0,0,0,0,0,0,0,0,0,0,0,0,0,0,317,10,0,0,0,0,0,0,0,0,187,384,0,0,66,0,0,0,0,0,0,0,0,0,0,78,9311,49,537,12563,624,0,7592,159,0,0
NC,37153,2933,1424,0,689,2303,0,2,41,13,0,0,2,0,0,308,0,1814,24,0,61,0,0,0,0,0,0,0,5240,0,0,0,0,0,3,0,37,0,0,0,0,0,0,0,0,0,0,0,22,0,4917,0,136,0,1,0,0,0,0,0,0,0,0,4047,0,22903,6369,1881,788,2808,58308,106679,2095,8974,46913,23939,216,0,0,0,0,0,0,0,0,0,0,0,0,0,0,0,0,0,0,0,2,2,0,0,0,0,0,0,0,0,1025,1,0,0,4,0,0,2,0,0,0,0,0,0,0,1,2938,1424,1714,4122,4,0,3149,6,0,0
NC,37155,75489,13163,0,2180,34492,7,2012,53,5,0,0,0,0,0,1933,0,59074,23,31,3,0,0,5,0,0,0,0,2499,0,0,0,20,0,1,0,365,0,5,0,0,0,1,0,0,0,0,0,5949,0,49115,0,8,0,148,0,0,0,0,0,0,0,0,2471,0,21282,9403,2585,747,47,868,72719,682,50201,5056,194284,858,0,0,0,0,0,0,0,0,0,0,0,0,0,0,0,0,0,0,0,62,0,0,0,0,0,0,0,0,0,711,0,0,0,42,0,31,0,0,0,0,0,0,0,0,0,75551,13163,2891,93608,0,0,61780,73,0,0
NC,37157,6183,6,0,99,4522,0,0,1956,0,0,0,57,0,0,4152,0,1413,52,218,1,0,0,0,0,0,0,18,27863,0,0,0,0,0,104,0,0,0,0,0,0,0,0,0,0,0,0,1,24,0,12145,0,0,0,0,0,0,0,0,0,0,0,0,4560,0,23339,10030,2565,1186,42,195724,24544,709,1659,42753,292,21,0,1,0,0,0,0,0,0,0,0,0,0,0,0,0,0,0,0,0,14,2,0,0,0,0,0,0,0,0,4,6,0,0,21,0,0,0,0,0,0,0,0,0,0,83,6205,6,103,6039,146,0,5583,241,0,0
NC,37159,17270,524,0,59,10729,6,0,57,13,0,0,76,0,0,530,0,9056,17,7,2,0,0,0,0,0,0,21,37369,0,0,0,0,0,100,0,0,0,0,0,0,0,0,5,0,0,0,6,1,0,10141,0,0,0,0,0,0,0,0,0,0,0,0,7926,0,27913,11098,2915,1239,168,129595,28605,197,441,38195,148,11,0,2,0,0,0,0,0,0,0,0,0,0,0,0,0,0,6,0,0,136,3,0,0,0,0,0,0,0,70,51,113,6,0,12,0,0,0,0,0,0,0,0,0,0,499,17522,530,180,20296,758,0,9779,22,0,0
NC,37161,1293,130,0,0,1872,0,0,3,1,0,0,4,0,0,26,0,1089,5,33,0,0,0,0,0,0,0,10,24047,0,0,0,0,0,38,0,0,0,0,0,0,0,0,27,0,0,0,1,248,0,11065,0,115,590,0,1,0,0,0,0,0,0,0,1755,0,24053,4972,1200,719,462,201192,38979,596,2640,44742,142,0,0,0,0,0,0,0,0,0,0,0,0,0,0,0,0,11,1,0,0,6,1,0,1,0,0,0,0,0,0,0,5,0,0,1,0,0,0,0,0,0,0,0,0,0,1,1305,130,0,2963,10,0,1121,35,0,0
NC,37163,42753,27685,0,2362,32001,1,2846,8431,2,0,0,0,0,0,2866,0,45122,554,8,1181,0,0,0,0,0,0,0,43593,0,0,0,0,0,39,0,3248,0,186,0,1,0,33,22,0,0,2,0,1779,0,14120,0,16,0,26,0,0,0,0,0,0,0,0,3042,0,24155,6112,964,248,171,733,115436,7911,92230,7313,116409,1056,0,0,0,0,0,46,0,0,0,0,15,0,0,4,0,18,33,0,0,90,0,0,0,0,0,0,0,0,0,949,0,0,1,125,0,333,0,0,0,0,0,0,0,0,60,42843,27686,3311,77309,60,0,49027,133,46,0
NC,37165,6983,5817,0,428,5657,14,419,5,0,0,0,0,0,0,690,0,10034,47,4,0,0,0,0,0,0,0,0,1188,0,0,0,0,0,0,0,74,0,0,0,0,0,15,0,0,0,0,0,539,0,11813,0,12,0,4,0,0,0,0,0,0,0,0,1214,0,10778,4149,1232,326,837,5585,60795,411,9784,21111,44969,152,0,0,0,0,0,0,0,0,0,0,0,0,0,0,0,0,0,0,0,0,0,0,0,0,0,0,0,0,0,100,0,0,32,7,0,0,0,0,0,0,0,0,0,0,0,6983,5849,528,15730,0,0,10824,11,0,0
NC,37167,16592,9198,0,29,4781,0,1,2,69,26,0,8,0,0,69,0,14214,1,38,0,0,0,0,0,0,0,25,28333,0,0,0,0,0,6,0,0,0,0,0,0,0,0,0,0,0,0,1,48,41,7123,0,1,0,0,0,0,0,0,0,0,0,0,6337,0,18082,3278,1168,547,62,96757,24361,641,646,25310,105,25,0,5,0,0,0,0,0,0,0,0,0,0,0,0,0,0,0,0,0,63,14,0,0,0,0,0,0,0,2,7,52,88,0,107,0,0,0,0,0,0,0,0,0,0,409,16721,9286,38,19511,471,0,14441,159,0,0
NC,37169,4053,2,0,29,2459,0,0,696,0,0,0,2,0,0,824,0,472,43,131,0,0,0,0,0,0,0,32,22144,0,0,0,0,0,15,0,0,0,0,0,0,0,0,0,0,0,0,1,40,0,6942,0,2,1,0,0,0,0,0,0,0,0,0,3175,0,17736,1744,421,208,76,177580,20078,413,1601,30645,21,7,0,0,0,0,0,0,0,0,0,0,0,0,0,0,0,0,11,0,0,44,21,0,32,0,0,0,0,0,0,4,4,0,0,12,0,0,0,0,0,0,0,0,0,0,19,4122,2,33,2962,25,0,1344,164,0,0
NC,37171,17297,6,0,2,7157,6,0,1086,0,0,0,3,0,0,267,0,2898,2,3,0,0,0,0,0,0,0,5,37732,0,0,0,0,0,189,0,0,0,0,0,0,0,0,0,0,0,0,0,2,0,17213,0,12,7,16,0,0,0,0,0,0,0,0,1019,0,26921,6483,1580,567,73,178808,16734,3291,2412,20814,7,1,0,0,0,0,0,0,0,0,0,0,0,0,0,0,0,0,12,0,0,272,0,0,30,0,0,0,0,0,2,6,29,0,0,12,0,0,0,0,0,0,0,0,0,0,1215,17598,6,10,11282,1249,0,3443,15,0,0
NC,37173,255,0,0,0,10,0,0,0,22,0,0,0,0,0,1,0,0,0,0,0,0,0,0,0,0,0,15,1553,0,0,0,0,2,1,0,0,0,0,0,0,0,0,12,3,0,0,0,4,0,331,0,4,3,0,19,0,0,0,0,0,0,2,6909,0,9468,994,244,26,74,305498,16268,1153,700,2256,16,0,0,0,0,0,0,0,0,0,0,0,21,0,0,1,0,79,0,0,0,2,0,0,1,0,0,0,0,0,0,0,0,0,0,0,0,0,0,0,0,0,0,0,0,0,0,257,0,0,10,0,0,3,0,0,0
NC,37175,3049,1,0,0,702,0,0,3,17,0,0,0,0,0,1,0,5,26,0,0,0,0,0,0,0,0,1,4843,0,0,0,0,0,32,0,0,0,0,0,0,0,0,42,0,0,0,0,383,0,279,0,4,72,0,256,0,0,0,0,0,0,2,1331,0,16056,1648,439,222,157,198816,10092,1038,459,3498,29,0,0,0,0,3,0,0,0,0,0,0,2,0,0,0,0,63,0,0,0,2,0,0,2,0,0,0,0,0,0,0,0,0,0,0,0,0,0,0,0,0,0,0,0,0,0,3051,1,0,707,0,0,8,0,0,0
NC,37177,28099,2529,0,12,8657,1,2,0,0,0,0,0,0,0,17,0,22090,2,12,1,0,0,0,0,0,0,0,165,0,0,0,0,261,0,0,0,0,0,0,0,0,0,0,0,0,1,0,46,0,567,0,6,0,0,0,0,0,3,0,0,0,2,7704,0,5049,588,48,2,30,155,10390,48,4000,1421,155917,7355,0,0,0,0,0,0,0,0,0,0,0,0,0,0,0,0,0,0,0,1,0,0,0,0,0,0,0,0,0,0,0,0,0,1,0,0,0,0,0,0,0,0,0,0,0,28100,2529,12,30748,0,0,22108,13,0,0
NC,37179,47671,1589,0,276,11282,1,1,10,0,1,0,11,0,0,405,0,48595,15,62,0,0,0,0,0,0,0,2,7850,0,0,0,0,0,3,0,2,0,0,0,0,0,0,0,0,0,0,0,26,0,39178,0,0,0,0,0,0,0,0,0,0,0,0,2116,0,31664,13558,3784,1692,994,144113,27748,918,297,24932,222,9,0,56,0,0,0,0,0,0,0,0,0,0,0,0,0,0,1,0,0,37,16,0,0,0,0,0,0,0,0,3,85,0,0,22,0,0,0,0,0,0,0,0,0,0,61,47809,1589,279,59960,157,0,49040,100,0,0
NC,37181,360,155,0,182,5925,0,0,475,0,0,0,0,0,0,829,0,2736,13,104,45,0,0,0,0,2,0,0,5426,0,0,0,0,0,0,0,7,0,5,0,0,0,0,0,0,0,0,0,17,0,11699,0,0,0,0,0,0,0,0,0,0,0,0,10124,0,12219,3580,1360,618,133,59821,30010,7339,1043,17207,1118,3,0,0,0,0,0,0,0,0,0,0,0,0,0,0,0,0,0,0,0,5,0,0,0,0,0,0,0,0,0,103,4,0,0,10,0,0,0,0,0,0,0,0,0,0,0,369,155,285,8671,4,0,3673,114,0,0
NC,37183,938,425,0,1581,15386,0,60,1781,0,0,0,0,0,0,959,0,5333,333,222,107,0,0,0,0,0,0,5,21415,0,0,0,0,0,71,0,364,0,4,0,1,0,2,0,0,0,0,0,265,0,8224,0,3,0,10,0,0,0,0,0,0,0,0,14707,0,105353,50205,20867,5138,1110,119839,94837,14159,1873,55362,6999,126,0,0,0,0,0,0,0,0,0,0,4,0,0,0,0,2,0,0,0,1,2,0,18,0,0,0,0,0,0,228,10,118,0,104,0,0,0,0,0,0,0,0,0,0,2,951,543,1809,20825,12,0,6639,328,0,0
NC,37185,570,1895,0,252,5475,0,24,238,10,0,0,4,0,0,434,0,3768,6,16,111,0,0,0,0,0,0,23,10794,0,0,0,0,0,1,0,1,0,9,0,0,0,0,0,0,0,0,0,1167,1,20072,0,0,0,0,0,0,0,1,0,0,0,0,9260,0,13625,1711,205,22,50,100428,82201,6243,3201,15675,6307,135,0,0,0,0,0,0,0,0,0,0,0,0,0,0,0,0,0,0,0,1,3,0,0,0,0,0,0,0,0,9,2,18,0,66,0,0,0,0,0,0,0,0,0,0,1,576,1913,261,9310,7,0,4230,85,0,0
NC,37187,35958,11848,0,79,14741,0,407,216,0,0,0,0,0,0,534,0,25449,0,57,1,0,0,0,0,314,0,0,178,0,0,0,3,58,0,0,0,0,17,0,0,0,0,0,0,0,12,0,409,0,1359,0,1,0,0,0,0,0,9,0,0,0,101,19431,0,7974,1204,220,15,53,593,27686,300,11050,3895,76031,1004,0,0,0,0,0,0,0,0,0,0,0,0,0,0,0,0,0,0,0,266,0,0,0,0,0,0,0,0,0,5,0,1,0,6,0,0,0,0,0,0,0,0,0,0,0,36224,11849,84,40196,0,0,26255,63,0,0
NC,37189,225,0,0,0,3,0,0,14,0,0,0,0,0,0,0,0,0,0,0,0,0,0,0,0,0,0,52,15339,0,0,0,0,0,5,0,0,0,0,0,0,0,0,12,0,0,0,0,0,0,23,0,0,15,0,665,0,0,0,0,0,0,1,175,0,16405,1680,801,254,650,155869,2080,232,1572,3810,10,0,0,0,0,0,0,0,0,0,0,0,0,0,0,0,0,44,0,0,0,0,0,0,15,0,0,0,0,0,0,0,0,0,0,1,0,10,0,0,0,0,0,0,0,0,0,225,0,0,4,0,0,0,1,0,0
NC,37191,25905,13808,0,3880,24581,0,1949,7196,3,0,0,0,0,0,2155,0,44375,69,11,771,0,0,0,0,0,0,10,18960,0,0,0,0,0,45,0,1447,0,2,0,2,0,0,2,0,0,2,0,376,0,8551,0,1,0,10,0,0,0,9,0,0,0,0,3607,0,21114,7947,3255,1064,123,3927,36722,3196,29724,15358,73039,1722,0,0,0,1,0,0,0,0,0,0,12,0,0,5,0,0,11,0,0,1,9,0,0,0,0,0,0,0,0,1134,0,0,0,114,0,14,0,0,0,0,0,0,0,0,1,25915,13808,5014,69071,1,0,47665,134,0,0
NC,37193,10817,0,0,0,1945,0,0,671,0,0,0,6,0,0,169,0,463,1,170,0,0,0,0,0,0,0,0,39295,0,0,0,0,0,175,0,0,0,0,0,20,0,0,0,0,0,0,0,5,0,14466,0,12,467,0,55,0,0,0,0,0,0,0,1790,0,21963,4783,1226,418,88,332978,17518,6292,6419,23360,20,2,0,0,0,0,0,0,0,0,0,0,0,0,0,0,0,1,1,0,0,321,17,0,8,0,0,0,0,0,0,14,138,0,0,1,0,0,0,0,0,0,0,0,0,0,93,11293,0,14,2502,237,0,967,188,0,0
NC,37195,9340,16256,0,1866,29291,0,1717,6492,6,0,0,0,0,0,737,0,14099,7,1,203,0,0,0,0,0,0,0,8507,0,0,0,0,0,38,0,2689,0,79,0,21,0,0,0,0,0,2,0,249,0,3244,0,0,0,5,0,0,0,0,0,0,0,0,3721,0,14787,7795,2575,788,158,9251,31018,1884,11767,15241,45638,604,0,0,0,5,0,0,0,0,0,0,27,0,0,10,0,0,12,0,0,1,0,0,0,0,0,0,0,0,0,111,0,0,1,4,0,6,0,0,0,0,0,0,0,0,0,9341,16257,1977,43395,0,0,14948,5,0,0
NC,37197,18269,3,0,37,11831,5,0,1581,0,0,0,5,0,0,202,0,6299,0,52,5,0,0,0,0,0,0,17,19641,0,0,0,0,0,348,0,1,0,0,0,0,0,0,0,0,0,0,0,3,0,21353,0,2,2,0,0,0,0,0,0,0,0,0,1170,0,14621,2859,533,209,17,91694,7234,204,1086,15572,8,0,0,1,0,0,0,0,0,0,0,0,0,0,0,0,0,0,2,0,0,141,2,0,1,0,0,0,0,0,0,28,447,0,0,18,0,0,0,0,0,0,0,0,0,0,486,18859,3,65,18634,938,0,6670,72,0,0
NC,37199,266,0,0,0,31,0,0,2,0,0,0,0,0,0,0,0,1,0,0,0,0,0,0,0,0,0,7,5759,0,0,0,0,0,13,0,0,0,0,0,0,0,0,2,0,0,0,0,5,0,56,0,0,224,0,731,0,0,0,0,0,0,2,209,0,10446,627,170,39,93,170600,5289,1101,583,3972,1,0,0,0,0,0,0,0,0,0,0,0,0,0,0,0,0,133,12,0,0,11,0,0,0,0,0,0,0,0,0,0,0,0,0,0,0,7,0,0,0,0,0,0,0,0,0,277,0,0,32,0,0,12,0,0,0
ND,38001,27925,0,0,224,109,21028,0,0,0,0,0,3084,5824,178417,3153,0,0,77,1899,379,0,13286,1150,1299,0,128,10585,39264,0,52,0,58,0,0,0,0,0,0,0,0,1,6034,0,0,0,0,0,0,0,1643,0,0,0,0,0,0,0,0,0,0,0,0,845,0,19996,1586,151,20,30,348,30,6,143,290185,3854,38,0,5,0,0,0,0,0,0,0,0,0,0,0,0,0,0,0,0,0,0,0,0,0,0,0,0,0,0,0,0,0,0,0,0,0,0,0,0,0,0,0,0,0,0,0,27925,0,224,109,3084,5824,3153,1899,0,0
ND,38003,199022,0,0,0,372623,666,0,0,0,0,0,3023,0,73625,45,0,22,15,217,12,0,113,0,0,0,0,6638,5876,0,1,4,2691,34,0,0,0,0,0,0,0,0,52,0,0,0,0,0,0,0,1949,0,0,0,0,0,0,0,0,0,0,0,0,32876,0,39275,2795,723,48,64,6797,604,121,30,139310,3785,75362,0,0,0,0,0,0,0,0,0,0,0,0,0,0,0,0,0,0,0,0,0,0,0,0,0,0,0,0,0,0,0,0,0,0,0,0,0,0,0,22,0,0,0,0,0,199022,0,0,372645,3023,0,67,217,0,0
ND,38005,65603,0,0,272,149008,596,0,0,0,0,0,14933,207,103010,1658,0,0,3,626,139,0,10447,205,0,0,0,7056,42181,0,4,0,9151,4,0,0,0,0,0,0,0,2,451,0,0,0,0,4,0,0,91919,0,0,0,0,0,0,0,0,0,0,0,0,94119,0,35007,2224,166,31,66,6662,120,0,2,196219,9145,79879,0,0,0,0,0,0,0,0,0,0,0,0,0,0,0,0,0,0,0,0,0,0,0,0,0,0,0,0,0,0,0,0,0,0,0,0,0,0,0,0,0,0,0,0,0,65603,0,272,149008,14933,207,1658,626,0,0
ND,38007,3321,0,0,17,68,4783,0,0,0,0,0,1890,448,31368,1913,0,0,0,1208,40,0,755,50,54,0,1,6273,36339,0,0,0,7,0,0,0,0,0,0,0,0,36,1067,0,0,0,0,0,0,0,5456,0,0,0,0,0,0,0,0,0,0,0,0,2666,0,8908,1584,24,6,11489,48234,17268,1399,36219,510655,4498,124,0,1,0,0,0,0,0,0,0,0,0,0,0,0,0,0,0,0,0,0,0,0,0,0,0,0,0,0,0,0,0,0,0,0,0,0,0,0,0,0,0,0,0,0,0,3321,0,17,68,1890,448,1913,1208,0,0
ND,38009,43058,0,0,43,27757,19265,0,0,0,0,0,75388,3491,161923,1866,0,0,3,481,131,0,40740,3530,0,0,112,8465,28439,0,2,0,610,36,0,0,0,0,0,0,0,4,7530,0,0,0,0,2,0,0,64215,0,0,0,0,0,0,0,0,0,0,0,0,25547,0,46475,2689,266,39,52,52051,9,0,1,369627,2511,99942,0,0,0,0,0,0,0,0,0,0,0,0,0,0,0,0,0,0,0,0,0,0,0,0,0,0,0,0,0,0,0,0,0,0,0,0,0,0,0,0,0,0,0,0,0,43058,0,43,27757,75388,3491,1866,481,0,0
ND,38011,23375,0,0,126,29,7683,0,0,0,0,0,4912,14898,109425,979,0,0,3,1469,448,0,4596,2065,1873,0,15,23714,44284,0,6,0,61,4,0,0,0,0,0,0,0,22,10245,0,0,0,0,0,0,0,6307,0,0,0,0,0,0,0,0,0,0,0,0,3110,0,20690,2087,240,37,195,168,447,5,16836,443904,2287,298,0,4,0,0,0,0,0,0,0,0,0,0,0,0,0,0,0,0,0,0,0,0,0,0,0,0,0,0,0,0,0,0,0,0,0,0,0,0,0,0,0,0,0,0,0,23375,0,126,29,4912,14898,979,1469,0,0
ND,38013,2946,0,0,9,1638,1785,0,0,0,0,0,17396,29713,95339,2728,0,0,1,755,107,0,49705,7743,149,0,346,4085,24775,0,22,1,55,4,0,0,0,0,0,0,0,2505,25633,0,0,0,0,1,0,0,24570,0,0,0,0,0,0,0,0,0,0,0,0,18050,0,26363,3986,159,8,634,4003,8,16,176,349833,774,26516,0,2,0,0,0,0,0,0,0,0,0,0,0,0,0,0,0,0,0,0,0,0,0,0,0,0,0,0,0,0,0,0,0,0,0,0,0,0,0,0,0,0,0,0,0,2946,0,9,1638,17396,29713,2728,755,0,0
ND,38015,71241,0,0,644,33195,28240,0,0,0,0,0,12235,848,87509,3124,0,0,8,2693,593,0,4761,1370,0,0,8,13236,42810,0,447,0,3399,14,1,0,0,0,0,0,0,0,3370,0,0,0,0,15,0,0,4140,0,0,0,0,0,0,0,0,0,0,0,0,35848,0,42943,8545,2992,1013,657,2641,14,16,7,621312,9421,28065,0,162,0,0,0,0,0,0,0,0,0,0,0,0,0,0,0,0,0,4,0,0,0,0,0,0,0,0,0,0,0,0,0,0,0,0,0,0,0,1,0,0,0,0,0,71245,0,644,33195,12235,848,3128,2693,0,0
ND,38017,365756,0,0,0,480076,950,0,0,0,0,0,2942,0,77889,96,0,0,0,179,45,0,30,0,0,0,0,3943,2233,0,0,17734,2781,33,0,0,0,0,0,0,0,0,5,0,0,0,0,0,17,0,3412,0,0,0,0,0,0,0,0,0,0,0,0,12440,0,56962,18299,8144,3400,123,9985,38,9,116,27876,10267,25656,0,0,0,0,0,0,0,0,0,0,0,0,0,0,0,0,0,0,0,0,0,0,0,0,0,0,0,0,0,0,0,0,0,0,0,0,0,0,0,0,0,0,0,0,0,365756,0,0,480076,2942,0,96,179,0,0
ND,38019,2142,0,0,61,77420,154,0,0,0,0,0,13501,141,263693,2280,0,0,0,75,1,0,192529,949,0,0,0,1082,3863,0,0,17,6574,107,0,0,0,0,0,0,0,0,80,0,0,0,0,0,0,0,79557,0,0,0,0,0,0,0,0,0,0,0,0,6181,0,36989,2613,435,77,60,36029,435,3,0,70302,3143,165762,0,0,0,0,0,0,0,0,0,0,0,0,0,0,0,0,0,0,0,0,0,0,0,0,0,0,0,0,0,0,0,0,0,0,0,0,0,0,0,0,0,0,0,0,0,2142,0,61,77420,13501,141,2280,75,0,0
ND,38021,200711,0,0,7,188803,1013,0,0,0,0,0,544,0,14332,75,0,0,1,272,3,0,8,4,0,0,0,11798,17557,0,1,5,1473,1410,62,0,0,0,0,0,0,0,10,0,0,0,0,0,0,0,1780,0,0,0,0,0,0,0,0,0,0,0,0,23548,0,26526,786,410,116,63,7494,7,2,1500,173497,349,56489,0,0,0,0,0,0,0,0,0,0,0,0,0,0,0,0,0,0,0,0,0,0,0,0,0,0,0,0,0,0,0,0,0,0,0,0,0,0,0,2,0,0,0,0,0,200711,0,7,188803,544,0,75,272,0,0
ND,38023,7991,0,0,71,2686,109,0,0,0,0,0,5344,152771,51177,8330,0,0,0,911,92,0,12001,7544,179,0,2098,14734,19027,0,17,20,453,6,0,0,0,0,0,0,0,39931,69822,0,0,0,0,0,0,0,55034,0,0,0,0,0,0,0,0,0,0,0,0,30089,0,30253,2562,247,2,504,469,20,22,2542,285752,500,24746,0,0,0,0,0,0,0,0,0,0,0,0,0,0,0,0,0,0,0,0,0,0,0,0,0,0,0,0,0,0,0,0,0,0,0,0,0,0,0,0,0,0,0,0,0,7991,0,71,2686,5344,152771,8330,911,0,0
ND,38025,25079,0,0,371,460,11262,0,0,0,0,0,6778,1280,143950,8489,0,0,174,6877,404,0,5588,1165,192,0,334,12900,73786,0,1725,0,25,0,0,0,0,0,0,0,0,114,1236,0,0,0,0,25,0,0,16808,0,0,0,0,0,0,0,0,0,0,0,0,33938,0,28161,1843,45,5,11280,106744,3893,1184,6782,803683,6568,9426,0,25,0,0,0,0,0,0,0,0,0,0,0,0,0,0,0,0,0,1,0,0,0,0,0,0,0,0,0,0,0,0,0,0,0,0,0,0,0,0,0,0,0,0,0,25080,0,371,460,6778,1280,8490,6877,0,0
ND,38027,30058,0,0,41,84739,61,0,0,0,0,0,5798,21,28906,544,0,1,10,402,88,0,878,31,0,0,0,6207,49105,0,0,0,897,0,0,0,0,0,0,0,0,0,425,0,0,0,0,21,0,0,6435,0,0,0,0,0,0,0,0,0,0,0,0,14971,0,15500,531,51,8,141,4616,49,0,1,116354,2908,42487,0,0,0,0,0,0,0,0,0,0,0,0,0,0,0,0,0,0,0,0,0,0,0,0,0,0,0,0,0,0,0,0,0,0,0,0,0,0,0,0,0,0,0,0,0,30058,0,41,84740,5798,21,545,402,0,0
ND,38029,152521,0,0,237,54150,64220,0,0,0,0,0,3500,5,85973,2558,0,0,18,6499,679,0,669,69,0,0,0,16648,19335,0,5,0,28,882,2,0,0,0,0,0,0,107,1821,0,0,0,0,2,0,0,3699,0,0,0,0,0,0,0,0,0,0,0,0,14219,0,30342,2030,266,86,378,2004,13,0,57,504468,1908,25593,0,9,0,0,0,0,0,0,0,0,0,0,0,0,0,0,0,0,0,9,0,0,0,0,0,0,0,0,0,0,0,0,0,0,0,0,0,0,0,0,0,0,0,0,0,152530,0,237,54150,3500,5,2567,6499,0,0
ND,38031,72828,0,0,18,142114,19,0,0,0,0,0,8437,2,32312,159,0,1,48,586,8,0,658,18,0,0,0,3792,11964,0,1,0,808,8,0,0,0,0,0,0,0,0,64,0,0,0,0,3,0,0,4174,0,0,0,0,0,0,0,0,0,0,0,0,10982,0,17941,972,129,38,24,1767,38,0,10,49352,1466,53145,0,0,0,0,0,0,0,0,0,0,0,0,0,0,0,0,0,0,0,0,0,0,0,0,0,0,0,0,0,0,0,0,0,0,0,0,0,0,0,1,0,0,0,0,0,72828,0,18,142115,8437,2,160,586,0,0
ND,38033,7256,0,0,139,8,6399,0,0,0,0,0,1421,9861,43047,4353,0,0,0,4810,333,0,1394,12,261,0,268,6408,28488,0,961,30,413,2,0,0,0,0,0,0,0,6713,9542,0,0,0,0,0,0,0,10808,0,0,0,0,0,0,0,0,0,0,0,0,658,0,11397,1533,128,11,5187,15188,2559,538,20215,438088,2932,130,0,0,0,0,0,0,0,0,0,0,0,0,0,0,0,0,0,0,0,0,0,0,0,0,0,0,0,0,0,0,0,0,0,0,0,0,0,0,0,0,0,0,0,0,0,7256,0,139,8,1421,9861,4353,4810,0,0
ND,38035,125500,0,0,0,185919,2089,0,0,0,0,0,5377,22,148788,186,0,6,0,90,7,0,1587,30,0,0,0,3812,78801,0,0,29074,66216,28279,0,0,0,0,0,0,0,0,184,0,0,0,0,0,0,0,39185,0,0,0,0,0,0,0,0,0,0,0,0,15230,0,45963,9379,3716,1335,56,16549,407,1419,4,46258,13918,52038,0,0,0,0,0,0,0,0,0,0,0,0,0,0,0,0,0,0,0,35,0,0,0,0,0,0,0,0,0,0,0,0,0,0,0,0,0,0,0,0,0,0,0,0,0,125535,0,0,185925,5377,22,227,90,0,0
ND,38037,61863,0,0,1623,1221,31283,0,0,0,0,0,3503,529,135617,2911,0,0,1978,9606,2769,0,4443,1032,158,0,15,9024,67730,0,0,0,243,0,0,0,0,0,0,0,0,1,749,0,0,0,0,14,0,0,5901,0,0,0,0,0,0,0,0,0,0,0,0,5190,0,32109,922,83,7,612,8667,16,18,14,665126,11002,157,0,27,0,0,0,0,0,0,0,0,0,0,0,0,0,0,0,0,0,2,0,0,0,0,0,0,0,0,0,0,0,0,0,0,0,0,0,0,0,0,0,0,0,0,0,61865,0,1623,1221,3503,529,2913,9606,0,0
ND,38039,51848,0,0,0,125786,480,0,0,0,0,0,4032,0,55951,134,0,124,0,237,16,0,716,0,0,0,0,6229,9739,0,0,4,4602,6,0,0,0,0,0,0,0,0,210,0,0,0,0,0,0,0,1369,0,0,0,0,0,0,0,0,0,0,0,0,12930,0,18122,862,101,19,25,3836,172,19,2,115249,3763,41763,0,0,0,0,0,0,0,0,0,0,0,0,0,0,0,0,0,0,0,0,0,0,0,0,0,0,0,0,0,0,0,0,0,0,0,0,0,0,0,2,0,0,0,0,0,51848,0,0,125910,4032,0,258,237,0,0
ND,38041,42608,0,0,331,85,14040,0,0,0,0,0,3101,8570,300074,6745,0,0,11,859,563,0,53414,1605,774,0,10,3834,44448,0,12,0,9,0,0,0,0,0,0,0,0,3,3098,0,0,0,0,0,0,0,2929,0,0,0,0,0,0,0,0,0,0,0,0,1294,0,26089,1334,98,9,139,733,2,5,84,205046,3551,44,0,4,0,0,0,0,0,0,0,0,0,0,0,0,0,0,0,0,0,0,0,0,0,0,0,0,0,0,0,0,0,0,0,0,0,0,0,0,0,0,0,0,0,0,0,42608,0,331,85,3101,8570,6745,859,0,0
ND,38043,44234,0,0,738,47192,7485,0,0,0,0,0,4529,3,43060,3361,0,20,150,2846,600,0,1394,4301,0,0,0,15084,58476,0,636,0,131,3970,1,0,0,0,0,0,0,119,1192,0,0,0,0,350,0,0,3102,0,0,0,0,0,0,0,0,0,0,0,0,92971,0,27242,1112,124,15,935,371,4,0,16,522378,141,28738,0,15,0,0,0,0,0,0,0,0,0,0,0,0,0,0,0,0,0,197,0,0,0,0,0,0,0,0,0,0,0,0,0,0,0,0,0,0,0,6,1,0,0,0,0,44431,0,738,47212,4529,3,3578,2846,0,0
ND,38045,197311,0,0,114,255337,1002,0,0,0,0,0,1052,0,27881,141,0,0,20,222,73,0,123,24,0,0,0,7424,6515,0,98,1,3744,184,9,0,0,0,0,0,0,0,134,0,0,0,0,1,0,0,813,0,0,0,0,0,0,0,0,0,0,0,0,21445,0,30676,1024,349,73,60,4756,42,4,669,127677,863,46629,0,0,0,0,0,0,0,0,0,0,0,0,0,0,0,0,0,0,0,0,0,0,0,0,0,0,0,0,0,0,0,0,0,0,0,0,0,0,0,0,0,0,0,0,0,197311,0,114,255337,1052,0,141,222,0,0
ND,38047,60928,0,0,378,80100,7558,0,0,0,0,0,2950,2,43386,740,0,0,409,2030,176,0,31,347,0,0,0,6408,25101,0,12,0,18,139,4,0,0,0,0,0,0,0,103,0,0,0,0,16,0,0,386,0,0,0,0,0,0,0,0,0,0,0,0,52570,0,20312,969,139,33,55,319,2,0,297,331484,85,9570,0,6,0,0,0,0,0,0,0,0,0,0,0,0,0,0,0,0,0,0,0,0,0,0,0,0,0,0,0,0,0,0,0,0,0,0,0,0,0,4,0,0,0,0,0,60928,0,378,80100,2950,2,740,2030,0,0
ND,38049,58596,0,0,26,33658,7738,0,0,0,0,0,11331,162,111713,2205,0,0,0,809,333,0,19505,1468,0,0,26,20979,111190,0,1,0,978,1058,0,0,0,0,0,0,0,0,1161,0,0,0,0,36,0,0,115707,0,0,0,0,0,0,0,0,0,0,0,0,29231,0,49697,1885,116,29,153,14834,12,0,0,513965,18738,96177,0,0,0,0,0,0,0,0,0,0,0,0,0,0,0,0,0,0,0,0,0,0,0,0,0,0,0,0,0,0,0,0,0,0,0,0,0,0,0,0,0,0,0,0,0,58596,0,26,33658,11331,162,2205,809,0,0
ND,38051,64629,0,0,157,106966,16352,0,0,0,0,0,1309,111,54527,2564,0,0,57,1631,330,0,359,323,0,0,0,7108,32062,0,8,0,4,0,77,0,0,0,0,0,0,0,156,0,0,0,0,2,0,0,751,0,0,0,0,0,0,0,0,0,0,0,0,49400,0,22849,775,221,69,18,787,2,0,1151,270237,61,1762,0,2,0,0,0,0,0,0,0,0,0,0,0,0,0,0,0,0,0,0,0,0,0,0,0,0,0,0,0,0,0,0,0,0,0,0,0,0,0,0,0,0,0,0,0,64629,0,157,106966,1309,111,2564,1631,0,0
ND,38053,7359,0,0,712,1150,548,0,0,0,0,0,14539,59392,125024,1829,0,0,0,5328,1943,0,7880,2004,3981,0,75,29608,39490,0,18,8575,128,2,0,0,0,0,0,0,0,4319,12832,0,0,0,0,85,0,0,52437,0,0,0,0,0,0,0,0,0,0,0,0,36196,0,32476,4625,131,19,25789,141757,19862,7454,54632,1073998,22575,32153,0,2,0,0,0,0,0,0,0,0,0,0,0,0,0,0,0,0,0,0,0,0,0,0,0,0,0,0,0,0,0,0,0,0,0,0,0,0,0,0,0,0,0,0,0,7359,0,712,1150,14539,59392,1829,5328,0,0
ND,38055,88099,0,0,57,43781,31299,0,0,0,0,0,15868,16524,282204,10156,0,0,1,1969,520,0,63909,19213,8,0,559,10031,34065,0,131,0,19702,283,0,0,0,0,0,0,0,2722,34016,0,0,0,0,9,2,0,29874,0,0,0,0,0,0,0,0,0,0,0,0,154330,0,56364,3413,284,36,2560,14203,3,6,33,477628,18274,57635,0,0,0,0,0,0,0,0,0,0,0,0,0,0,0,0,0,0,0,1,0,0,0,0,0,0,0,0,0,0,0,0,0,0,0,0,0,0,0,0,0,0,0,0,0,88100,0,57,43781,15868,16524,10157,1969,0,0
ND,38057,25540,0,0,31,2870,9168,0,0,0,0,0,10122,426,76342,1640,0,0,3,2609,331,0,13212,2584,7,0,18,7749,40013,0,4,0,404,126,1,0,0,0,0,0,0,74,4893,0,0,0,0,32,0,0,9211,0,0,0,0,0,0,0,0,0,0,0,0,41373,0,22867,2463,491,112,2690,23694,8,34,179,391387,15502,3447,0,40,0,0,0,0,0,0,0,0,0,0,0,0,0,0,0,0,0,239,0,0,0,0,0,0,0,0,0,0,0,0,0,0,0,0,0,0,0,0,0,0,0,0,0,25779,0,31,2870,10122,426,1879,2609,0,0
ND,38059,70349,0,0,1327,7870,29743,0,0,0,0,0,10728,962,173103,4650,0,0,319,10722,1194,0,2941,1674,1,0,10,13536,51968,0,4,0,197,15,0,0,0,0,0,0,0,35,1505,0,0,0,0,89,0,0,5855,0,0,0,0,0,0,0,0,0,0,0,0,8033,0,37460,5261,1309,130,689,18861,12,6,85,752215,23584,8431,0,6,0,0,0,0,0,0,0,0,0,0,0,0,0,0,0,0,0,14,0,0,0,0,0,0,0,0,35,0,0,0,0,0,0,0,0,0,0,0,0,0,0,0,0,70363,0,1362,7870,10763,962,4664,10722,0,0
ND,38061,8999,0,0,16,5231,9193,0,0,0,0,0,18323,62504,169230,3243,0,0,2,2475,153,0,76321,17583,122,0,498,8304,42324,0,17,0,720,2,0,0,0,0,0,0,0,1951,53576,0,0,0,0,13,0,0,27430,0,0,0,0,0,0,0,0,0,0,0,0,62904,0,38036,3861,220,40,2698,20958,87,225,792,576007,2700,25541,0,1,0,0,0,0,0,0,0,0,0,0,0,0,0,0,0,0,0,0,0,0,0,0,0,0,0,0,0,0,0,0,0,0,0,0,0,0,0,0,0,0,0,0,0,8999,0,16,5231,18323,62504,3243,2475,0,0
ND,38063,27201,0,0,22,119230,465,0,0,0,0,0,6227,2,86772,1746,0,5,0,241,54,0,11006,29,0,0,0,3289,18170,0,0,7,9881,44,0,0,0,0,0,0,0,0,301,0,0,0,0,100,0,0,42163,0,0,0,0,0,0,0,0,0,0,0,0,41217,0,24444,1815,180,17,21,4077,54,4,0,91305,2165,153329,0,0,0,0,0,0,0,0,0,0,0,0,0,0,0,0,0,0,0,0,0,0,0,0,0,0,0,0,0,0,0,0,0,0,0,0,0,0,0,0,0,0,0,0,0,27201,0,22,119235,6227,2,1751,241,0,0
ND,38065,22731,0,0,367,4440,10077,0,0,0,0,0,3808,120,59898,164,0,0,6,2624,299,0,4654,2121,0,0,56,7575,27135,0,2,0,1744,5,0,0,0,0,0,0,0,238,3819,0,0,0,0,42,0,0,5094,0,0,0,0,0,0,0,0,0,0,0,0,6093,0,15528,552,73,12,979,11164,1,3,61,259594,15216,1656,0,1,0,0,0,0,0,0,0,0,0,0,0,0,0,0,0,0,0,0,0,0,0,0,0,0,0,0,0,0,0,0,0,0,0,0,0,0,0,0,0,0,0,0,0,22731,0,367,4440,3808,120,164,2624,0,0
ND,38067,37529,0,0,0,127450,1331,0,0,0,0,0,3716,0,182884,1040,0,0,2,42,10,0,2541,0,0,0,0,1351,17866,0,0,53076,68748,48920,0,0,0,0,0,0,0,0,0,0,0,0,0,0,2,0,8967,0,0,0,0,0,0,0,0,0,0,0,0,42072,0,34044,2941,755,94,50,19986,353,12,23,14244,22714,24986,0,0,0,0,0,0,0,0,0,0,0,0,0,0,0,0,0,0,0,6,0,0,0,0,0,0,0,0,0,0,0,0,0,0,0,0,0,0,0,0,0,0,0,0,0,37535,0,0,127450,3716,0,1046,42,0,0
ND,38069,48832,0,0,6,77860,639,0,0,0,0,0,7115,325,105570,576,0,0,1,668,104,0,20927,189,0,0,0,9134,47629,0,0,0,894,16,0,0,0,0,0,0,0,0,776,0,0,0,0,16,0,0,32570,0,0,0,0,0,0,0,0,0,0,0,0,54035,0,26605,1730,228,56,215,1813,52,0,2,190065,1166,62744,0,0,0,0,0,0,0,0,0,0,0,0,0,0,0,0,0,0,0,0,0,0,0,0,0,0,0,0,0,0,0,0,0,0,0,0,0,0,0,0,0,0,0,0,0,48832,0,6,77860,7115,325,576,668,0,0
ND,38071,29308,0,0,148,108930,122,0,0,0,0,0,17399,50,97952,3894,0,0,1,63,11,0,42051,13,0,0,0,1217,12836,0,0,0,6568,2,0,0,0,0,0,0,0,0,177,0,0,0,0,2,0,0,114443,0,0,0,0,0,0,0,0,0,0,0,0,104783,0,30090,3940,574,177,49,2845,28,0,0,61735,2914,190207,0,0,0,0,0,0,0,0,0,0,0,0,0,0,0,0,0,0,0,0,0,0,0,0,0,0,0,0,0,0,0,0,0,0,0,0,0,0,0,0,0,0,0,0,0,29308,0,148,108930,17399,50,3894,63,0,0
ND,38073,138277,0,0,5,127796,248,0,0,0,0,0,141,0,25412,98,0,0,28,55,27,0,5,0,0,0,0,5212,6275,0,0,190,3395,1356,0,0,0,0,0,0,0,0,292,0,0,0,0,0,1,0,1400,0,0,0,0,0,0,0,0,0,0,0,0,9623,0,19690,1516,370,81,54,11928,111,12,6,150941,6634,41791,0,0,0,0,0,0,0,0,0,0,0,0,0,0,0,0,0,0,0,0,0,0,0,0,0,0,0,0,0,0,0,0,0,0,0,0,0,0,0,57,9,0,0,0,0,138277,0,5,127796,141,0,98,55,0,0
ND,38075,12866,0,0,4,9470,9317,0,0,0,0,0,33487,3990,82032,835,0,0,0,369,227,0,34664,3810,11,0,638,1893,6528,0,8,0,46,5,0,0,0,0,0,0,0,112,16387,0,0,0,0,0,0,0,12821,0,0,0,0,0,0,0,0,0,0,0,0,10842,0,23450,2442,101,12,38,1132,1,0,1,257799,1150,44222,0,0,0,0,0,0,0,0,0,0,0,0,0,0,0,0,0,0,0,0,0,0,0,0,0,0,0,0,0,0,0,0,0,0,0,0,0,0,0,0,0,0,0,0,0,12866,0,4,9470,33487,3990,835,369,0,0
ND,38077,311550,0,0,0,302435,1611,0,0,0,0,0,719,0,46475,6,0,0,0,204,48,0,2,0,0,0,0,1785,5775,0,0,25756,681,268,0,0,0,0,0,0,0,0,8,0,0,0,0,0,0,0,513,0,0,0,0,0,0,0,0,0,0,0,0,25085,0,40462,5192,1825,296,323,14312,81,0,6,80778,11512,47523,0,0,0,0,0,0,0,0,0,0,0,0,0,0,0,0,0,0,0,0,0,0,0,0,0,0,0,0,0,0,0,0,0,0,0,0,0,0,0,0,0,0,0,0,0,311550,0,0,302435,719,0,6,204,0,0
ND,38079,15693,0,0,11,15945,1660,0,0,0,0,0,8871,4311,76502,764,0,0,1,733,149,0,30971,867,1,0,2,13085,14552,0,0,0,744,33,0,0,0,0,0,0,0,0,1623,0,0,0,0,2,0,0,27561,0,0,0,0,0,0,0,0,0,0,0,0,35908,0,25282,2171,300,65,18,83140,43,0,6,174940,995,64083,0,0,0,0,0,0,0,0,0,0,0,0,0,0,0,0,0,0,0,0,0,0,0,0,0,0,0,0,0,0,0,0,0,0,0,0,0,0,0,0,0,0,0,0,0,15693,0,11,15945,8871,4311,764,733,0,0
ND,38081,159177,0,0,0,156936,325,0,0,0,0,0,35,0,17753,17,0,0,0,22,6,0,1,0,0,0,0,2106,4199,0,0,397,356,1670,0,0,0,0,0,0,0,0,3,0,0,0,0,0,0,0,2161,0,0,0,0,0,0,0,0,0,0,0,0,27266,0,20835,943,292,89,25,5207,1,0,3,86164,502,68426,0,0,0,0,0,0,0,0,0,0,0,0,0,0,0,0,0,0,0,0,0,0,0,0,0,0,0,0,0,0,0,0,0,0,0,0,0,0,0,0,0,0,0,0,0,159177,0,0,156936,35,0,17,22,0,0
ND,38083,25765,0,0,192,42968,3361,0,0,0,0,0,6719,215,78798,652,0,0,0,415,44,0,8765,4566,0,0,6,1723,18941,0,39,0,625,2,0,0,0,0,0,0,0,0,642,0,0,0,0,11,0,0,43803,0,0,0,0,0,0,0,0,0,0,0,0,48746,0,23615,634,43,8,11,1072,3,2,0,286898,641,43776,0,0,0,0,0,0,0,0,0,0,0,0,0,0,0,0,0,0,0,0,0,0,0,0,0,0,0,0,0,0,0,0,0,0,0,0,0,0,0,0,0,0,0,0,0,25765,0,192,42968,6719,215,652,415,0,0
ND,38085,13851,0,0,58,1002,15231,0,0,0,0,0,865,54,30315,211,0,0,423,3052,2376,0,15,30,0,0,1,9555,24343,0,0,0,10,4,0,0,0,0,0,0,0,0,10,0,0,0,0,0,0,0,370,0,0,0,0,0,0,0,0,0,0,0,0,8907,0,9607,548,62,2,682,7394,11,4,23,570623,9350,13112,0,4,0,0,0,0,0,0,0,0,0,0,0,0,0,0,0,0,0,0,0,0,0,0,0,0,0,0,0,0,0,0,0,0,0,0,0,0,0,0,0,0,0,0,0,13851,0,58,1002,865,54,211,3052,0,0
ND,38087,9189,0,0,115,127,4418,0,0,0,0,0,7571,16510,141252,1054,0,0,2,1544,179,0,10499,791,372,0,5,11131,38094,0,2,0,32,0,0,0,0,0,0,0,0,498,7024,0,0,0,0,0,0,0,2020,0,0,0,0,0,0,0,0,0,0,0,0,2491,0,18789,1157,15,0,1173,6373,3508,210,22714,468539,2774,112,0,5,0,0,0,0,0,0,0,0,0,0,0,0,0,0,0,0,0,0,0,0,0,0,0,0,0,0,0,0,0,0,0,0,0,0,0,0,0,0,0,0,0,0,0,9189,0,115,127,7571,16510,1054,1544,0,0
ND,38089,36222,0,0,80,416,15099,0,0,0,0,0,6012,9450,247068,4427,0,0,42,3699,414,0,12269,1842,653,0,11,7710,68265,0,36,0,74,0,0,0,0,0,0,0,0,77,789,0,0,0,0,6,0,0,9878,0,0,0,0,0,0,0,0,0,0,0,0,1638,0,32167,6469,1465,206,1675,6261,50,34,963,375843,6218,141,0,162,0,0,0,0,0,0,0,0,0,0,0,0,0,0,0,0,0,1,0,0,0,0,0,0,0,0,1,0,0,0,0,0,0,0,0,0,0,41,0,0,0,0,0,36223,0,81,416,6013,9450,4428,3699,0,0
ND,38091,118784,0,0,0,169017,38,0,0,0,0,0,2595,0,44807,212,0,8,0,52,1,0,540,0,0,0,0,1486,1819,0,0,1292,25671,63,0,0,0,0,0,0,0,0,5,0,0,0,0,0,0,0,971,0,0,0,0,0,0,0,0,0,0,0,0,5348,0,18216,614,119,12,17,5139,169,213,4,31406,4672,24614,0,0,0,0,0,0,0,0,0,0,0,0,0,0,0,0,0,0,0,2,0,0,0,0,0,0,0,0,0,0,0,0,0,0,0,0,0,0,0,0,0,0,0,0,0,118786,0,0,169025,2595,0,222,52,0,0
ND,38093,225018,0,0,366,438290,964,0,0,0,0,0,3399,3,62011,956,0,4,34,878,111,0,1150,555,0,0,0,10821,27983,0,59,1,3026,1085,2,0,0,0,0,0,0,0,1356,0,0,0,0,48,0,0,4306,0,0,0,0,0,0,0,0,0,0,0,0,106032,0,55685,5218,1843,216,72,4377,62,2,130,415287,1706,97782,0,1,0,0,0,0,0,0,0,0,0,0,0,0,0,0,0,0,0,1,0,0,0,0,0,0,0,0,0,0,0,0,0,0,0,0,0,0,0,1,1,0,0,0,0,225019,0,366,438294,3399,3,961,878,0,0
ND,38095,19167,0,0,38,62771,73,0,0,0,0,0,8133,1916,120272,1759,0,0,4,186,44,0,57202,251,0,0,1,1579,9113,0,3,0,2546,104,0,0,0,0,0,0,0,0,2572,0,0,0,0,10,0,0,122230,0,0,0,0,0,0,0,0,0,0,0,0,9724,0,24352,1042,123,19,12,1965,98,0,2,135745,636,82797,0,0,0,0,0,0,0,0,0,0,0,0,0,0,0,0,0,0,0,0,0,0,0,0,0,0,0,0,0,0,0,0,0,0,0,0,0,0,0,0,0,0,0,0,0,19167,0,38,62771,8133,1916,1759,186,0,0
ND,38097,147492,0,0,0,210682,168,0,0,0,0,0,5689,0,75719,1,0,0,0,108,4,0,14,0,0,0,0,1311,1467,0,0,29206,16025,300,0,0,0,0,0,0,0,0,0,0,0,0,0,0,0,0,1070,0,0,0,0,0,0,0,0,0,0,0,0,7146,0,25918,3284,683,119,13,3893,34,79,5,5330,8401,7845,0,0,0,0,0,0,0,0,0,0,0,0,0,0,0,0,0,0,0,2,0,0,0,0,0,0,0,0,0,0,0,0,0,0,0,0,0,0,0,0,0,0,0,0,0,147494,0,0,210682,5689,0,3,108,0,0
ND,38099,61511,0,0,24,96782,1312,0,0,0,0,0,4501,257,170624,518,0,1,1,105,3,0,17193,70,0,0,0,1843,27368,0,0,38904,71132,43200,0,0,0,0,0,0,0,0,210,0,0,0,0,0,79,0,33673,0,0,0,0,0,0,0,0,0,0,0,0,31168,0,38618,3516,864,136,176,12400,121,30,12,66619,9680,95480,0,0,0,0,0,0,0,0,0,0,0,0,0,0,0,0,0,0,0,115,0,0,0,0,0,0,0,0,0,0,0,0,0,0,0,0,0,0,0,0,0,0,0,0,0,61626,0,24,96783,4501,257,634,105,0,0
ND,38101,41728,0,0,70,22772,5236,0,0,0,0,0,20649,18022,209375,8301,0,0,14,1434,566,0,65846,17653,39,0,1646,11594,22651,0,11,0,1271,8,0,0,0,0,0,0,0,542,48264,0,0,0,0,10,0,0,127136,0,0,0,0,0,0,0,0,0,0,0,0,33418,0,61409,12271,3188,886,461,11786,7,0,36,493455,4738,69666,0,0,0,0,0,0,0,0,0,0,0,0,0,0,0,0,0,0,0,2,0,0,0,0,0,0,0,0,0,0,0,0,0,0,0,0,0,0,0,0,0,0,0,0,0,41730,0,70,22772,20649,18022,8303,1434,0,0
ND,38103,83758,0,0,88,205839,1364,0,0,0,0,0,6020,34,105533,2232,0,2,14,618,293,0,3026,184,0,0,0,2706,35815,0,7,0,22016,4,0,0,0,0,0,0,0,0,2152,0,0,0,0,16,0,0,47359,0,0,0,0,0,0,0,0,0,0,0,0,26285,0,35250,1022,125,36,25,2370,52,0,6,174348,1969,65386,0,10,0,0,0,0,0,0,0,0,0,0,0,0,0,0,0,0,0,1,0,0,0,0,0,0,0,0,0,0,0,0,0,0,0,0,0,0,0,1,0,0,0,0,0,83759,0,88,205841,6020,34,2235,618,0,0
ND,38105,8919,0,0,140,7367,2258,0,0,16,0,0,22879,328997,73472,2926,0,0,0,1406,286,0,22518,4950,1923,0,1826,15966,35270,0,5,2781,3414,375,0,0,0,0,0,0,0,69140,53189,0,0,0,0,0,0,0,75624,0,0,0,0,0,0,0,0,0,0,0,0,27098,0,51368,5286,1200,221,2777,13846,565,1096,5775,480357,10676,38740,0,0,0,0,0,0,0,0,0,0,0,0,0,0,0,0,0,0,0,0,0,0,0,0,0,0,0,0,0,0,0,0,0,0,0,0,0,0,0,0,0,0,0,0,0,8919,0,140,7367,22879,328997,2926,1406,0,0
OH,39001,12908,0,0,13,18140,0,0,8,0,0,0,0,0,0,1219,0,533,8,91,0,54,0,0,0,0,0,763,15196,0,0,0,0,0,4,0,0,0,0,0,0,0,0,0,0,0,0,6,0,0,22,0,0,0,0,0,0,0,0,0,0,0,0,1620,0,14237,3015,895,268,650,219931,12230,284,2095,70688,0,9,0,5,0,0,0,4,0,0,0,0,0,0,0,0,0,0,0,0,0,0,0,0,0,0,0,0,0,0,0,0,0,0,0,0,0,0,0,0,0,0,0,0,0,0,2,12908,0,13,18675,2,0,1752,91,4,0
OH,39003,68255,0,0,0,84241,0,0,0,3,712,0,0,0,0,7908,0,210,0,25,0,0,0,0,0,0,0,1405,127,0,0,0,1,0,0,0,0,0,0,0,0,0,0,55,0,0,0,25,0,0,45,0,0,0,0,0,0,0,0,0,0,0,0,2558,0,26092,14432,3894,2576,203,23124,16,0,0,24303,4,146,0,0,0,0,0,0,0,0,0,0,1,0,0,0,0,0,0,0,0,36,0,0,0,0,0,0,0,0,0,0,0,0,0,0,0,0,0,0,0,0,0,0,0,0,0,68291,0,0,84451,0,0,8154,25,0,0
OH,39005,42099,0,0,1,34537,0,0,0,0,1,0,1,0,0,5912,0,437,76,151,0,1,0,0,0,0,0,4471,2181,0,0,0,0,0,0,0,0,0,0,0,0,0,0,0,0,0,0,32,0,0,72,0,0,0,0,2,1,0,0,0,0,0,0,2420,0,16521,5064,1324,466,34,91608,3207,0,103,61828,607,2,0,0,0,0,0,0,0,0,0,0,0,0,0,5,0,0,0,0,0,0,0,0,0,0,0,0,0,0,0,0,0,0,0,0,0,0,0,0,0,0,0,0,0,0,15,42099,0,1,34989,16,0,6349,151,0,0
OH,39007,25524,0,0,8,27343,0,0,0,14,0,0,40,0,0,1670,0,3,0,565,0,0,0,0,0,0,0,2719,12589,0,0,0,0,0,0,0,0,0,0,0,0,0,0,0,0,0,0,0,0,0,2477,0,0,0,56,0,0,0,0,0,0,0,0,8704,0,26003,18574,3166,976,198,225669,896,10,4500,82579,9540,17,0,0,0,0,0,0,0,0,0,0,0,0,0,0,0,0,0,0,0,3,0,0,0,0,0,0,0,0,0,0,0,0,0,0,0,0,0,0,0,0,0,0,0,0,1,25527,0,8,27347,41,0,1676,565,0,0
OH,39009,1322,0,0,0,1515,0,0,0,0,0,0,0,0,0,331,0,40,0,10,0,0,0,0,0,0,0,197,2815,0,0,0,0,0,0,0,0,0,0,0,0,0,0,0,0,0,0,0,0,0,39,0,0,0,0,0,0,0,0,0,0,0,0,1686,0,20758,5079,1385,263,76,231962,3218,0,60,54705,3,0,0,0,0,0,0,0,0,0,0,0,0,0,0,0,0,0,0,0,0,0,0,0,0,0,0,0,0,0,0,0,0,0,0,0,0,0,0,0,0,0,0,0,0,0,0,1322,0,0,1555,0,0,371,10,0,0
OH,39011,76330,0,0,0,91357,0,0,0,1,1355,0,0,0,0,12281,0,15,2,52,0,0,0,0,0,0,0,3798,179,0,0,0,0,0,0,0,0,0,0,0,0,0,0,20,0,0,0,16,1,0,40,0,0,0,0,0,0,0,0,0,0,0,0,3455,0,15637,6370,2007,639,275,20850,6,1,5,22117,1,136,0,0,0,0,0,0,0,0,0,0,0,0,0,0,0,0,0,0,0,75,0,0,0,0,0,0,0,0,0,0,0,0,0,87,0,0,0,0,0,0,0,0,0,0,0,76405,0,0,91459,0,0,12371,139,0,0
OH,39013,296,0,0,0,234,0,0,0,3,0,0,0,0,0,106,0,0,2,5,0,0,0,0,0,0,0,1380,4209,0,0,0,0,0,0,0,0,0,0,0,0,0,0,0,0,0,0,0,0,0,30,0,0,0,0,0,0,0,0,0,0,0,0,3691,0,24456,5130,2201,814,952,212466,1150,0,13,89297,15,13,0,0,0,0,0,0,0,0,0,0,0,0,0,0,0,0,0,0,0,0,0,0,0,0,0,0,0,0,0,0,0,0,0,0,0,0,0,0,0,0,0,0,0,0,0,296,0,0,234,0,0,106,5,0,0
OH,39015,23236,0,0,0,78857,0,0,13,1,0,0,2,0,0,1497,0,978,18,40,0,0,0,0,0,0,0,334,8792,0,0,0,0,0,9,0,0,0,0,0,0,0,0,0,0,0,0,0,1,1,23,0,0,0,0,0,0,0,0,0,0,0,0,2308,0,14638,3490,1133,413,475,115342,367,171,68,64217,0,44,0,1,0,0,0,0,0,0,0,0,0,0,0,0,0,0,0,0,0,0,0,0,0,0,0,0,0,0,0,0,0,0,0,0,0,2,0,0,0,0,0,0,0,0,1,23236,0,0,79836,3,0,2475,40,0,0
OH,39017,26322,0,0,0,26925,0,0,0,2,31,0,104,0,0,2795,0,414,3,17,0,0,0,0,0,0,0,728,2381,0,0,0,0,0,0,0,0,0,0,0,0,0,0,0,0,0,2,5,1,0,4,0,0,0,0,0,0,0,0,0,0,0,0,3240,0,44640,34789,13855,5137,140,54830,854,37,215,83325,1,79,0,0,0,0,0,0,0,0,0,0,0,0,0,0,0,0,0,0,0,7,0,0,2,0,0,0,0,0,0,0,19,0,0,0,0,0,0,0,0,0,0,0,0,0,31,26348,0,0,27370,154,0,3216,17,0,0
OH,39019,6752,0,0,1,5285,0,0,0,3,0,0,1,0,0,517,0,2,22,27,0,0,0,0,0,0,0,2563,1809,0,0,0,0,0,0,0,0,0,0,0,0,0,0,0,0,0,0,0,0,0,161,0,0,0,0,10,0,0,0,0,0,0,0,3519,0,14651,1992,508,159,119,145472,3253,0,15,68426,75,4,0,0,0,0,0,0,0,0,0,0,0,0,0,0,0,0,0,0,0,18,0,0,0,0,0,0,0,0,0,0,0,0,0,1,0,0,0,0,0,0,0,0,0,0,0,6770,0,1,5288,1,0,537,28,0,0
OH,39021,91116,0,0,1,80939,0,0,1,69,177,0,0,0,0,4999,0,531,3,68,0,0,0,0,0,0,0,2772,667,0,0,0,0,0,48,0,0,0,0,0,0,0,0,29,1,0,0,11,2,35,123,0,0,3,0,0,0,0,0,0,0,0,0,1329,0,14246,3402,663,268,244,32501,109,17,3,40486,0,151,0,1,0,0,0,0,0,0,0,0,0,0,0,0,0,0,0,0,0,1,0,0,0,0,0,0,0,0,0,0,0,0,0,0,0,0,0,0,0,0,0,0,0,0,2,91117,0,1,81472,2,0,5531,68,0,0
OH,39023,68677,0,0,0,64517,0,0,0,31,18,0,4,0,0,2622,0,193,0,16,0,1,0,0,0,0,0,2288,872,0,0,0,0,0,14,0,0,0,0,0,0,0,0,6,6,0,0,4,19,4,74,0,0,1,0,0,0,0,0,0,0,0,0,4002,0,22511,15285,4152,1420,336,25427,131,59,2,45265,1,223,0,1,0,0,0,0,0,0,0,0,1,0,0,0,0,0,0,0,0,0,0,0,1,0,0,0,0,0,0,0,0,0,0,0,0,0,0,0,0,0,0,0,0,0,3,68677,0,0,64713,7,0,2815,16,0,0
OH,39025,12891,0,0,0,31395,0,0,1,1,0,0,0,0,0,504,0,478,0,2,0,0,0,0,0,0,0,137,1304,0,0,0,0,0,2,0,0,0,0,0,0,0,0,0,0,0,0,1,0,0,3,0,0,0,0,0,0,0,0,0,0,0,0,4227,0,27564,11067,3915,1320,121,142323,1067,121,209,54710,1,114,0,0,0,0,0,0,0,0,0,0,0,0,0,0,0,0,0,0,0,1,0,0,0,0,0,0,0,0,0,0,0,0,0,0,0,9,0,0,0,0,0,0,0,0,2,12892,0,0,31875,2,0,983,2,0,0
OH,39027,74123,0,0,0,94949,0,0,1,1,2,0,25,0,0,3289,0,1294,2,6,0,2,0,0,0,0,0,932,2601,0,0,0,0,0,31,0,0,0,0,0,0,0,0,0,0,0,0,3,0,0,41,0,0,0,0,0,0,0,0,0,0,0,0,1337,0,13478,4592,1185,938,437,35530,135,1845,3,26896,0,58,0,0,0,0,0,0,0,0,0,0,0,0,0,0,0,0,0,0,0,1,0,0,1,0,0,0,0,0,0,0,0,0,0,0,0,0,0,0,0,0,0,0,0,0,37,74124,0,0,96280,62,0,4584,6,0,0
OH,39029,22893,0,0,19,17395,1,0,0,74,0,0,2,0,0,4747,0,22,15,119,0,1,0,0,0,0,0,5879,371,0,0,0,0,0,0,0,0,0,0,0,0,0,0,0,0,0,0,0,0,0,532,0,0,6,2,3,0,0,0,0,0,0,0,2875,0,33441,9912,2543,1105,280,154954,2107,1,50,82556,209,7,0,0,0,0,0,0,0,0,0,0,0,0,0,0,0,0,0,0,0,29,0,0,14,0,0,0,0,0,0,0,0,0,0,14,0,0,0,0,0,0,0,0,0,0,0,22922,0,19,17431,2,0,4798,133,0,0
OH,39031,21423,0,0,3,14233,0,0,0,2,2,0,8,0,0,1286,0,7,17,157,0,0,0,0,0,0,0,2501,3940,0,0,0,0,0,0,0,0,0,0,0,0,0,0,0,0,0,0,0,0,0,113,0,0,0,0,1,0,0,0,0,0,0,0,3597,0,22312,3473,1118,561,151,207655,1657,0,7,78905,89,2,0,0,0,0,0,0,0,0,0,0,0,0,0,0,0,0,0,0,0,0,0,0,19,0,0,0,0,0,0,0,0,0,0,0,0,0,0,0,0,0,0,0,0,0,1,21423,0,3,14241,9,0,1293,157,0,0
OH,39033,76028,0,0,0,93917,0,0,0,2,1,0,0,0,0,13987,0,196,1,36,0,0,0,0,0,0,0,3182,721,0,0,0,0,0,0,0,0,0,0,0,2,0,0,0,0,0,0,7,0,0,146,0,0,0,0,0,0,0,0,0,0,0,0,1101,0,14402,6392,1651,615,610,28566,60,14,4,16090,4,59,0,0,0,0,0,0,0,0,0,0,2,0,0,0,0,0,3,0,0,10,0,0,0,0,0,0,0,0,0,0,0,0,0,0,0,0,0,0,0,0,0,0,0,0,0,76038,0,0,94113,0,0,14193,36,0,0
OH,39035,97,0,0,0,116,0,0,0,0,0,0,0,0,0,5,0,0,0,0,0,0,0,0,0,0,0,34,32,0,0,0,0,0,0,0,0,0,0,0,0,0,0,0,0,0,0,0,0,0,17,0,0,0,0,0,0,0,0,0,0,0,0,1339,0,73640,99606,41434,15132,81,56502,234,1,6,4074,1488,0,0,0,0,0,0,0,0,0,0,0,0,0,0,0,0,0,0,0,0,0,0,0,0,0,0,0,0,0,0,0,0,0,0,0,0,0,0,0,0,0,0,0,0,0,0,97,0,0,116,0,0,5,0,0,0
OH,39037,137021,0,0,7,139635,0,0,0,10,21,0,0,0,0,15199,0,271,1,218,0,0,0,0,0,0,0,6113,1063,0,0,0,0,0,0,0,0,0,0,0,0,0,0,238,0,0,0,35,5,0,82,0,0,0,0,0,0,0,0,0,0,0,0,626,0,20967,5516,1703,614,247,24189,7,4,4,29982,9,215,0,0,0,0,0,0,0,0,0,0,0,0,0,0,0,0,0,0,0,12,0,0,2,0,0,0,0,0,0,0,0,0,0,0,0,1,0,0,0,0,0,0,0,0,0,137033,0,7,139906,0,0,15482,218,0,0
OH,39039,53613,0,0,0,92184,0,0,0,1,273,0,0,0,0,24138,0,33,34,55,0,2,0,0,0,0,0,3088,1713,0,0,0,1,4,0,0,0,0,0,0,0,0,0,7,0,0,0,211,0,0,127,0,0,0,0,0,0,0,0,0,0,0,0,2888,0,15127,5626,1480,727,316,27030,12,5,14,31089,4695,579,0,3,0,0,0,0,0,0,0,0,0,0,0,0,0,0,0,0,0,1,0,0,0,0,0,0,0,0,0,0,0,0,0,0,0,0,0,0,0,0,0,0,0,0,0,53614,0,0,92217,0,0,24172,55,0,0
OH,39041,51104,0,0,0,64501,0,0,0,0,2,0,0,0,0,4725,0,43,7,57,0,0,0,0,0,0,0,1318,898,0,0,0,0,0,1,0,0,0,0,0,0,0,0,2,0,0,0,0,0,0,250,0,0,0,0,0,0,0,0,0,0,0,0,9730,0,27354,16084,5249,1639,895,56131,184,7,9,52131,10,121,0,0,0,0,0,0,0,0,0,0,0,0,0,0,0,0,16,0,0,4,0,0,0,0,0,0,0,0,0,0,0,0,0,0,0,0,0,0,0,0,0,0,0,0,0,51108,0,0,64544,0,0,4772,57,0,0
OH,39043,31331,0,0,0,31253,0,0,0,1,1991,0,16,0,0,7518,0,789,0,36,0,0,0,0,0,0,0,1226,278,0,0,0,0,0,0,0,0,0,0,0,12,0,0,0,0,0,0,9,2,0,90,0,2,34,0,0,0,0,0,0,0,0,0,3226,0,14123,10474,4056,2184,1660,32700,64,3,6,15631,593,4237,0,0,0,0,0,0,0,0,0,0,2,0,0,0,0,0,5,0,0,137,0,0,14,0,0,0,0,0,0,0,0,0,0,0,0,0,0,0,0,0,0,0,0,0,1,31468,0,0,32043,17,0,8444,36,0,0
OH,39045,60192,0,0,0,59761,0,0,0,0,73,0,2,0,0,6525,0,883,11,47,0,0,0,0,0,0,0,5944,1576,0,0,0,0,0,0,0,0,0,0,0,0,0,0,0,0,0,0,1,2,0,526,0,0,5,0,0,0,0,0,0,0,0,0,2832,0,24994,10452,3168,1061,157,84499,1092,0,32,61671,9,3,0,0,0,0,0,0,0,0,0,0,0,0,0,0,0,0,1,0,0,2,0,0,0,0,0,0,0,0,0,8,0,0,0,0,0,0,0,0,0,0,0,0,0,0,15,60194,0,8,60659,17,0,7418,47,0,0
OH,39047,92950,0,0,0,103335,0,0,0,4,1,0,1,0,0,5555,0,1805,16,8,0,3,0,0,0,0,0,1521,732,0,0,0,0,0,10,0,0,0,0,0,0,0,0,1,2,0,0,13,1,32,188,0,0,0,0,0,0,0,0,0,0,0,0,838,0,10736,3933,1036,467,270,12973,40,746,2,23247,11,56,0,0,0,0,0,0,0,0,0,0,0,0,0,0,0,0,0,0,0,2,0,0,1,0,0,0,0,0,0,0,0,0,0,0,0,0,0,0,0,0,0,0,0,0,0,92952,0,0,105140,1,0,7362,8,0,0
OH,39049,22465,0,0,0,28091,1,0,0,8,2,0,1,0,0,2641,0,423,2,9,0,0,0,0,0,0,0,599,646,0,0,0,0,0,6,0,0,0,0,0,0,0,0,0,0,0,0,4,124,0,745,0,0,1,0,0,0,0,0,0,0,0,0,5265,0,59952,81240,49096,22206,1582,37243,175,6,8,35189,26,54,0,0,0,0,0,6,0,0,0,0,2,0,0,0,0,0,3,0,0,0,0,0,1,0,0,0,0,0,0,0,0,0,0,0,0,0,0,0,0,0,0,0,0,0,0,22465,0,0,28514,1,0,3064,9,6,0
OH,39051,87876,0,0,0,82578,0,0,0,248,358,0,0,0,0,20341,0,53,10,61,0,0,0,0,0,0,0,3374,78,0,0,5,36,41,0,0,0,0,0,0,0,0,0,249,0,0,3,18,5,0,145,0,0,0,0,2,0,0,0,0,0,0,0,920,0,14262,5343,1608,950,627,15983,380,2,11,21871,2999,228,0,0,3,0,0,0,0,0,0,0,0,0,0,0,0,0,0,0,0,14,0,0,0,0,0,0,0,0,0,0,0,0,0,0,0,0,0,0,0,0,0,0,0,0,4,87890,0,0,82635,4,0,20408,61,0,0
OH,39053,2482,0,0,0,3170,0,0,34,0,0,0,0,0,0,29,0,21,1,3,0,0,0,0,0,0,0,100,5388,0,0,0,0,0,2,0,0,0,0,0,0,0,0,0,0,0,0,4,0,0,39,0,0,0,0,0,0,0,0,0,0,0,0,2027,0,15349,6321,1159,245,378,188315,4349,4,115,71997,2,0,0,0,0,0,0,0,0,0,0,0,0,0,0,0,0,0,0,0,0,0,0,0,0,0,0,0,0,0,0,0,0,0,0,0,0,0,0,0,0,0,0,0,0,0,0,2482,0,0,3191,0,0,50,3,0,0
OH,39055,3794,0,0,0,3718,0,0,0,1,0,0,2,0,0,660,0,1,0,98,0,0,0,0,0,0,0,1268,3627,0,0,0,0,0,0,0,0,0,0,0,0,0,0,0,0,0,0,18,0,0,399,0,0,0,0,0,0,0,0,0,0,0,0,5726,0,28681,12029,1622,469,232,139618,916,1,303,56849,1252,3,0,0,0,0,0,0,0,0,0,0,0,0,0,0,0,0,0,0,0,1,0,0,0,0,0,0,0,0,1,0,0,0,0,0,0,0,0,0,0,0,0,0,0,0,0,3795,0,1,3719,3,0,662,98,0,0
OH,39057,61631,0,0,0,61542,0,0,0,2,4,0,3,0,0,3355,0,515,1,15,0,0,0,0,0,0,0,1544,1310,0,0,0,0,0,1,0,0,0,0,0,0,0,0,2,8,0,0,0,4,1,25,0,0,0,0,0,0,0,0,0,0,0,0,1473,0,32766,18526,4718,1507,694,34652,195,1545,5,40181,0,244,0,1,0,0,0,0,0,0,0,0,0,0,0,0,0,0,0,0,0,0,0,0,0,0,0,0,0,0,0,0,0,0,0,0,0,0,0,0,0,0,0,0,0,0,0,61631,0,0,62057,3,0,3870,15,0,0
OH,39059,2744,0,0,0,2483,0,0,0,0,0,0,0,0,0,118,0,0,1,14,0,0,0,0,0,0,0,752,7557,0,0,0,0,0,0,0,0,0,0,0,0,0,0,0,0,0,0,0,0,0,69,0,0,0,0,0,0,0,0,0,0,0,0,4862,0,25127,4399,1317,460,100,221070,1710,0,14,65256,40,3,0,0,0,0,0,0,0,0,0,0,0,0,0,0,0,0,0,0,0,0,0,0,0,0,0,0,0,0,0,0,0,0,0,0,0,0,0,0,0,0,0,0,0,0,10,2744,0,0,2493,10,0,118,14,0,0
OH,39061,3764,0,0,0,3272,0,0,0,16,0,0,0,0,0,240,0,1,0,0,0,0,0,0,0,0,0,58,251,0,0,0,0,0,1,0,0,0,0,0,0,0,0,4,0,0,0,2,5,0,1,0,0,0,0,0,0,0,0,0,0,0,0,4596,0,58624,50294,25980,11317,77,84018,352,12,108,21095,4,55,0,0,0,0,0,0,0,0,0,0,0,0,0,0,0,0,0,0,0,1,0,0,0,0,0,0,0,0,0,0,0,0,0,0,0,0,0,0,0,0,0,0,0,0,0,3765,0,0,3273,0,0,242,0,0,0
OH,39063,93822,0,0,0,133628,0,0,0,9,54,0,0,0,0,26751,0,6,1,3,0,0,0,0,0,0,0,2685,316,0,0,0,1,2,2,0,0,0,0,0,1,0,0,109,0,0,0,39,20,0,76,0,1,1,0,0,0,0,0,0,0,0,0,2154,0,22029,10340,3288,1509,501,23403,17,3,0,20516,21,233,0,0,0,0,0,5,0,0,0,0,3,0,0,0,0,0,0,0,0,2,0,0,0,0,0,0,0,0,0,0,0,0,0,0,0,0,1,0,0,0,0,0,0,0,0,93824,0,0,133634,0,0,26759,3,5,0
OH,39065,100918,0,0,0,116514,0,0,0,0,626,0,0,0,0,6446,0,5,1,49,0,0,0,0,0,0,0,2562,339,0,15,0,0,1,0,0,0,0,0,0,0,0,0,3,0,0,0,48,2,4,38,0,0,0,0,0,0,0,0,0,0,0,0,761,0,15191,3935,753,445,333,24462,9,3,2,27471,1,112,0,0,80,0,0,0,0,0,0,0,0,0,0,0,0,0,0,0,0,8,0,0,0,0,0,0,0,0,0,0,0,0,0,0,0,0,0,0,0,0,0,0,0,0,0,100926,0,0,116519,0,0,6459,49,0,0
OH,39067,2732,0,0,1,1869,0,0,0,2,0,0,0,0,0,207,0,85,10,11,0,0,0,0,0,0,0,1066,2986,0,0,0,0,0,0,0,0,0,0,0,0,0,0,0,0,0,0,0,0,0,87,0,0,0,0,0,0,0,0,0,0,0,0,5601,0,16487,1627,376,91,897,169775,3195,0,17,55759,23,2,0,0,0,0,0,0,0,0,0,0,0,0,0,0,0,0,0,0,0,0,0,0,0,0,0,0,0,0,0,0,0,0,0,1,0,0,0,0,0,0,0,0,0,0,0,2732,0,1,1955,0,0,292,12,0,0
OH,39069,79160,0,0,0,99319,0,0,0,15,1900,0,0,0,0,34277,0,8,22,26,0,0,0,0,0,0,0,5344,88,0,0,33,415,246,0,0,0,0,0,0,0,0,0,258,0,0,67,44,7,0,97,0,0,0,0,0,0,0,0,0,0,0,0,2761,0,15202,4341,1025,483,474,12082,82,5,1,10459,255,164,0,0,42,0,0,0,0,0,0,0,13,0,0,0,0,0,0,0,0,0,0,0,0,0,0,0,0,0,0,0,0,0,0,0,0,0,0,0,0,0,0,0,0,0,0,79160,0,0,99327,0,0,34285,26,0,0
OH,39071,44387,0,0,6,85326,0,0,1,1,0,0,6,0,0,3967,0,2802,2,61,0,6,0,0,0,0,0,1524,10414,0,0,0,0,0,2,0,0,0,0,0,0,0,0,0,0,0,0,26,0,26,43,0,0,4,0,0,0,0,0,0,0,0,0,3580,0,16088,3637,859,480,452,107344,2074,69,332,73430,0,40,0,0,0,0,0,8,0,0,0,0,0,0,0,0,0,0,0,0,0,7,0,0,2,0,0,0,0,0,0,0,0,0,0,0,0,0,0,0,0,0,0,0,0,0,0,44394,0,6,88128,6,0,6776,61,8,0
OH,39073,3045,0,0,0,2318,0,0,0,0,0,0,0,0,0,375,0,47,1,12,0,0,0,0,0,0,0,373,2641,0,0,0,0,0,0,0,0,0,0,0,0,0,0,0,0,0,0,0,0,0,196,0,0,0,0,0,0,0,0,0,0,0,0,975,0,14831,1651,585,178,52,207003,11392,1,38,25385,3,0,0,0,0,0,0,0,0,0,0,0,0,0,0,0,0,0,0,0,0,0,0,0,0,0,0,0,0,0,0,0,0,0,0,0,0,0,0,0,0,0,0,0,0,0,0,3045,0,0,2365,0,0,422,12,0,0
OH,39075,21308,0,0,3,10100,0,0,0,2,0,0,4,0,0,1011,0,4,9,190,0,0,0,0,0,0,0,5598,2705,0,0,0,0,1,0,0,0,0,0,0,0,0,0,0,0,0,0,0,0,0,117,0,0,0,0,0,0,0,0,0,0,0,0,1189,0,15644,3013,707,274,71,105408,1130,0,3,102784,82,0,0,0,0,0,0,0,0,0,0,0,0,0,0,1,0,0,1,0,0,1,0,0,0,0,0,0,0,0,5,0,0,0,0,0,0,0,0,0,0,0,0,0,0,0,2,21309,0,8,10106,11,0,1016,190,0,0
OH,39077,78462,0,0,0,91430,0,0,0,36,275,0,0,0,0,15140,0,2236,1,40,0,0,0,0,0,0,0,2562,746,0,0,0,0,0,0,0,0,0,0,0,1,0,0,0,0,0,0,30,1,0,316,0,0,6,0,0,1,0,0,0,0,0,0,2939,0,15786,7482,1775,1070,149,63442,157,6,12,31249,715,318,0,0,0,0,0,0,0,0,0,0,130,0,0,53,0,0,51,0,0,2,0,0,22,0,0,0,0,0,0,0,0,0,0,0,0,0,0,0,0,0,0,0,0,0,0,78464,0,0,93666,0,0,17378,40,0,0
OH,39079,2424,0,0,1,3112,0,0,1,0,0,0,0,0,0,238,0,80,1,0,0,0,0,0,0,0,0,125,10021,0,0,0,0,0,0,0,0,0,0,0,0,0,0,0,0,0,0,2,0,0,96,0,0,0,0,0,0,0,0,0,0,0,0,1134,0,15854,4755,1128,264,403,168579,6528,2,236,54769,1,0,0,0,0,0,0,0,0,0,0,0,0,0,0,0,0,0,0,0,0,0,0,0,0,0,0,0,0,0,0,0,0,0,0,0,0,0,0,0,0,0,0,0,0,0,0,2424,0,1,3192,0,0,318,0,0,0
OH,39081,766,0,0,0,395,1,0,0,2,0,0,1,0,0,51,0,0,2,18,0,0,0,0,0,0,0,1222,2288,0,0,0,0,0,0,0,0,0,0,0,0,0,0,0,0,0,0,0,3,0,80,0,0,0,0,0,0,0,0,0,0,0,0,2683,0,22027,5615,2497,1105,778,176089,934,0,12,46339,9,3,0,0,0,0,0,0,0,0,0,0,0,0,0,0,0,0,0,0,0,0,0,0,0,0,0,0,0,0,0,0,0,0,0,0,0,0,0,0,0,0,0,0,0,0,0,766,0,0,395,1,0,51,18,0,0
OH,39083,54112,0,0,0,47599,0,0,0,0,1016,0,1,0,0,3717,0,8,3,60,0,0,0,0,0,0,0,4014,3161,0,0,0,0,0,10,0,0,0,0,0,0,0,0,0,0,0,0,0,0,0,349,0,0,0,0,1,0,0,0,0,0,0,0,2695,0,22813,4078,1009,424,43,115927,1515,0,10,76310,11,0,0,0,0,0,0,0,0,0,0,0,0,0,0,0,0,0,1,0,0,0,0,0,0,0,0,0,0,0,0,0,0,0,0,8,0,0,0,0,0,0,0,0,0,0,1,54112,0,0,47616,2,0,3725,68,0,0
OH,39085,296,0,0,0,643,0,0,0,3,0,0,0,0,0,32,0,0,0,18,0,0,0,0,0,0,0,68,1074,0,0,0,0,0,0,0,0,0,0,0,0,0,0,0,0,0,0,1,0,0,173,0,0,0,6,0,0,0,0,0,0,0,0,1506,0,34444,33169,7252,2253,272,49306,56,0,44,17153,60,5,0,0,0,0,0,0,0,0,0,0,0,0,0,0,0,0,0,0,0,0,0,0,0,0,0,0,0,0,0,0,0,0,0,0,0,0,0,0,0,0,0,0,0,0,0,296,0,0,643,0,0,32,18,0,0
OH,39087,981,0,0,0,881,0,0,0,0,0,0,0,0,0,47,0,187,0,0,0,0,0,0,0,0,0,10,1606,0,0,0,0,0,0,0,0,0,0,0,0,0,0,0,0,0,0,0,0,0,25,0,0,0,0,0,0,0,0,0,0,0,0,1714,0,15478,8644,2761,532,121,215073,2287,9,107,42192,1,0,0,0,0,0,0,0,0,0,0,0,0,0,0,0,0,0,0,0,0,0,0,0,0,0,0,0,0,0,0,0,0,0,0,0,0,0,0,0,0,0,0,0,0,0,0,981,0,0,1068,0,0,234,0,0,0
OH,39089,59697,0,0,0,53498,0,0,0,2,9,0,0,0,0,5649,0,360,16,72,0,0,0,0,0,0,0,2493,4627,0,0,0,0,0,0,0,0,0,0,0,0,0,0,0,0,0,0,0,4,0,335,0,1,3,0,2,0,0,0,0,0,0,0,2270,0,30136,12916,4310,1565,225,162500,1716,0,41,97564,9,1,0,0,0,0,0,0,0,0,0,0,0,0,0,3,0,0,3,0,0,0,0,0,0,0,0,0,0,0,0,0,0,0,0,0,0,0,0,0,0,0,0,0,0,0,0,59697,0,0,53858,0,0,6009,72,0,0
OH,39091,73710,0,0,0,85961,0,0,0,0,128,0,5,0,0,4653,0,65,1,69,0,2,0,0,0,0,0,5489,484,0,0,0,2,1,0,0,0,0,0,0,0,0,0,12,0,0,0,82,2,5,72,0,0,3,0,0,0,0,0,0,0,0,0,6349,0,21617,5571,1403,636,679,47604,129,11,2,43575,13,402,0,1,0,0,0,0,0,0,0,0,0,0,0,0,0,0,1,0,0,4,0,0,0,0,0,0,0,0,0,0,0,0,0,0,0,0,0,0,0,0,0,0,0,0,0,73714,0,0,86026,5,0,4722,69,0,0
OH,39093,30147,0,0,0,47662,0,0,0,6,0,0,0,0,0,3791,0,59,2,64,0,0,0,0,0,0,0,2124,1062,0,0,0,0,0,2,0,0,0,0,0,0,0,0,0,0,0,0,60,0,0,296,0,0,41,0,0,1,0,0,0,0,0,0,2643,0,39211,32495,8583,2372,509,76834,402,1,47,54919,13251,1,0,0,0,0,0,0,0,0,0,0,0,0,0,10,0,0,1,0,0,6,0,0,2,0,0,0,0,0,0,0,2,0,0,0,0,0,0,0,0,0,0,0,0,0,2,30155,0,0,47723,4,0,3856,64,0,0
OH,39095,25202,0,0,0,28047,0,0,0,106,8,0,0,0,0,6618,0,5,0,3,0,0,0,0,0,0,0,866,30,0,0,0,13,0,2,0,0,0,0,0,0,0,0,40,0,0,0,2,2,0,32,0,10,74,0,0,0,0,0,0,0,0,0,5790,0,30454,43000,18200,8682,1763,28388,752,0,0,16900,267,6346,0,0,0,0,0,0,0,0,0,0,0,0,0,0,0,0,0,0,0,0,0,0,1,0,0,0,0,0,0,0,0,0,0,0,0,0,9,0,0,0,0,0,0,0,0,25202,0,0,28052,0,0,6623,3,0,0
OH,39097,105590,0,0,0,116152,2,0,0,8,237,0,12,0,0,8107,0,297,6,43,0,2,0,0,0,0,0,2635,606,0,0,0,0,0,16,0,0,0,0,0,0,0,0,2,0,0,0,4,9,26,358,0,0,0,0,0,0,0,0,0,0,0,0,1079,0,9349,5051,1369,383,515,13729,4,8,2,32623,2,144,0,0,0,0,0,1,0,0,0,0,0,0,0,0,0,0,2,0,0,0,0,0,0,0,0,0,0,0,0,2,0,0,0,0,0,0,0,0,0,0,0,0,0,0,0,105590,0,2,116449,12,0,8406,43,1,0
OH,39099,16184,0,0,4,12618,0,0,0,64,0,0,1,0,0,2799,0,8,2,96,0,0,0,0,0,0,0,3583,184,0,0,0,0,0,0,0,0,0,0,0,0,0,0,0,0,0,0,0,0,0,771,0,0,1,1,1,0,0,0,0,0,0,0,7336,0,35559,32596,8436,3478,329,90795,1174,0,126,54288,1231,14,0,0,0,0,0,0,0,0,0,0,0,0,0,0,0,0,0,0,0,12,0,0,18,0,0,0,0,0,0,0,0,0,0,0,0,0,0,0,0,0,0,0,0,0,0,16196,0,4,12626,1,0,2819,96,0,0
OH,39101,72796,0,0,0,98056,0,0,0,1,1,0,1,0,0,6951,0,55,22,71,0,0,0,0,0,0,0,1483,2733,0,0,0,0,1,0,0,0,0,0,0,0,0,0,0,0,0,0,13,1,24,338,0,0,0,0,0,0,0,0,0,0,0,0,3053,0,13121,9543,2804,1263,834,21535,25,4,1,23163,2,738,0,0,0,0,0,0,0,0,0,0,0,0,0,0,0,0,5,0,0,12,0,0,0,0,0,0,0,0,0,0,0,0,0,0,0,0,0,0,0,0,0,0,0,0,2,72808,0,0,98113,3,0,7018,71,0,0
OH,39103,19583,0,0,1,25088,0,0,0,5,0,0,0,0,0,2820,0,41,2,56,0,1,0,0,0,0,0,2838,980,0,0,0,0,0,0,0,0,0,0,0,0,0,0,0,0,0,0,10,0,0,195,0,0,0,0,0,0,0,0,0,0,0,0,2555,0,31807,18208,4039,993,58,85920,1138,0,64,70151,4102,1,0,0,0,0,0,0,0,0,0,0,2,0,0,0,0,0,1,0,0,9,0,0,0,0,0,0,0,0,0,0,5,0,0,0,0,0,0,0,0,0,0,0,0,0,0,19597,0,1,25129,5,0,2870,56,0,0
OH,39105,2167,0,0,0,2118,0,0,0,72,0,0,0,0,0,105,0,3,0,2,0,0,0,0,0,0,0,139,2556,0,0,0,0,0,0,0,0,0,0,0,0,0,0,0,0,0,0,0,0,0,35,0,0,0,0,0,0,0,0,0,0,0,0,2452,0,17141,2607,380,67,252,190326,2475,1,22,53797,2,0,0,0,0,0,0,0,0,0,0,0,0,0,0,0,0,0,0,0,0,0,0,0,3,0,0,0,0,0,1,0,0,0,0,0,0,0,0,0,0,0,0,0,0,0,0,2167,0,1,2121,1,0,108,2,0,0
OH,39107,105323,0,0,0,97981,0,0,0,8,1401,0,2,0,0,15184,0,26,19,288,0,0,0,0,0,0,0,8794,1097,0,0,0,0,0,0,0,0,0,0,0,0,0,0,31,0,0,0,10,1,0,233,0,0,0,0,0,0,0,0,0,0,0,0,11151,0,17623,5675,1834,647,199,15782,1,3,1,18453,200,915,0,1,0,0,0,0,0,0,0,0,0,0,0,0,0,0,0,0,0,6,0,0,2,0,0,0,0,0,0,0,0,0,0,0,0,0,0,0,0,0,0,0,0,0,1,105329,0,0,98008,3,0,15216,288,0,0
OH,39109,72970,0,0,0,78790,0,0,0,2,33,0,2,0,0,7038,0,630,0,34,0,0,0,0,0,0,0,2546,422,0,0,0,1,0,0,0,0,0,0,0,0,0,0,8,0,0,0,2,1,1,88,0,0,1,0,0,0,0,0,0,0,0,0,1639,0,18710,10571,3636,1361,244,23791,78,1,9,38703,1,513,0,10,0,0,0,0,0,0,0,0,1,0,0,0,0,0,0,0,0,0,0,0,2,0,0,0,0,0,0,0,0,0,0,0,0,0,0,0,0,0,0,0,0,0,0,72970,0,0,79420,2,0,7668,34,0,0
OH,39111,180,0,0,0,72,0,0,0,0,0,0,0,0,0,10,0,0,1,3,0,0,0,0,0,0,0,564,630,0,0,0,0,0,0,0,0,0,0,0,0,0,0,0,0,0,0,0,0,0,11,0,0,0,0,0,0,0,0,0,0,0,0,1068,0,19437,1285,330,225,39,224440,3315,0,3,41144,2,1,0,0,0,0,0,0,0,0,0,0,0,0,0,0,0,0,0,0,0,0,0,0,0,0,0,0,0,0,0,0,0,0,0,0,0,0,0,0,0,0,0,0,0,0,0,180,0,0,72,0,0,10,3,0,0
OH,39113,37120,0,0,0,39444,2,0,0,2,6,0,0,0,0,2388,0,95,1,23,0,0,0,0,0,0,0,731,579,0,0,0,0,0,0,0,0,0,0,0,0,0,0,3,0,0,0,1,1,0,31,0,0,0,0,0,0,0,0,0,0,0,0,2955,0,51727,56462,19786,6972,304,37256,647,7,15,40244,4,314,0,0,0,0,0,0,0,0,0,0,0,0,0,0,0,0,0,0,0,0,0,0,4,0,0,0,0,0,0,0,0,0,0,0,0,0,0,0,0,0,0,0,0,0,0,37120,0,0,39539,0,0,2483,23,0,0
OH,39115,2462,0,0,0,1463,0,0,0,2,0,0,0,0,0,284,0,5,1,18,0,0,0,0,0,0,0,291,2881,0,0,0,0,0,0,0,0,0,0,0,0,0,0,0,0,0,0,0,0,0,26,0,0,0,0,0,0,0,0,0,0,0,0,2499,0,16240,1414,215,51,133,183637,3551,0,102,54712,2,0,0,0,0,0,0,0,0,0,0,0,0,0,0,0,0,0,0,0,0,1,0,0,0,0,0,0,0,0,0,0,0,0,0,0,0,0,0,0,0,0,0,0,0,0,0,2463,0,0,1468,0,0,290,18,0,0
OH,39117,54505,0,0,4,61880,0,0,0,0,0,0,0,0,0,8278,0,12,43,80,0,0,0,0,0,0,0,3556,840,0,0,0,0,0,0,0,0,0,0,0,0,0,0,0,0,0,0,0,0,0,270,0,0,0,0,0,0,0,0,0,0,0,0,1213,0,13490,3014,481,110,114,68131,182,0,11,44420,8,2,0,0,0,0,0,0,0,0,0,0,0,0,0,0,0,0,2,0,0,15,0,0,0,0,0,0,0,0,0,0,0,0,0,0,0,0,0,0,0,0,0,0,0,0,0,54520,0,4,61892,0,0,8305,80,0,0
OH,39119,16185,0,0,8,8862,0,0,0,4,1,0,0,0,0,1020,0,51,6,54,0,1,0,0,0,0,0,956,7990,0,0,0,0,0,0,0,0,0,0,0,0,0,0,0,0,0,0,0,0,0,191,0,0,1,0,1,0,0,0,0,0,0,0,5704,0,30418,8039,2502,1152,266,244164,1866,0,50,100943,16,2,0,0,0,0,0,0,0,0,0,0,0,0,0,0,0,0,0,0,0,0,0,0,0,0,0,0,0,0,4,0,0,0,0,0,0,0,0,0,0,0,0,0,0,0,1,16185,0,12,8914,5,0,1071,54,0,0
OH,39121,242,0,0,0,66,0,0,0,0,0,0,0,0,0,12,0,0,0,1,0,0,0,0,0,0,0,188,1630,0,0,0,0,0,0,0,0,0,0,0,0,0,0,0,0,0,0,0,0,0,21,0,0,0,0,0,0,0,0,0,0,0,0,3552,0,17979,1556,339,74,126,181870,1452,0,32,49783,6,1,0,0,0,0,0,0,0,0,0,0,0,0,0,0,0,0,0,0,0,0,0,0,0,0,0,0,0,0,0,0,0,0,0,0,0,0,0,0,0,0,0,0,0,0,0,242,0,0,66,0,0,12,1,0,0
OH,39123,23202,0,0,0,54259,0,0,0,0,18,0,0,0,0,10663,0,39,0,7,0,0,0,0,0,0,0,4459,55,0,0,0,0,0,0,0,0,0,0,0,7,0,0,60,0,0,0,11,9,0,125,0,0,280,0,0,0,0,0,0,0,0,0,6936,0,11629,9977,2886,1094,2304,7382,5,1,0,8770,10,23829,0,0,0,0,0,0,0,0,0,0,156,0,0,0,0,0,5,0,0,0,0,0,65,0,0,0,0,0,0,0,0,0,0,0,0,0,387,0,0,0,0,0,0,0,0,23202,0,0,54298,0,0,10702,7,0,0
OH,39125,59801,0,0,0,118191,0,0,0,0,157,0,0,0,0,30636,0,27,23,44,0,0,0,0,0,0,0,2007,1986,0,0,0,1,2,0,0,0,0,0,0,0,0,0,2,0,0,0,220,1,0,183,0,0,0,0,1,0,0,0,0,0,0,0,2688,0,13586,4300,613,235,688,13906,14,4,33,16819,1399,393,0,0,0,0,0,0,0,0,0,0,0,0,0,0,0,0,0,0,0,117,0,0,0,0,0,0,0,0,0,0,0,0,0,0,0,0,0,0,0,0,0,0,0,0,0,59918,0,0,118218,0,0,30780,44,0,0
OH,39127,17737,0,0,0,12289,0,0,0,0,1,0,0,0,0,1286,0,77,392,35,0,6,0,0,0,0,0,1256,2198,0,0,0,0,0,0,0,0,0,0,0,0,0,0,0,0,0,0,0,0,0,72,0,0,0,0,0,0,0,0,0,0,0,0,1871,0,17036,2701,598,162,232,155891,3853,0,30,46274,3,0,0,0,0,0,0,0,0,0,0,0,0,0,0,0,0,0,0,0,0,0,0,0,0,0,0,0,0,0,0,1,0,0,0,0,0,0,0,0,0,0,0,0,0,0,0,17737,0,1,12366,0,0,1364,35,0,0
OH,39129,97356,0,0,0,103117,0,0,0,0,224,0,0,0,0,10312,0,2570,24,43,0,0,0,0,0,0,0,1563,2747,0,0,0,0,0,3,0,0,0,0,0,0,0,0,0,0,0,0,3,73,2,1446,0,0,0,0,0,0,0,0,0,0,0,0,3892,0,13671,5152,1725,401,342,32488,146,248,7,46550,6,50,0,0,0,0,0,0,0,0,0,0,0,0,0,0,0,0,0,0,0,0,0,0,0,0,0,0,0,0,0,64,0,0,0,0,0,0,0,0,0,0,0,0,0,0,1,97356,0,64,105688,1,0,12946,43,0,0
OH,39131,11605,0,0,0,11818,0,0,0,0,32,0,0,0,0,488,0,575,0,10,0,0,0,0,0,0,0,219,3480,0,0,0,0,0,0,0,0,0,0,0,0,0,0,0,0,0,0,1,0,0,284,0,0,0,0,0,0,0,0,0,0,0,0,1907,0,10992,5069,1851,736,233,177017,3289,12,1824,52659,0,4,0,0,0,0,0,14,0,0,0,0,0,0,0,0,0,0,0,0,0,0,0,0,0,0,0,0,0,0,0,0,0,0,0,0,0,0,0,0,0,0,0,0,0,0,0,11605,0,0,12393,0,0,1063,10,14,0
OH,39133,14340,0,0,1,16204,0,0,0,2,0,0,0,0,0,2432,0,22,2,87,0,2,0,0,0,0,0,2750,313,0,0,0,0,0,0,0,0,0,0,0,0,0,0,0,0,0,0,0,0,0,352,0,0,0,0,2,0,0,0,0,0,0,0,12744,0,30613,19183,4717,1204,115,140789,819,0,402,74905,1625,3,0,0,0,0,0,0,0,0,0,0,0,0,0,0,0,0,0,0,0,1,0,0,0,0,0,0,0,0,1,0,0,0,0,0,0,0,0,0,0,0,0,0,0,0,0,14341,0,2,16226,1,0,2455,87,0,0
OH,39135,83412,0,0,0,77763,0,0,0,0,96,0,5,0,0,4737,0,554,4,21,0,0,0,0,0,0,0,1513,1104,0,0,0,0,0,0,0,0,0,0,0,0,0,0,0,0,0,0,6,2,0,6,0,0,0,0,0,0,0,0,0,0,0,0,1253,0,15331,3942,887,286,88,42261,701,310,25,38407,4,127,0,0,0,0,0,0,0,0,0,0,0,0,0,0,0,0,0,0,0,0,0,0,0,0,0,0,0,0,0,0,0,0,0,0,0,0,0,0,0,0,0,0,0,0,60,83412,0,0,78377,65,0,5291,21,0,0
OH,39137,78388,0,0,0,139109,0,0,0,2,823,0,0,0,0,32760,0,17,21,86,0,1,0,0,0,0,0,5426,238,0,0,0,9,7,0,0,0,0,0,0,0,0,0,633,0,0,4,197,4,0,175,0,1,1,0,13,0,0,0,0,0,0,0,1172,0,16434,5052,948,492,477,13188,3,1,0,13963,17,242,0,0,0,0,0,0,0,0,0,0,0,0,0,0,0,0,0,0,0,2,0,0,0,0,0,0,0,0,0,0,0,0,0,0,0,0,0,0,0,0,0,0,0,0,0,78390,0,0,139126,0,0,32779,86,0,0
OH,39139,47405,0,0,0,45410,0,0,0,0,0,0,1,0,0,6349,0,242,12,93,0,0,0,0,0,0,0,4341,1423,0,0,0,0,0,0,0,0,0,0,0,0,0,0,0,0,0,0,32,0,0,179,0,0,0,0,0,0,0,0,0,0,0,0,2982,0,25672,12273,4066,2098,75,108503,2133,3,17,56746,141,0,0,0,0,0,0,0,0,0,0,0,9,0,0,2,0,0,2,0,0,0,0,0,0,0,0,0,0,0,0,0,0,0,0,0,0,0,0,0,0,0,0,0,0,0,0,47405,0,0,45652,1,0,6591,93,0,0
OH,39141,49013,0,0,0,54730,0,0,0,0,212,0,0,0,0,4935,0,2626,3,41,0,2,0,0,0,0,0,803,6978,0,0,0,0,0,0,0,0,0,0,0,0,0,0,0,0,0,0,0,0,70,290,0,0,0,0,0,0,0,0,0,0,0,0,3136,0,19381,6909,2854,737,303,206893,1671,8,871,80985,2,33,0,2,0,0,0,8,0,0,0,0,0,0,0,0,0,0,0,0,0,0,0,0,0,0,0,0,0,0,0,0,0,0,0,0,0,0,0,0,0,0,0,0,0,0,0,49013,0,0,57356,0,0,7561,41,8,0
OH,39143,71700,0,0,2,89477,0,0,1,0,355,0,0,0,0,16440,0,144,27,33,0,0,0,0,0,0,0,4323,270,0,0,0,0,0,0,0,0,0,0,0,199,0,0,6,0,0,0,38,11,0,157,0,2,81,0,0,0,0,0,0,0,0,0,2808,0,17447,8965,2640,1021,2431,19358,10,0,0,13900,50,11438,0,0,0,0,0,0,0,0,0,0,81,0,0,0,6,0,2,0,0,3,0,0,154,0,0,0,0,0,0,0,0,0,0,0,0,0,147,0,0,0,0,0,0,0,0,71703,0,2,89621,0,0,16587,33,0,0
OH,39145,7490,0,0,0,13318,0,0,0,0,1,0,0,0,0,411,0,441,0,7,0,0,0,0,0,0,0,206,3722,0,0,0,0,0,0,0,0,0,0,0,0,0,0,0,0,0,0,1,1,0,213,0,0,0,0,0,0,0,0,0,0,0,0,3049,0,18373,8902,3396,784,183,265387,2051,14,1525,64810,0,2,0,0,0,0,0,2,0,0,0,0,0,0,0,0,0,0,0,0,0,0,0,0,0,0,0,0,0,0,0,0,0,0,0,0,0,0,0,0,0,0,0,0,0,0,0,7490,0,0,13759,0,0,852,7,2,0
OH,39147,98625,0,0,0,129332,0,0,0,8,146,0,0,0,0,30533,0,69,14,58,0,0,0,0,0,0,0,3317,985,0,0,0,0,0,0,0,0,0,0,0,75,0,0,0,0,0,0,51,4,0,292,0,0,25,0,0,0,0,0,0,0,0,0,1475,0,19311,7243,1918,921,1512,33112,14,5,9,22862,17,1497,0,0,0,0,0,0,0,0,0,0,1,0,0,0,2,0,1,0,0,62,0,0,19,0,0,0,0,0,0,0,0,0,0,0,0,0,1,0,0,0,0,0,0,0,0,98687,0,0,129401,0,0,30664,58,0,0
OH,39149,79243,0,0,0,87914,0,0,0,0,160,0,0,0,0,9369,0,84,0,48,0,0,0,0,0,0,0,5627,304,0,0,0,0,0,0,0,0,0,0,0,0,0,0,16,0,0,0,90,2,1,54,0,0,0,0,0,0,0,0,0,0,0,0,2001,0,16016,5555,1714,807,380,26566,50,1,3,26792,2,247,0,0,0,0,0,0,0,0,0,0,0,0,0,0,0,0,0,0,0,4,0,0,0,0,0,0,0,0,0,1,0,0,0,0,0,0,0,0,0,0,0,0,0,0,0,79247,0,1,87998,0,0,9458,48,0,0
OH,39151,30335,0,0,13,22611,0,0,0,2,0,0,2,0,0,5961,0,68,11,97,0,28,0,0,0,0,0,5262,1311,0,0,0,0,0,0,0,0,0,0,0,0,0,0,0,0,0,0,0,0,0,254,0,0,1,0,0,0,0,0,0,0,0,0,4597,0,55758,39450,12613,7165,522,94104,879,1,19,89816,567,9,0,0,0,0,0,0,0,0,0,0,0,0,0,0,0,0,0,0,0,5,0,0,0,0,0,0,0,0,4,0,8,0,0,2,0,0,0,0,0,0,0,0,0,0,1,30348,0,17,22682,15,0,6034,99,0,0
OH,39153,1964,0,0,0,1220,0,0,0,0,0,0,0,0,0,172,0,0,0,6,0,0,0,0,0,0,0,383,182,0,0,0,0,0,0,0,0,0,0,0,0,0,0,0,0,0,0,0,0,0,121,0,0,0,0,0,0,0,0,0,0,0,0,5244,0,69314,54615,19892,7547,123,85144,968,0,16,20505,1454,1,0,0,0,0,0,0,0,0,0,0,0,0,0,0,0,0,0,0,0,0,0,0,0,0,0,0,0,0,0,0,0,0,0,0,0,0,0,0,0,0,0,0,0,0,0,1964,0,0,1220,0,0,172,6,0,0
OH,39155,21925,0,0,51,22813,0,0,0,8,0,0,4,0,0,2521,0,2,0,490,0,0,0,0,0,0,0,1382,4822,0,0,0,0,0,0,0,0,0,0,0,0,0,0,0,0,0,0,0,0,0,1687,0,0,0,4,5,0,0,0,0,0,0,0,13772,0,42883,28733,6703,3471,96,163539,903,1,1920,74866,14165,49,0,0,0,0,0,0,0,0,0,0,0,0,0,0,0,0,0,0,0,15,0,0,0,0,0,0,0,0,0,0,0,0,0,0,0,0,0,0,0,0,0,0,0,0,59,21940,0,51,22874,63,0,2538,490,0,0
OH,39157,17343,0,0,34,9662,0,0,0,2,0,0,14,0,0,1505,0,5,41,51,0,0,0,0,0,0,0,3865,4289,0,0,0,0,0,0,0,0,0,0,0,0,0,0,0,0,0,0,0,0,0,247,0,0,0,0,1,1,0,0,0,0,0,0,4459,0,25340,9672,3697,1447,932,200045,2147,0,12,80613,290,5,0,0,0,0,0,0,0,0,0,0,0,0,0,0,0,0,1,0,0,2,0,0,1,0,0,0,0,0,15,0,0,0,0,0,0,0,0,0,0,0,0,0,0,0,3,17345,0,49,9670,32,0,1512,51,0,0
OH,39159,63410,0,0,0,104085,0,0,0,1,1,0,6,0,0,10068,0,179,6,24,0,0,0,0,0,0,0,3138,834,0,0,0,0,1,1,0,0,0,0,0,0,0,0,1,0,0,0,8,16,4,280,0,0,0,0,0,0,0,0,0,0,0,0,1306,0,13104,7281,1905,747,811,26054,19,10,3,46048,6,253,0,0,0,0,0,0,0,0,0,0,0,0,0,0,0,0,1,0,0,1,0,0,0,0,0,0,0,0,0,27,0,0,0,0,0,0,0,0,0,0,0,0,0,0,0,63411,0,27,104264,6,0,10275,24,0,0
OH,39161,81782,0,0,0,118319,0,0,0,0,6895,0,0,0,0,13631,0,52,1,14,0,0,0,0,0,0,0,1204,157,0,0,0,1,0,0,0,0,0,0,0,0,0,0,12,0,0,0,34,0,0,50,0,0,0,0,0,0,0,0,0,0,0,0,510,0,15565,4532,891,470,166,9026,0,2,3,9156,30,189,0,0,0,0,0,0,0,0,0,0,0,0,0,0,0,0,0,0,0,4,0,0,1,0,0,0,0,0,0,0,0,0,0,0,0,0,0,0,0,0,0,0,0,0,0,81786,0,0,118371,0,0,13687,14,0,0
OH,39163,1330,0,0,0,1106,0,0,0,1,0,0,0,0,0,47,0,3,0,2,0,0,0,0,0,0,0,33,4151,0,0,0,0,0,0,0,0,0,0,0,0,0,0,0,0,0,0,0,0,0,97,0,0,0,0,0,0,0,0,0,0,0,0,965,0,14885,1162,214,65,323,209328,4330,1,77,27450,1,1,0,0,0,0,0,0,0,0,0,0,0,0,0,0,0,0,0,0,0,0,0,0,0,0,0,0,0,0,0,0,0,0,0,0,0,0,0,0,0,0,0,0,0,0,0,1330,0,0,1109,0,0,50,2,0,0
OH,39165,22154,0,0,0,32754,0,0,0,1,22,0,0,0,0,2378,0,518,2,15,0,0,0,0,0,0,0,595,1409,0,0,0,10,0,1,0,0,0,0,0,0,0,0,4,0,0,0,5,68,0,18,0,0,0,0,0,0,0,0,0,0,0,0,4973,0,32055,20033,5956,1754,175,68361,686,85,160,66114,1,298,0,0,0,0,0,0,0,0,0,0,0,0,0,0,0,0,0,0,0,4,0,0,1,0,0,0,0,0,0,0,0,0,0,0,0,0,0,0,0,0,0,0,0,0,0,22158,0,0,33272,0,0,2900,15,0,0
OH,39167,6326,0,0,7,4066,0,0,0,18,0,0,1,0,0,580,0,1,5,12,0,0,0,0,0,0,0,1373,2145,0,0,0,0,0,0,0,0,0,0,0,0,0,0,0,0,0,0,0,0,0,37,0,0,0,0,0,0,0,0,0,0,0,0,3730,0,29361,7848,2004,487,103,272201,3523,0,15,75836,0,1,0,0,0,0,0,0,0,0,0,0,0,0,0,0,0,0,0,0,0,0,0,0,0,0,0,0,0,0,0,0,0,0,0,0,0,0,0,0,0,0,0,0,0,0,12,6326,0,7,4079,13,0,581,12,0,0
OH,39169,65306,0,0,54,41491,0,0,0,1,0,0,9,0,0,6844,0,32,95,317,0,5,0,0,0,0,0,14346,1517,0,0,0,0,215,0,0,0,0,0,0,0,0,0,0,0,0,0,56,0,0,136,0,0,0,0,2,9,0,0,0,0,0,0,3077,0,24369,14240,3607,1528,86,62839,524,0,34,114882,615,14,0,0,0,0,0,0,0,0,0,0,0,0,0,1,0,0,0,0,0,0,0,0,0,0,0,0,0,0,4,0,26,0,0,0,0,0,0,0,0,0,0,0,0,0,34,65332,0,58,41557,73,0,6876,317,0,0
OH,39171,53482,0,0,0,73587,0,0,0,1,22,0,0,0,0,21868,0,9,4,111,0,0,0,0,0,0,0,3308,91,0,0,0,22,4,0,0,0,0,0,0,0,0,0,9,0,0,0,16,0,0,51,0,0,0,0,1,0,0,0,0,0,0,0,1611,0,14203,6725,1784,796,598,16903,30,3,18,58669,16617,185,0,0,0,0,0,0,0,0,0,0,0,0,0,0,0,0,0,0,0,1,0,0,0,0,0,0,0,0,0,0,0,0,0,0,0,0,0,0,0,0,0,0,0,0,0,53483,0,0,73596,0,0,21878,111,0,0
OH,39173,105899,0,0,0,139982,0,0,0,33,786,0,0,0,0,39433,0,123,12,4,0,20,0,0,0,0,0,4576,488,0,0,0,50,2,1,0,0,0,0,0,2,0,0,73,0,0,3,25,103,0,193,0,0,16,0,5,0,0,0,0,0,0,0,3024,0,27013,18585,5975,2679,2432,17677,35,0,0,26839,166,982,0,0,1,0,0,0,0,0,0,0,1,0,0,0,1,0,1,0,0,0,0,0,2,0,0,0,0,0,0,0,0,0,0,0,0,0,1,0,0,0,0,0,0,0,0,105899,0,0,140105,0,0,39556,4,0,0
OH,39175,78389,0,0,0,99163,0,0,0,2,1,0,0,0,0,11382,0,21,1,27,0,4,0,0,0,0,0,1312,655,0,0,0,0,0,1,0,0,0,0,0,0,0,0,1,0,0,0,22,0,0,79,0,0,0,0,0,0,0,0,0,0,0,0,2475,0,12736,3644,871,363,1329,27276,13,8,2,20669,17,407,0,0,0,0,0,0,0,0,0,0,1,0,0,0,0,0,1,0,0,3,0,0,0,0,0,0,0,0,0,0,0,0,0,0,0,0,0,0,0,0,0,0,0,0,0,78392,0,0,99184,0,0,11406,27,0,0
OK,40001,87,0,0,6,22,0,0,0,0,0,0,0,0,0,32,0,4,0,1,0,0,0,0,0,0,0,31,0,0,0,0,0,0,0,0,0,0,0,0,0,0,0,0,0,0,0,0,0,0,2,0,0,0,0,0,0,0,0,0,0,0,0,689,0,14844,1291,332,119,62,217336,3091,201,324,130723,80,4,0,0,0,0,0,0,0,0,0,0,0,0,0,0,0,0,0,0,0,1,0,0,0,0,0,0,0,0,0,0,0,0,0,0,0,0,0,0,0,0,0,0,0,0,0,88,0,6,26,0,0,37,1,0,0
OK,40003,4618,38,0,8022,2981,0,0,0,0,0,0,79,0,0,252325,0,280,8035,248,1,0,11341,0,0,0,0,18310,0,0,0,0,0,0,73,0,0,0,0,0,0,0,0,0,0,0,5,0,0,0,8098,0,0,0,0,0,0,0,0,0,0,0,0,11752,0,20844,2778,276,74,13846,5794,286,1,70,186571,5081,670,0,487,0,0,0,0,0,0,0,0,0,0,0,0,0,0,0,0,0,254,0,0,0,0,0,0,0,0,0,871,0,0,0,0,0,0,0,0,0,0,0,0,0,0,0,4872,38,8893,3261,79,0,253730,248,0,0
OK,40005,18,0,0,16,42,0,225,0,0,0,0,0,0,0,734,0,3,40,9,0,0,0,0,0,0,0,22,0,0,0,0,0,0,1,0,0,0,0,0,0,0,0,0,0,0,0,0,0,0,187,0,0,0,0,0,0,0,0,0,0,0,0,10790,0,19000,1619,444,153,208,312021,35434,4206,3502,244574,130,205,0,9,0,0,0,0,0,0,0,0,0,0,0,0,0,0,0,0,0,0,0,0,0,0,0,0,0,0,0,0,0,0,0,0,2,0,0,0,0,0,0,0,0,0,0,20,0,16,47,0,0,737,9,0,0
OK,40007,8600,160,0,37870,5,0,0,0,0,0,0,567,0,79,115549,0,0,63,192,0,0,539,0,0,0,0,2522,0,0,0,0,0,0,0,0,0,0,0,0,0,0,0,0,0,0,3,0,0,0,88027,0,0,0,0,0,0,0,0,0,0,0,0,729,0,44373,1776,99,10,256,24,1,0,17065,837189,5468,72,0,433,0,0,0,0,0,0,0,0,0,0,0,0,0,0,0,0,0,103,0,0,0,0,0,0,0,0,0,1475,0,6,0,0,0,0,0,0,0,0,0,0,0,0,0,8703,166,39345,5,567,0,117133,192,0,0
OK,40009,446,9432,0,1003,8,0,515,0,0,0,0,17,0,0,72105,0,2,11181,244,21,0,482,0,0,0,0,1615,0,0,0,0,1,0,0,0,0,0,62,0,0,0,1,0,0,0,25,0,0,0,7437,0,0,0,0,0,0,0,27,0,0,0,0,476,0,21676,3472,1016,322,286,12,89,16071,181901,245399,1335,0,0,1656,0,0,0,0,0,0,0,0,0,0,0,0,0,0,0,0,13,23,0,0,0,0,0,0,0,0,5,182,0,97,0,0,0,0,0,0,0,0,0,0,0,0,0,469,9529,1190,10,22,0,72409,244,0,0
OK,40011,379,713,0,2093,74,29,50,0,0,0,0,233,0,0,216306,0,51,15592,120,0,0,16432,0,0,0,0,3284,0,0,0,0,0,0,37,0,0,0,0,0,0,0,5,0,0,0,10,0,0,0,7724,0,0,0,0,0,0,0,9,0,0,0,0,6676,0,21527,4059,765,262,736,12872,42511,1301,41,242866,1,6,0,3455,0,0,0,0,0,0,0,0,0,0,0,0,0,0,0,0,0,75,0,0,0,0,0,0,0,0,0,546,0,51,0,0,0,0,0,0,0,0,0,0,0,0,0,454,764,2639,125,233,0,217029,120,0,0
OK,40013,3613,0,0,613,4170,0,718,0,0,0,0,4,0,0,5647,0,859,256,27,143,0,2,0,0,0,0,709,2,0,0,0,0,0,8,0,0,0,0,0,0,0,0,0,0,0,0,0,0,0,763,0,0,0,0,0,0,0,121,0,0,0,0,22392,0,23965,3729,1218,575,1122,165492,901,3110,88,362683,471,343,0,13,0,0,0,0,0,0,0,0,0,0,0,0,0,0,0,0,0,0,0,0,0,0,0,0,0,0,0,2,0,0,0,0,0,0,0,0,0,0,0,0,0,0,0,3613,0,615,5029,4,0,6508,27,0,0
OK,40015,5447,10141,0,11679,761,2,1854,0,0,0,0,693,0,2,201914,0,5019,4532,173,61,0,5758,0,0,0,0,4340,0,0,0,0,7,0,84,0,0,0,0,0,0,0,40,0,0,0,207,0,0,0,12285,0,0,0,0,0,0,0,3,0,0,0,0,6668,0,39356,3469,1250,520,26,47816,37772,64,399,419367,0,3,0,334,0,0,0,0,0,0,0,0,0,0,0,0,0,0,0,0,0,1164,54,0,0,0,0,0,0,0,11,1791,0,623,0,0,0,0,0,0,0,0,0,0,0,0,0,6665,10764,13481,5780,704,0,210511,227,0,0
OK,40017,1844,838,0,2287,1188,0,0,0,0,0,0,172,0,0,189388,0,669,13561,900,0,0,5537,0,0,0,0,11947,0,0,0,0,0,0,0,0,0,0,0,0,0,0,9,0,0,0,0,0,0,0,9223,0,0,0,6,0,0,0,0,0,0,0,0,5316,0,26998,10835,5799,1602,169,27498,17802,0,0,244492,0,1,0,399,0,0,0,0,0,0,0,0,0,0,0,0,0,0,0,0,0,1,0,0,0,0,0,0,0,0,207,296,0,38,0,1,0,0,0,0,0,0,0,0,0,0,99,1845,876,2790,1957,478,0,190392,901,0,0
OK,40019,123,2,0,112,42,0,1,0,0,0,0,28,0,0,12956,0,7,187,91,1,0,2,0,0,0,0,393,0,0,0,0,0,0,13,0,0,0,0,0,0,0,0,0,0,0,0,0,0,0,445,0,0,0,0,0,0,0,44,0,0,0,0,6735,0,21889,8858,2516,1049,630,151551,918,0,0,324961,3,21,0,2,0,0,0,0,0,0,0,0,0,0,0,0,0,0,0,0,0,0,0,0,0,0,0,0,0,0,0,4,0,0,0,0,1,0,0,0,0,0,0,0,0,0,0,124,2,116,50,28,0,12967,91,0,0
OK,40021,29,0,0,0,26,0,0,0,0,0,0,0,0,0,15,0,9,1,9,0,0,0,0,0,0,0,2,0,0,0,0,0,0,0,0,0,0,0,0,0,0,0,0,0,0,0,0,0,0,50,0,0,0,0,0,0,0,0,0,0,0,0,16821,0,21197,3168,943,324,262,281507,4243,401,216,166629,1035,2,0,0,0,0,0,0,0,0,0,0,0,0,0,0,0,0,0,0,0,0,0,0,0,0,0,0,0,0,0,0,0,0,0,0,0,0,0,0,0,0,0,0,0,0,0,29,0,0,35,0,0,24,9,0,0
OK,40023,3346,0,0,56,1783,0,0,0,0,0,0,0,0,0,2618,0,371,199,52,0,0,0,0,0,0,0,253,0,0,0,0,0,0,1,0,0,0,0,0,0,0,0,0,0,0,0,0,0,0,1608,0,0,0,0,0,0,0,0,0,0,0,0,18700,0,19361,2333,386,79,983,174242,21343,5294,1542,253112,4434,385,0,0,0,0,0,0,0,0,0,0,0,0,0,0,0,0,0,0,0,0,0,0,0,0,0,0,0,0,0,1,0,0,0,0,0,0,0,0,0,0,0,0,0,0,0,3346,0,57,2154,0,0,2990,52,0,0
OK,40025,25738,0,0,37886,11,0,0,0,878,0,0,0,0,0,234525,0,0,0,575,1024,0,0,0,0,0,0,4930,0,0,0,0,176,0,0,0,0,0,0,0,0,0,6,0,0,0,0,0,0,2,14186,0,0,0,0,0,0,0,0,0,0,0,0,25,0,29180,1743,121,30,19,2,769,0,59535,758575,721,915,0,572,0,0,0,0,0,0,0,0,0,0,0,0,0,0,0,0,0,3156,0,0,0,0,0,0,0,0,0,3045,0,0,0,0,0,0,0,0,0,0,0,0,0,0,0,28894,0,40931,11,0,0,240726,575,0,0
OK,40027,1527,37,0,329,206,0,0,0,0,0,0,51,0,0,4834,0,9,389,160,22,0,19,0,0,0,0,3102,0,0,0,0,0,0,0,0,0,0,0,0,0,0,0,0,0,0,0,0,0,0,1237,0,0,0,0,0,0,0,10,0,0,0,0,9465,0,28073,17544,8986,2573,166,124545,421,0,0,153592,0,36,0,1,0,0,0,0,0,0,0,0,0,0,0,0,0,0,0,0,0,1,0,0,0,0,0,0,0,0,0,13,0,0,0,6,0,0,0,0,0,0,0,0,0,0,0,1528,37,342,221,51,0,4857,166,0,0
OK,40029,52,0,0,12,58,0,0,0,0,0,0,0,0,0,1317,0,11,17,9,0,0,0,0,0,0,0,71,0,0,0,0,0,0,0,0,0,0,0,0,0,0,0,0,0,0,0,0,0,0,121,0,0,0,0,0,0,0,0,0,0,0,0,2240,0,11234,704,111,38,109,134125,1263,36,36,182014,2,79,0,9,0,0,0,0,0,0,0,0,0,0,0,0,0,0,0,0,0,0,0,0,0,0,0,0,0,0,0,0,0,0,0,0,2,0,0,0,0,0,0,0,0,0,0,54,0,12,71,0,0,1328,9,0,0
OK,40031,607,2439,0,1829,6,0,0,0,0,0,0,827,0,0,84760,0,6,75,503,1,0,363,0,0,0,0,3667,0,0,0,0,76,0,0,0,0,0,0,0,0,0,0,0,0,0,77,0,0,0,6372,0,0,0,0,0,0,0,0,0,0,0,0,8304,0,30387,12169,6121,2404,190,50180,5040,2884,7065,466792,14,4,0,6,0,0,0,0,0,0,0,0,0,0,0,0,0,0,0,0,0,0,0,0,0,0,0,0,0,0,0,102,0,310,0,0,0,0,0,0,0,0,0,0,0,0,0,607,2749,1931,12,827,0,85178,503,0,0
OK,40033,46,3497,0,2523,4,0,0,0,0,0,0,85,0,0,173252,0,28,111,82,27,0,3051,0,0,0,0,324,0,0,0,0,0,0,0,0,0,0,0,0,0,0,0,0,0,0,0,0,0,0,5397,0,0,0,0,0,0,0,0,0,0,0,0,2108,0,15409,1548,550,90,2092,15469,25,0,43,183748,0,143,0,0,0,0,0,0,0,0,0,0,0,0,0,0,0,0,0,0,0,0,0,0,0,0,0,0,0,0,0,918,0,415,0,0,0,0,0,0,0,0,0,0,0,0,0,46,3912,3441,32,85,0,174613,82,0,0
OK,40035,3202,0,0,868,4044,0,0,0,0,0,0,38,0,0,3434,0,5908,100,121,0,0,0,0,0,0,0,9,4,0,0,0,0,0,69,0,0,0,0,0,0,0,0,0,0,0,0,77,0,0,668,0,5,0,0,0,0,0,30,0,0,0,0,2082,0,20878,2467,552,234,99,69011,28,1,36,373886,154,55,0,0,0,0,0,0,0,0,0,0,0,0,0,0,0,0,0,0,0,0,0,0,0,0,0,0,0,0,0,24,0,0,0,2,0,0,0,0,0,0,0,0,0,0,60,3202,0,892,10014,98,0,9366,123,0,0
OK,40037,421,0,0,25,277,0,1,0,0,0,0,1,0,0,1251,0,152,40,5,0,0,0,0,0,0,0,100,0,0,0,0,0,0,1,0,0,0,0,0,0,0,0,0,0,0,0,0,0,0,90,0,0,0,0,0,0,0,12,0,0,0,0,9946,0,45102,7775,2775,1162,129,317797,186,0,0,233472,0,16,0,2,0,0,0,0,0,0,0,0,0,0,0,0,0,0,0,0,0,0,0,0,0,0,0,0,0,0,0,0,0,0,0,0,0,0,0,0,0,0,0,0,0,0,0,421,0,25,429,1,0,1403,5,0,0
OK,40039,952,2631,0,3370,106,100,249,0,0,0,0,564,0,0,198408,0,435,1791,792,1,0,11655,0,0,0,0,8249,0,0,0,0,0,0,16,0,0,0,0,0,0,0,148,0,0,0,247,0,0,0,3958,0,0,0,0,0,0,0,16,0,0,0,0,6337,0,27660,4030,1471,796,145,3144,9126,3770,26738,322789,74,2,0,71,0,0,0,0,0,0,0,0,0,0,0,0,0,0,0,0,0,424,1,0,0,0,0,0,0,0,0,583,0,440,0,0,0,0,0,0,0,0,0,0,0,0,0,1377,3071,3953,541,564,0,200290,793,0,0
OK,40041,392,0,0,299,538,0,0,0,0,0,0,0,0,0,565,0,2470,0,70,0,0,0,0,0,0,0,2,0,0,0,0,0,0,260,0,0,0,0,0,0,0,0,0,0,0,0,0,0,0,76,0,0,0,0,0,0,0,0,0,0,0,0,34937,0,24126,3513,867,375,91,223975,3187,12,43,210529,445,0,0,0,0,0,0,0,0,0,0,0,0,0,0,0,0,0,0,0,0,28,0,0,0,0,0,0,0,0,0,43,0,0,0,63,0,0,0,0,0,0,0,0,0,0,145,420,0,342,3216,145,0,3106,133,0,0
OK,40043,55,198,0,1152,40,5,27,0,0,0,0,72,0,0,110506,0,0,11832,203,0,0,7419,0,0,0,0,1783,0,0,0,0,0,0,16,0,0,0,0,0,0,0,129,0,0,0,2,0,0,0,6694,0,0,0,0,0,0,0,11,0,0,0,0,2258,0,26514,1689,302,89,396,5499,65627,8138,11210,382377,66,1,0,928,0,0,0,0,0,0,0,0,0,0,0,0,0,0,0,0,0,6,0,0,0,0,0,0,0,0,0,28,0,0,0,0,0,0,0,0,0,0,0,0,0,0,0,61,198,1180,40,72,0,110540,203,0,0
OK,40045,15,267,0,3436,1,4,0,0,0,0,0,3,0,0,55969,0,0,270,116,0,0,873,0,0,0,0,836,0,0,0,0,0,0,3,0,0,0,0,0,0,0,0,0,0,0,289,0,0,0,21582,0,0,0,0,0,0,0,0,0,0,0,0,602,0,30341,2317,259,61,694,4,2711,1098,100768,563954,587,1,0,416,0,0,0,0,0,0,0,0,0,0,0,0,0,0,0,0,0,0,0,0,0,0,0,0,0,0,0,820,0,0,0,0,0,0,0,0,0,0,0,0,0,0,0,15,267,4256,1,3,0,56789,116,0,0
OK,40047,19884,0,0,20909,1028,0,0,0,0,0,0,476,0,8,297151,0,7423,12969,1331,18,0,15228,0,0,0,0,4983,0,0,0,0,0,0,0,0,0,0,0,0,0,0,14,0,0,0,79,0,0,0,13663,0,2,0,0,0,0,0,1,0,0,0,0,1792,0,31231,8787,3638,1593,37,13278,1194,0,0,215154,178,3,0,84,0,0,0,0,0,0,0,0,0,0,0,0,0,0,0,0,0,365,0,0,0,0,0,0,0,0,0,5922,0,14,0,0,0,0,0,0,0,0,0,0,0,0,0,20249,14,26831,8451,476,0,310875,1331,0,0
OK,40049,8693,397,0,1182,3372,0,0,0,0,0,0,110,0,0,22170,0,57,610,181,8,0,148,0,0,0,0,14179,0,0,0,0,0,0,16,0,0,0,0,0,0,0,0,0,0,0,0,0,0,0,1013,0,0,0,0,0,0,0,13,0,0,0,0,4531,0,27098,4922,938,385,108,103354,121,0,0,326886,4,13,0,23,0,0,0,0,0,0,0,0,0,0,0,0,0,0,0,0,0,4,0,0,0,0,0,0,0,0,0,256,0,0,0,6,1,0,0,0,0,0,0,0,0,0,0,8698,397,1438,3436,110,0,22487,187,0,0
OK,40051,4878,1250,0,4663,1187,111,88,0,0,0,0,358,0,0,91206,0,94,3733,362,8,0,765,0,0,0,0,22406,0,0,0,0,0,0,0,0,0,0,0,0,0,0,0,0,0,0,1,0,0,0,5858,0,0,0,0,0,0,0,0,0,0,0,0,4357,0,28509,5486,2008,709,43,78929,1353,0,0,448575,0,2,0,169,0,0,0,0,0,0,0,0,0,0,0,0,0,0,0,0,14,2,0,0,0,0,0,0,0,0,1,262,0,246,0,0,0,0,0,0,0,0,0,0,0,0,0,4880,1496,4926,1281,359,0,91810,362,0,0
OK,40053,19586,90,0,22507,14810,87,0,0,2,0,0,2,0,134,287864,0,6049,1278,446,0,0,14841,0,0,0,0,5771,2,0,0,0,11,0,2,0,0,0,0,0,0,0,0,0,0,0,223,2,0,0,25208,0,0,0,0,0,0,0,0,0,0,0,0,2201,0,24773,3236,313,79,34,2829,66,0,81,188422,15145,424,0,14,0,0,0,0,0,0,0,0,0,0,0,0,0,0,0,0,0,1164,0,0,0,0,0,0,0,0,11,4562,0,0,0,1,0,0,0,0,0,0,0,0,0,0,0,20750,90,27080,20860,13,0,299639,447,0,0
OK,40055,7,1765,0,1010,15,0,39,0,0,0,0,182,0,0,107595,0,1,1995,55,2,0,736,0,0,0,0,1061,0,0,0,0,0,0,6,0,0,0,11,0,0,0,2,0,0,0,0,0,0,0,3515,0,0,0,0,0,0,0,6,0,0,0,0,1275,0,15751,1002,117,38,230,17,25,12648,232537,25485,1168,28,0,41,0,0,0,0,0,0,0,0,0,0,0,0,0,0,0,0,0,0,0,0,0,0,0,0,0,0,11,72,0,3511,0,0,0,0,0,0,0,0,0,0,0,0,0,7,5276,1093,16,193,0,111179,55,0,0
OK,40057,667,12791,0,391,8,0,140,0,0,0,0,4,0,0,79256,0,0,136,9,2,0,1179,0,0,0,0,824,0,0,0,0,0,0,0,0,0,0,0,0,0,0,0,0,0,0,0,0,0,0,1474,0,0,0,0,0,0,0,1,0,0,0,0,35,0,13252,644,90,9,1546,0,0,3427,192556,26918,607,0,0,386,0,0,0,0,0,0,0,0,0,0,0,0,0,0,0,0,0,0,0,0,0,0,0,0,0,0,0,670,0,7657,0,0,0,0,0,0,0,0,0,0,0,0,0,667,20448,1061,8,4,0,87583,9,0,0
OK,40059,532,243,0,2191,0,0,0,0,0,0,0,1,0,2,99288,0,0,1310,84,0,0,1360,0,0,0,0,4446,0,0,0,0,0,0,1,0,0,0,0,0,0,0,0,0,0,0,7,0,0,0,19006,0,0,0,0,0,0,0,0,0,0,0,0,1233,0,22645,1551,237,75,350,5,3717,17,1122,504155,1349,18,0,519,0,0,0,0,0,0,0,0,0,0,0,0,0,0,0,0,0,0,0,0,0,0,0,0,0,0,0,750,0,0,0,0,0,0,0,0,0,0,0,0,0,0,0,532,243,2941,0,1,0,100038,84,0,0
OK,40061,535,0,0,20,87,0,0,0,0,0,0,0,0,0,770,0,394,2,2,0,0,0,0,0,0,0,3,0,0,0,0,0,0,20,0,0,0,0,0,0,0,0,0,0,0,0,0,0,0,235,0,2,0,0,0,0,0,0,0,0,0,0,30197,0,10388,1526,201,98,853,128108,12813,4156,344,206996,2408,20,0,0,0,0,0,0,0,0,0,0,0,0,0,0,0,0,0,0,0,0,0,0,0,0,0,0,0,0,0,0,0,0,0,0,0,0,0,0,0,0,0,0,0,0,0,535,0,20,481,0,0,1164,2,0,0
OK,40063,885,0,0,131,1363,0,4,0,0,0,0,1,0,0,4693,0,47,26,53,0,0,0,0,0,0,0,118,0,0,0,0,0,0,24,0,0,0,0,0,0,0,0,0,0,0,0,0,0,0,120,0,0,0,0,0,0,0,0,0,0,0,0,6923,0,22819,1647,299,99,360,255770,2346,17,8,223455,0,6,0,8,0,0,0,0,0,0,0,0,0,0,0,0,0,0,0,0,0,123,0,0,0,0,0,0,0,0,0,0,0,0,0,0,0,0,0,0,0,0,0,0,0,0,0,1008,0,131,1410,1,0,4863,53,0,0
OK,40065,14,14479,0,687,2,0,7,0,0,0,0,1668,0,0,226712,0,0,93,16,0,0,7514,0,0,0,0,540,0,0,0,0,0,0,0,0,0,0,1,0,0,0,4,0,0,0,0,0,0,0,2129,0,0,0,0,0,0,0,15,0,0,0,0,883,0,23002,4115,916,591,1403,980,15,8921,160061,21717,825,7,0,19,0,0,0,0,0,0,0,0,0,0,0,0,0,0,0,0,0,0,0,0,0,0,0,0,0,0,303,495,0,36416,0,0,0,0,0,0,0,0,0,0,0,0,0,14,50895,1485,2,1971,0,263623,16,0,0
OK,40067,143,22,0,298,35,0,12,0,0,0,0,2,0,0,81055,0,0,1555,266,0,0,72,0,0,0,0,173,0,0,0,0,0,0,35,0,0,0,0,0,0,0,0,0,0,0,0,0,0,0,3539,0,0,0,0,0,0,0,0,0,0,0,0,7891,0,12783,1315,302,55,1341,43061,15,0,483,340815,4,5,0,2,0,0,0,0,0,0,0,0,0,0,0,0,0,0,0,0,0,0,0,0,0,0,0,0,0,0,0,24,0,2,0,0,6,0,0,0,0,0,0,0,0,0,0,149,24,322,41,2,0,81081,266,0,0
OK,40069,68,0,0,70,113,0,0,0,0,0,0,0,0,0,3920,0,6,39,41,0,0,0,0,0,0,0,104,0,0,0,0,0,0,7,0,0,0,0,0,0,0,0,0,0,0,0,0,0,0,170,0,0,0,0,0,0,0,12,0,0,0,0,8717,0,13932,1173,278,68,895,147559,4060,0,0,237942,2064,54,0,1,0,0,0,0,0,0,0,0,0,0,0,0,0,0,0,0,0,0,0,0,0,0,0,0,0,0,0,0,0,0,0,0,0,0,0,0,0,0,0,0,0,0,0,68,0,70,119,0,0,3926,41,0,0
OK,40071,20543,852,0,11260,31594,99,0,0,0,0,0,148,0,9,179243,0,29977,15,1066,10,0,833,0,0,0,0,5854,0,0,0,0,0,0,145,0,0,0,0,0,0,0,0,0,0,0,0,0,0,0,9703,0,13,0,0,0,0,0,179,0,0,0,0,19602,0,25590,10079,2248,802,210,17372,34,11,322,205363,28131,2377,0,107,0,0,0,0,0,0,0,0,0,0,0,0,0,0,0,0,68,199,0,0,0,0,0,0,0,0,0,778,0,0,0,0,0,0,0,0,0,0,0,0,0,0,0,20742,852,12038,61571,148,0,210197,1066,0,0
OK,40073,1814,29,0,1252,371,0,0,0,119,0,0,60,0,0,224013,0,292,82971,933,0,0,11382,0,0,0,0,7355,0,0,0,0,0,0,0,0,0,0,0,0,0,0,0,0,0,0,0,0,0,0,7625,0,0,0,0,0,0,0,66,0,0,0,0,4751,0,25580,2631,810,262,77,18056,709,0,0,188314,1,74,0,40,0,0,0,0,0,0,0,0,0,0,0,0,0,0,0,0,1,120,0,0,0,0,0,0,0,0,35,103,0,0,0,0,0,0,0,0,0,0,0,0,0,0,0,1934,29,1390,663,95,0,224528,933,0,0
OK,40075,276,3234,0,9365,306,0,22,0,0,0,0,4331,0,17,284312,0,198,153,68,32,0,2002,0,0,0,0,2477,0,0,0,0,0,0,0,0,0,0,0,0,0,0,28,0,0,0,382,0,0,0,10482,0,0,0,0,0,0,0,11,0,0,0,0,7055,0,28206,2074,338,111,156,3451,800,16714,136095,144406,397,52,0,9,0,0,0,0,0,0,0,0,0,0,0,0,0,0,0,0,0,1,0,0,0,0,0,0,0,0,694,362,0,691,0,0,0,0,0,0,0,0,0,0,0,0,274,277,3925,10421,778,5299,0,285564,68,0,0
OK,40077,26,0,0,0,1,0,0,0,0,0,0,0,0,0,2,0,4,0,0,0,0,0,0,0,0,0,0,0,0,0,0,0,0,0,0,0,0,0,0,0,0,0,0,0,0,0,0,0,0,77,0,6,0,0,0,0,0,0,0,0,0,0,3312,0,9544,1193,239,107,95,270088,54610,11143,1517,112682,1996,2,0,0,0,0,0,0,0,0,0,0,0,0,0,0,0,0,0,0,0,0,0,0,0,0,0,0,0,0,0,0,0,0,0,0,0,0,0,0,0,0,0,0,0,0,0,26,0,0,5,0,0,6,0,0,0
OK,40079,2886,0,0,5,11905,0,0,0,0,0,0,0,0,0,1832,0,4548,2,33,3,0,0,0,0,0,0,1189,0,0,0,0,0,0,0,0,0,0,0,0,0,0,0,0,0,0,0,0,0,0,953,0,15,0,0,0,0,0,0,0,0,0,0,13526,0,36863,5794,974,348,250,374039,259587,27850,4284,277621,5040,54,0,0,0,0,0,0,0,0,0,0,0,0,0,0,0,0,0,0,0,0,0,0,0,0,0,0,0,0,0,1,0,0,0,0,4,0,0,0,0,0,0,0,0,0,0,2890,0,6,16457,0,0,6381,33,0,0
OK,40081,861,1,0,158,525,0,1,0,0,0,0,1,0,0,10886,0,95,110,136,0,0,4,0,0,0,0,2462,0,0,0,0,0,0,1,0,0,0,0,0,0,0,0,0,0,0,0,1,0,0,856,0,0,0,0,0,0,0,1,0,0,0,0,6133,0,31715,3170,978,271,141,198328,1557,0,0,359532,0,28,0,20,0,0,0,0,0,0,0,0,0,0,0,0,0,0,0,0,0,10,0,0,0,0,0,0,0,0,0,52,0,0,0,0,24,0,0,0,0,0,0,0,0,0,0,895,1,210,644,1,0,11043,136,0,0
OK,40083,2103,28,0,2499,382,0,0,0,0,0,0,29,0,0,62496,0,255,14476,593,0,0,2319,0,0,0,0,2057,0,0,0,0,0,0,0,0,0,0,0,0,0,0,0,0,0,0,0,1,0,0,7007,0,0,0,0,0,0,0,0,0,0,0,0,6212,0,25184,2907,958,312,83,99126,6430,0,0,243265,0,45,0,195,0,0,0,0,0,0,0,0,0,0,0,0,0,0,0,0,4,1,0,0,0,0,0,0,0,0,0,269,0,1,0,0,0,0,0,0,0,0,0,0,0,0,0,2104,29,2768,637,29,0,63022,593,0,0
OK,40085,311,3,0,833,55,0,27,0,0,0,0,0,0,0,8836,0,0,2437,631,5,0,2,0,0,0,0,158,0,0,0,0,0,0,1437,0,0,0,0,0,0,0,0,0,0,0,0,0,0,0,1552,0,0,0,0,0,0,0,147,0,0,0,0,9575,0,10728,1720,334,108,1182,106111,874,0,0,193092,6,238,0,2,0,0,0,0,0,0,0,0,0,0,0,0,0,0,0,0,0,1,0,0,0,0,0,0,0,0,0,5,0,0,0,0,45,0,0,0,0,0,0,0,0,0,0,357,3,838,100,0,0,8842,631,0,0
OK,40087,4625,242,0,1346,1518,0,0,0,0,0,0,397,0,0,24519,0,234,692,253,0,0,19,0,0,0,0,8184,0,0,0,0,0,0,16,0,0,0,0,0,0,0,0,0,0,0,0,0,0,0,2006,0,0,0,0,0,0,0,25,0,0,0,0,3105,0,16731,3270,990,355,304,65424,283,0,0,236412,0,33,0,4,0,0,0,0,0,0,0,0,0,0,0,0,0,0,0,0,0,1,0,0,0,0,0,0,0,0,0,166,0,0,0,104,2,0,0,0,0,0,0,0,0,0,0,4628,242,1512,1858,397,0,24920,357,0,0
OK,40089,15848,0,0,17,4486,0,0,0,0,0,0,0,0,0,1545,0,1885,2,7,0,0,0,0,0,0,0,117,5,0,0,0,0,0,0,0,0,0,0,0,0,0,0,0,0,0,0,0,0,0,7041,0,0,0,0,0,0,0,660,0,0,0,0,25885,0,56535,6183,829,280,1636,338297,391545,53335,15702,264493,29989,477,0,0,0,0,0,0,0,0,0,0,0,0,0,0,0,0,0,0,0,0,0,0,0,0,0,0,0,0,0,0,0,0,0,0,24,0,0,0,0,0,0,0,0,0,0,15872,0,17,6395,0,0,3430,7,0,0
OK,40091,954,0,0,197,471,0,0,0,0,0,0,0,0,0,766,0,175,13,41,0,0,0,0,0,0,0,16,0,0,0,0,0,0,2,0,0,0,25,0,0,0,0,0,0,0,0,0,0,0,109,0,0,0,0,0,0,0,6,0,0,0,0,55011,0,21438,2580,734,246,235,178620,422,107,49,192610,60,1040,0,1,0,0,0,0,0,0,0,0,0,0,0,0,0,0,0,0,0,0,0,0,0,0,0,0,0,0,0,2,0,0,0,0,0,0,0,0,0,0,0,0,0,0,0,954,0,199,646,0,0,943,41,0,0
OK,40093,1544,9,0,5575,139,0,0,0,0,0,0,125,0,0,128261,0,327,52004,100,5,0,9002,0,0,0,0,4975,0,0,0,0,0,0,1,0,0,0,0,0,0,0,0,0,0,0,19,0,0,0,10780,0,0,0,0,0,0,0,4,0,0,0,0,2718,0,25711,5163,1004,218,389,12952,36043,3590,28,309291,566,69,0,234,0,0,0,0,0,0,0,0,0,0,0,0,0,0,0,0,0,1915,0,0,0,0,0,0,0,0,0,341,0,0,0,0,0,0,0,0,0,0,0,0,0,0,0,3459,9,5916,466,125,0,130844,100,0,0
OK,40095,362,0,0,587,35,0,0,0,0,0,0,15,0,0,2701,0,0,48,265,0,0,4,0,0,0,0,106,0,0,0,0,0,0,40,0,0,0,0,0,0,0,0,0,0,0,0,0,0,0,332,0,0,0,0,0,0,0,182,0,0,0,0,36725,0,10414,2429,467,184,263,78500,669,0,0,138417,414,35,0,2,0,0,0,0,0,0,0,0,0,0,0,0,0,0,0,0,0,0,0,0,0,0,0,0,0,0,0,46,0,0,0,0,1,0,0,0,0,0,0,0,0,0,0,363,0,633,36,15,0,2747,265,0,0
OK,40097,1095,0,0,955,3095,0,0,0,0,0,0,0,0,0,4496,0,3133,50,73,0,0,0,0,0,0,0,198,0,0,0,0,0,0,5,0,0,0,0,0,0,0,0,0,0,0,2,0,0,0,925,0,7,0,0,0,0,0,0,0,0,0,0,18597,0,23625,4316,1705,808,377,132848,502,2,3,240091,389,73,0,0,0,0,0,0,0,0,0,0,0,0,0,0,0,0,0,0,0,0,0,0,0,0,0,0,0,0,0,89,0,0,0,7,0,0,0,0,0,0,0,0,0,0,0,1095,0,1044,6235,0,0,7718,80,0,0
OK,40099,24,0,0,213,62,0,0,0,0,0,0,0,0,0,6963,0,0,56,26,0,0,1,0,0,0,0,577,0,0,0,0,0,0,6,0,0,0,0,0,0,0,0,0,0,0,0,0,0,0,148,0,0,0,0,0,0,0,4,0,0,0,0,4227,0,10836,2984,688,177,621,64938,12708,0,0,166589,0,4,0,0,0,0,0,0,0,0,0,0,0,0,0,0,0,0,0,0,0,2,0,0,0,0,0,0,0,0,0,10,0,0,0,0,110,0,0,0,0,0,0,0,0,0,0,136,0,223,172,0,0,6975,26,0,0
OK,40101,10841,0,0,464,5230,0,2,0,2,0,0,0,0,0,3994,0,6370,51,780,0,0,2,0,0,0,0,173,0,0,0,0,0,0,18,0,0,0,17,0,0,0,0,0,0,0,0,0,0,0,1190,0,1,0,0,0,0,0,26,0,0,0,0,17878,0,34860,8894,2724,1776,901,140315,291,251,134,298430,1305,29,0,3,0,0,0,0,0,0,0,0,0,0,0,0,0,0,0,0,0,0,0,0,0,0,0,0,0,0,0,11,0,0,0,23,0,0,0,0,0,0,0,0,0,0,0,10841,0,475,11623,0,0,10375,803,0,0
OK,40103,11073,0,0,5706,4122,0,0,0,0,0,0,42,0,0,120419,0,3777,109,765,2,0,4079,0,0,0,0,3302,0,0,0,0,0,0,6,0,0,0,0,0,0,0,0,0,0,0,0,0,0,0,5376,0,31,0,0,0,0,0,11,0,0,0,0,8479,0,21818,3703,1077,322,133,36359,367,0,73,242365,906,328,0,6,0,0,0,0,0,0,0,0,0,0,0,0,0,0,0,0,0,147,0,0,0,0,0,0,0,0,0,244,0,0,0,0,0,0,0,0,0,0,0,0,0,0,0,11220,0,5950,7899,42,0,124587,765,0,0
OK,40105,1103,0,0,570,2893,0,0,0,0,0,0,0,0,0,3898,0,1382,272,66,0,0,0,0,0,0,0,289,17,0,0,0,0,0,525,0,0,0,0,0,0,0,0,0,0,0,0,136,0,0,241,0,0,0,0,0,0,0,0,0,0,0,0,12786,0,15720,1739,228,73,12,57948,85,7,0,271509,79,94,0,0,0,0,0,0,0,0,0,0,0,0,0,0,0,0,0,0,0,0,0,0,0,0,0,0,0,0,0,2,0,0,0,6,0,0,0,0,0,0,0,0,0,0,0,1103,0,572,4281,0,0,5282,72,0,0
OK,40107,931,0,0,33,596,0,1,0,0,0,0,1,0,0,3509,0,192,37,43,0,0,0,0,0,0,0,197,0,0,0,0,0,0,3,0,0,0,0,0,0,0,0,0,0,0,0,0,0,0,71,0,0,0,0,0,0,0,14,0,0,0,0,4149,0,17752,1299,248,57,119,171930,59,0,0,201117,0,3,0,23,0,0,0,0,0,0,0,0,0,0,0,0,0,0,0,0,0,4,0,0,0,0,0,0,0,0,0,5,0,0,0,0,6,0,0,0,0,0,0,0,0,0,0,941,0,38,794,1,0,3710,43,0,0
OK,40109,2493,19,0,1107,451,0,0,0,0,0,0,2,0,0,10630,0,7,1146,297,0,0,50,0,0,0,0,4123,0,0,0,0,0,0,0,0,0,0,0,0,0,0,0,0,0,0,0,0,0,0,1895,0,0,0,0,0,0,0,88,0,0,0,0,7591,0,70233,51380,39128,20688,162,97776,616,0,2,149661,0,55,0,0,0,0,0,0,0,0,0,0,0,0,0,0,0,0,0,0,0,28,0,0,0,0,0,0,0,0,0,98,0,0,0,0,20,0,0,0,0,0,0,0,0,0,0,2541,19,1205,478,2,0,10763,297,0,0
OK,40111,2584,0,0,238,396,0,0,0,0,0,0,0,0,0,1766,0,1910,63,6,0,0,10,0,0,0,0,9,0,0,0,0,0,0,4,0,0,0,3,0,0,0,0,0,0,0,3,0,0,0,735,0,0,0,0,0,0,0,30,0,0,0,0,4353,0,24831,3593,1124,446,33,171210,120,11,10,235925,13,11,0,9,0,0,0,0,0,0,0,0,0,0,0,0,0,0,0,0,0,2,0,0,0,0,0,0,0,0,0,55,0,0,0,0,0,0,0,0,0,0,0,0,0,0,0,2586,0,293,2306,0,0,3733,6,0,0
OK,40113,1028,2,0,1300,4464,0,0,0,0,0,0,2,0,0,20270,0,3655,18,96,60,0,32,0,0,0,0,632,2,0,0,0,0,0,20,0,0,0,8,0,0,0,0,0,0,0,0,0,0,0,4080,0,0,0,0,0,0,0,96,0,0,0,0,38717,0,69262,5730,1141,398,608,402765,299,0,1404,903954,12321,1344,0,213,0,0,0,0,0,0,0,0,0,0,0,0,0,0,0,0,2,5,0,0,0,0,0,0,0,0,0,525,0,0,0,0,0,0,0,0,0,0,0,0,0,0,0,1033,2,1825,8119,2,0,24455,96,0,0
OK,40115,5845,0,0,2134,6545,0,0,0,0,0,0,0,0,0,2691,0,18125,15,3,0,0,0,0,0,0,0,1,3,0,0,0,0,0,80,0,0,0,0,0,0,0,0,0,0,0,0,0,0,0,1421,0,0,0,0,0,0,0,746,0,0,0,0,9373,0,16172,7664,1593,664,2060,66291,76,19,129,160191,8297,137,0,0,0,0,0,0,0,0,0,0,0,0,0,0,0,0,0,0,0,0,0,0,0,0,0,0,0,0,0,0,0,0,0,8,0,0,0,0,0,0,0,0,0,0,0,5845,0,2134,24678,0,0,20816,11,0,0
OK,40117,588,0,0,898,4173,0,0,0,0,0,0,5,0,0,15334,0,1084,147,317,2,0,8,0,0,0,0,1460,0,0,0,0,0,0,1,0,0,0,0,0,0,0,0,0,0,0,0,0,0,0,2163,0,0,0,0,0,0,0,16,0,0,0,0,18991,0,18197,2260,656,127,339,106678,1548,0,46,204894,278,328,0,7,0,0,0,0,0,0,0,0,0,0,0,0,0,0,0,0,0,2,0,0,0,0,0,0,0,0,0,158,0,0,0,0,0,0,0,0,0,0,0,0,0,0,0,590,0,1056,5257,5,0,16578,317,0,0
OK,40119,1102,69,0,511,1591,0,0,0,0,0,0,130,0,0,21129,0,226,1955,210,0,0,4,0,0,0,0,1827,0,0,0,0,0,0,23,0,0,0,0,0,0,0,0,0,0,0,0,5,0,0,1169,0,0,0,0,0,0,0,0,0,0,0,0,8940,0,26419,7940,2520,1052,276,104857,4967,0,0,258744,19,29,0,16,0,0,0,0,0,0,0,0,0,0,0,0,0,0,0,0,0,70,0,0,0,0,0,0,0,0,0,242,0,0,0,0,0,0,0,0,0,0,0,0,0,0,0,1172,69,753,1817,130,0,21667,210,0,0
OK,40121,822,0,0,79,330,0,2,0,0,0,0,1,0,0,777,0,26,18,61,0,0,1,0,0,0,0,85,0,0,0,0,0,0,10,0,0,0,4,0,0,0,0,0,0,0,0,3,0,0,70,0,2,0,0,0,0,0,0,0,0,0,0,44456,0,36037,5567,1855,972,464,450534,23323,5811,1289,307736,1334,138,0,6,0,0,0,0,0,0,0,0,0,0,0,0,0,0,0,0,0,0,0,0,0,0,0,0,0,0,0,3,0,0,0,0,0,0,0,0,0,0,0,0,0,0,0,822,0,82,356,1,0,806,61,0,0
OK,40123,77,0,0,8,99,0,3,0,0,0,0,0,0,0,2277,0,2,370,82,0,0,0,0,0,0,0,186,0,0,0,0,0,0,1,0,0,0,0,0,0,0,0,0,0,0,0,0,0,0,130,0,0,0,0,0,0,0,1,0,0,0,0,3445,0,19685,5182,1330,537,367,171019,700,0,0,258767,0,2,0,3,0,0,0,0,0,0,0,0,0,0,0,0,0,0,0,0,0,3,0,0,0,0,0,0,0,0,0,15,0,0,0,0,0,0,0,0,0,0,0,0,0,0,0,80,0,23,101,0,0,2297,82,0,0
OK,40125,4146,0,0,421,503,0,9,0,0,0,0,20,0,0,8494,0,1062,161,225,5,0,2,0,0,0,0,1676,0,0,0,0,0,0,6,0,0,0,0,0,0,0,0,0,0,0,0,0,0,0,548,0,0,0,0,0,0,0,64,0,0,0,0,5976,0,27529,7206,1927,674,274,185491,270,0,0,260490,1,7,0,92,0,0,0,0,0,0,0,0,0,0,0,0,0,0,0,0,0,328,0,0,0,0,0,0,0,0,0,2,0,0,0,0,65,0,0,0,0,0,0,0,0,0,0,4539,0,423,1630,20,0,9886,225,0,0
OK,40127,89,0,0,0,8,0,0,0,0,0,0,0,0,0,1,0,0,0,2,0,0,0,0,0,0,0,0,0,0,0,0,0,0,0,0,0,0,0,0,0,0,0,0,0,0,0,0,0,0,708,0,0,0,0,0,0,0,0,0,0,0,0,14966,0,28524,1883,260,63,83,341628,306487,29207,25789,158689,2153,26,0,0,0,0,0,0,0,0,0,0,0,0,0,0,0,0,0,0,0,0,0,0,0,0,0,0,0,0,0,0,0,0,0,0,0,0,0,0,0,0,0,0,0,0,0,89,0,0,8,0,0,1,2,0,0
OK,40129,4,899,0,750,1,0,17,0,1,0,0,1,0,0,59615,0,0,3309,330,36,0,130,0,0,0,0,3742,0,0,0,0,0,0,0,0,0,0,0,0,0,0,2,0,0,0,22,0,0,0,4950,0,0,0,0,0,0,0,9,0,0,0,0,1338,0,21702,658,213,28,325,8,1524,4679,130638,496666,342,0,0,1434,0,0,0,0,0,0,0,0,0,0,0,0,0,0,0,0,3,0,0,0,0,0,0,0,0,0,4,290,0,145,0,0,0,0,0,0,0,0,0,0,0,0,0,4,1044,1044,1,5,0,60050,330,0,0
OK,40131,840,0,0,835,2897,0,0,0,0,0,0,6,0,0,2234,0,1748,15,80,0,0,0,0,0,0,0,47,0,0,0,0,0,0,88,0,0,0,0,0,0,0,0,0,0,0,0,18,0,0,258,0,2,0,0,0,0,0,33,0,0,0,0,26305,0,31207,7618,2815,1474,176,110722,39,3,0,265728,14,41,0,1,0,0,0,0,0,0,0,0,0,0,0,0,0,0,0,0,0,2,0,0,0,0,0,0,0,0,0,45,0,0,0,72,0,0,0,0,0,0,0,0,0,0,0,842,0,880,4717,6,0,4029,152,0,0
OK,40133,200,0,0,3,82,0,2,0,0,0,0,0,0,0,1695,0,229,11,88,0,0,0,0,0,0,0,70,0,0,0,0,0,0,0,0,0,0,0,0,0,0,0,0,0,0,0,0,0,0,146,0,0,0,0,0,0,0,0,0,0,0,0,5831,0,23368,3402,775,225,215,182766,286,0,0,190609,0,1,0,38,0,0,0,0,0,0,0,0,0,0,0,0,0,0,0,0,0,0,0,0,0,0,0,0,0,0,0,0,0,0,0,0,4,0,0,0,0,0,0,0,0,0,0,204,0,3,315,0,0,1924,88,0,0
OK,40135,7337,0,0,0,6213,0,0,0,12,0,0,0,0,0,605,0,2762,4,4,0,0,0,0,0,0,0,137,0,0,0,0,0,0,3,0,0,0,0,0,0,0,0,0,0,0,0,0,0,0,273,0,2,0,0,0,0,0,0,0,0,0,0,24268,0,17986,5706,891,247,255,208691,3934,2058,951,171384,3296,18,0,0,0,0,0,0,0,0,0,0,0,0,0,0,0,0,0,0,0,0,0,0,0,0,0,0,0,0,0,0,0,0,0,0,0,0,0,0,0,0,0,0,0,0,0,7337,0,0,8975,0,0,3367,4,0,0
OK,40137,506,77,0,759,95,0,0,0,0,0,0,129,0,0,39288,0,4,186,477,0,0,155,0,0,0,0,1879,0,0,0,0,0,0,2,0,0,0,0,0,0,0,0,0,0,0,2,0,0,0,5170,0,0,0,0,0,0,0,0,0,0,0,0,6934,0,22540,4513,1950,812,53,110994,145,0,13,373497,2,67,0,16,0,0,0,0,0,0,0,0,0,0,0,0,0,0,0,0,1,0,0,0,0,0,0,0,0,0,0,182,0,2,0,1,0,0,0,0,0,0,0,0,0,0,0,506,79,941,100,129,0,39476,478,0,0
OK,40139,93834,397,0,71266,587,0,0,0,7,0,0,47,0,0,213989,0,0,2,173,62,0,0,0,0,0,0,2321,0,0,0,0,11,0,0,0,0,0,0,0,0,0,0,0,0,0,0,0,0,757,88643,0,0,0,0,0,0,0,0,0,0,0,0,244,0,57896,4356,973,140,46,20,0,0,12635,752000,777,77,0,331,0,0,0,0,0,0,0,0,0,0,0,0,0,0,0,0,0,3665,0,0,0,0,0,0,0,0,0,5213,0,735,0,0,0,0,0,0,0,0,0,0,0,0,0,97499,1132,76479,587,47,0,223602,173,0,0
OK,40141,2012,34113,0,7792,9,0,2,0,0,0,0,1558,0,3,261622,0,121,322,939,248,0,3020,0,0,0,0,5742,0,0,0,0,2,0,0,0,0,0,0,0,0,0,78,0,0,0,23,0,0,0,9544,0,0,0,0,0,0,0,8,0,0,0,0,4028,0,20730,2523,487,157,1459,5459,0,54,20449,175057,120,15,0,33,0,0,0,0,0,0,0,0,0,0,0,0,0,0,0,0,0,66,0,0,0,0,0,0,0,0,6,488,0,4512,0,0,0,0,0,0,0,0,0,0,0,0,0,2078,38625,8286,130,1564,0,266809,939,0,0
OK,40143,673,0,0,451,2194,0,21,0,0,0,0,11,0,0,2161,0,1042,44,26,0,0,0,0,0,0,0,33,0,0,0,0,0,0,7,0,0,0,0,0,0,0,0,0,0,0,0,15,0,0,114,0,0,0,0,0,0,0,336,0,0,0,0,10511,0,56668,52732,25888,15691,485,72504,31,1,0,133991,0,20,0,2,0,0,0,0,0,0,0,0,0,0,0,0,0,0,0,0,0,4,0,0,0,0,0,0,0,0,0,0,0,0,0,0,1,0,0,0,0,0,0,0,0,0,0,678,0,451,3237,11,0,3207,26,0,0
OK,40145,4270,0,0,1003,24217,0,12,0,0,0,0,0,0,0,8550,0,14341,40,127,0,0,0,0,0,0,0,99,0,0,0,0,0,0,28,0,0,0,0,0,0,0,0,0,0,0,110,0,0,0,1006,0,38,0,0,0,0,0,305,0,0,0,0,20573,0,26969,5883,2071,592,789,100359,49,12,2,166369,345,10,0,4,0,0,0,0,0,0,0,0,0,0,0,0,0,0,0,0,0,0,0,0,0,0,0,0,0,0,0,90,0,0,0,1,0,0,0,0,0,0,0,0,0,0,0,4270,0,1093,38559,0,0,22981,128,0,0
OK,40147,278,0,0,52,6176,0,0,0,0,0,0,0,0,0,2812,0,3560,4,13,0,0,0,0,0,0,0,117,2,0,0,0,0,0,47,0,0,0,0,0,0,0,0,0,0,0,0,0,0,0,1618,0,0,0,0,0,0,0,304,0,0,0,0,7233,0,17951,6105,1654,699,109,47206,57,1,0,175486,1,31,0,0,0,0,0,0,0,0,0,0,0,0,0,0,0,0,0,0,0,0,0,0,0,0,0,0,0,0,0,0,0,0,0,0,0,0,0,0,0,0,0,0,0,0,0,278,0,52,9736,0,0,6372,13,0,0
OK,40149,1267,11467,0,6340,251,0,211,0,0,0,0,429,0,191,297947,0,1069,4712,535,7,0,4621,0,0,0,0,8618,0,0,0,0,4,0,8,0,0,0,0,0,0,0,141,0,0,0,257,0,0,0,8035,0,0,0,0,0,0,0,114,0,0,0,0,1503,0,28105,2088,490,236,31,3174,866,7742,59613,193043,122,4,0,954,0,0,0,0,0,0,0,0,0,0,0,0,0,0,0,0,0,68,0,0,0,0,0,0,0,0,3,1190,0,275,0,0,0,0,0,0,0,0,0,0,0,0,1,1335,11742,7533,1321,433,0,300549,535,0,0
OK,40151,197,7,0,3756,163,146,0,0,0,0,0,11,0,0,178988,0,3,4369,163,0,0,3544,0,0,0,0,6577,0,0,0,0,0,0,1,0,0,0,0,0,0,0,0,0,0,0,2,0,0,0,15077,0,0,0,0,0,0,0,0,0,0,0,0,5026,0,25567,2859,793,158,3270,7920,1907,0,22,557900,5032,1861,0,35,0,0,0,0,0,0,0,0,0,0,0,0,0,0,0,0,0,0,0,0,0,0,0,0,0,0,0,298,0,0,0,0,0,0,0,0,0,0,0,0,0,0,0,197,7,4054,166,11,0,179289,163,0,0
OK,40153,15,7,0,1307,2,236,0,0,0,0,0,1,0,0,97286,0,0,3891,19,0,0,2155,0,0,0,0,1565,0,0,0,0,0,0,358,0,0,0,0,0,0,0,1,0,0,0,100,0,0,0,14841,0,0,0,0,0,0,0,1,0,0,0,0,4074,0,31181,6574,1734,673,565,211,52550,118,17432,558900,659,477,0,434,0,0,0,0,0,0,0,0,0,0,0,0,0,0,0,0,0,0,0,0,0,0,0,0,0,0,0,67,0,0,0,0,0,0,0,0,0,0,0,0,0,0,0,15,7,1374,2,1,0,97353,19,0,0
OR,41001,537,0,0,4,0,12,0,0,0,0,260,385,0,5006,5584,0,0,9,344,0,0,0,0,0,0,1,29328,62993,0,0,7,3,3776,7,0,0,0,0,11,0,0,13,0,0,0,239,0,4,0,2355,0,0,8,0,0,0,0,0,0,0,0,0,11511,0,16216,4634,1054,7,3269,3,662088,0,1083136,74649,1226,7571,0,284,0,0,0,0,0,0,0,0,0,0,0,0,0,0,0,0,0,0,0,0,0,0,0,0,0,0,0,0,0,0,0,0,0,0,0,0,0,0,0,0,0,0,0,537,0,4,0,385,0,5584,344,0,0
OR,41003,765,0,0,12,0,0,0,0,2729,0,871,3,0,97,4471,0,0,0,125,0,0,0,1,0,0,7,6,1000,0,66,225,690,11,890,0,0,0,0,4,0,0,211,0,416,17,1036,1397,31169,0,705,57,1,1,26,1816,1125,0,0,0,1,0,0,1685,0,25367,11600,3531,1080,187,4728,159128,49359,41291,71069,14188,645,0,2,0,0,3,0,0,0,0,20,11,0,0,79,34,0,362,0,111,0,0,0,38,0,0,0,0,0,0,0,0,0,0,0,0,18,1,2,0,44,12,0,0,0,0,765,0,12,0,3,0,4471,125,0,0
OR,41005,621,0,0,1,0,0,0,0,1065,0,14,10,0,753,3191,0,0,4,125,0,0,0,0,0,0,0,126,4073,0,22,163,727,192,4552,0,0,106,0,31,0,0,357,0,1453,44,50,1159,9400,0,365,84,0,0,60,2738,3784,0,0,0,2,1,0,7081,1057,30531,36152,15044,4755,4457,7398,762005,26771,120349,137852,11538,1164,0,14,0,0,24,0,0,0,0,53,1,0,0,2,3,159,16,0,15,0,0,0,125,0,0,0,0,0,0,0,0,0,0,0,0,327,222,67,0,152,0,0,0,0,0,621,0,1,0,10,0,3191,125,0,0
OR,41007,8,0,0,0,0,0,0,0,0,0,0,0,0,0,0,0,0,0,0,0,0,0,0,0,0,0,8,42,0,0,0,0,0,12,0,0,0,0,0,0,0,8,0,0,1,0,6,2,0,10,3,0,0,1,14,6,0,0,0,0,0,0,2713,0,34295,6279,1159,715,941,8763,244912,70192,91941,30546,15312,13420,0,0,0,0,0,0,0,0,0,0,0,0,0,0,0,0,0,0,0,0,0,0,0,0,0,0,0,0,0,0,0,0,0,0,0,0,0,0,0,0,0,0,0,0,0,8,0,0,0,0,0,0,0,0,0
OR,41009,208,0,0,0,0,0,0,0,17,0,0,23,0,234,38,0,0,0,14,0,0,0,0,0,0,0,91,542,0,1,0,32,58,81,0,0,1,0,0,0,0,7,0,65,5,0,271,363,0,73,4,0,0,11,55,18,0,0,0,1,0,0,16561,0,23767,6548,1719,685,1676,18372,132575,60699,109756,40623,12975,12286,0,79,0,0,0,0,0,0,0,16,0,0,0,0,0,5,0,0,3,0,0,0,0,0,0,0,0,0,0,0,0,0,0,0,0,21,0,3,0,0,0,0,0,0,0,208,0,0,0,23,0,38,14,0,0
OR,41011,0,0,0,0,0,0,0,0,1,0,0,0,0,0,0,0,0,0,0,0,0,0,0,0,0,0,0,4228,0,0,0,0,0,0,0,0,0,0,0,0,0,0,0,0,0,0,225,0,0,0,0,0,0,35,0,0,0,0,0,0,0,0,6481,0,47540,9482,2658,1169,11000,3224,487701,145532,171005,117188,7597,14978,0,0,0,0,0,0,0,0,0,0,0,0,0,0,0,0,0,0,0,0,0,0,0,0,0,0,0,0,0,0,0,0,0,0,0,0,0,0,0,0,0,0,0,11,0,0,0,0,0,0,0,0,0,0,0
OR,41013,2,0,0,0,0,0,0,0,0,0,0,221,0,667,1423,0,0,32,125,0,0,0,0,2,0,0,16191,21248,0,0,0,107,6,4,0,0,0,0,0,0,0,1,0,0,0,464,0,19,0,306,0,0,0,0,0,0,0,0,0,0,0,0,4398,0,16285,4942,502,76,830,0,439049,0,1377636,9581,1486,15375,0,657,130,0,157,0,0,0,0,0,0,0,0,0,0,0,0,0,0,0,0,0,0,0,0,0,0,0,0,0,0,0,0,0,0,0,0,0,0,0,0,0,0,0,0,2,0,0,0,221,0,1423,125,0,0
OR,41015,0,0,0,0,0,0,0,0,0,0,0,0,0,0,0,0,0,0,0,0,0,0,0,0,0,0,0,1061,0,0,0,0,0,0,0,0,0,0,0,0,0,0,0,0,0,0,18,0,0,99,0,0,0,0,0,0,0,0,0,0,0,0,3077,0,31697,4559,1053,383,3124,754,644445,92958,195679,62078,2014,2532,0,0,0,0,0,0,0,0,0,0,0,0,0,0,0,0,0,0,0,0,0,0,0,0,0,0,0,0,0,0,0,0,0,0,0,0,0,0,0,0,0,0,0,147,0,0,0,0,0,0,0,0,0,0,0
OR,41017,0,0,0,0,0,0,0,0,5,0,0,46,0,117,571,0,0,50,10,0,0,0,0,0,0,0,8697,8887,0,0,0,648,3,0,0,0,0,0,0,0,0,31,0,0,0,13,1,92,0,195,0,0,0,0,0,0,0,0,0,0,0,0,20517,1752,40878,25478,3183,381,46136,0,836999,0,930780,25572,642,3102,0,223,32,0,9,0,0,0,0,0,0,0,0,0,0,0,0,0,0,0,0,0,0,0,0,0,0,0,0,0,0,0,0,0,0,0,0,0,0,1,0,0,0,0,0,0,0,0,0,46,0,571,10,0,0
OR,41019,1,0,0,0,0,0,0,0,81,0,0,0,0,193,12,0,0,0,0,0,0,0,0,0,75,0,385,2846,0,0,166,0,0,77,0,0,0,0,0,0,0,0,0,0,0,8,13,445,0,378,1,0,0,13,26,15,0,0,0,0,0,0,19179,2,82106,13791,5633,2268,8759,5633,2171464,163177,446243,302658,11932,7089,0,0,0,0,0,0,0,0,0,0,0,0,0,0,51,0,1,0,1,0,0,0,0,0,0,0,0,0,0,0,0,0,0,0,0,0,0,0,0,6,0,0,0,0,0,1,0,0,0,0,0,12,0,0,0
OR,41021,967,0,0,1,0,0,0,0,1,0,0,6452,0,8703,93548,0,0,5,34,0,0,266,0,0,0,0,2850,1237,0,0,0,0,455,0,0,0,0,0,46,0,0,73,0,0,0,979,0,5,0,103101,30,0,25,115,0,10,0,0,0,0,0,0,12686,0,10304,1386,423,22,906,7,3553,0,518223,15348,115,165,0,533,28,0,0,0,0,0,0,0,0,0,0,0,0,0,0,0,0,0,0,0,0,0,0,0,0,0,0,0,0,0,0,0,0,0,0,0,0,0,0,0,0,0,0,967,0,1,0,6452,0,93548,34,0,0
OR,41023,0,0,0,0,0,0,0,0,6,0,0,647,0,42,68,0,0,1084,131,0,0,0,0,0,0,0,2639,16330,0,8,1,0,0,0,0,0,0,0,1,0,0,1,0,0,0,11,0,12,0,250,0,0,0,0,0,13,0,0,0,0,0,0,488,0,14735,1699,235,9,654,0,1578657,0,1226112,21176,1654,31928,0,97,0,0,0,0,0,0,0,0,0,0,0,0,0,0,0,0,0,0,0,0,0,0,0,0,0,0,0,0,0,0,0,0,0,0,0,0,0,0,0,0,0,0,0,0,0,0,0,647,0,68,131,0,0
OR,41025,5,0,0,0,0,0,0,0,0,0,0,2173,0,214,56,0,0,722,835,0,0,0,0,0,0,0,39459,115727,0,0,1,0,5,0,0,0,0,5,3,0,0,0,0,0,0,333,0,19,0,305,0,0,1,0,0,26,0,0,0,0,0,0,37409,0,26949,5508,361,20,229653,0,491271,0,5345865,197863,4092,44653,0,1364,0,0,0,0,0,0,0,0,0,0,0,0,0,0,0,0,0,0,0,0,0,0,0,0,0,0,0,0,0,0,0,0,0,0,0,0,0,0,0,0,0,0,0,5,0,0,0,2173,0,56,835,0,0
OR,41027,16,0,0,0,0,0,0,0,0,0,0,61,0,92,2,0,0,0,0,0,0,0,0,0,0,0,40,790,0,0,0,0,1,7,0,0,6,0,0,0,0,0,0,7,0,0,0,4,0,149,11341,31,667,5,5,7,0,0,0,0,508,0,7354,1868,5168,3052,1055,378,7721,1356,241926,1496,46844,9071,283,79,0,4,0,0,0,0,0,0,0,0,0,0,0,0,0,0,8,0,0,0,0,0,0,0,0,0,0,0,0,0,0,0,0,0,0,73,0,0,0,0,0,0,0,0,0,16,0,0,0,61,0,2,0,0,0
OR,41029,3,0,0,0,0,0,0,0,17,0,0,528,0,55,256,0,0,2,24,0,0,0,0,0,0,0,908,2433,0,0,0,72,19,0,0,0,0,0,0,0,0,0,0,19,0,0,0,5,0,1102,0,0,0,0,0,0,0,0,0,0,0,0,9439,0,43781,21868,9541,3034,2646,1058,1070981,11728,458537,149914,4489,447,0,1,0,0,0,0,0,0,0,0,0,0,0,0,0,0,202,0,0,0,0,0,0,0,0,0,0,0,0,0,0,0,0,0,0,0,0,0,0,0,0,0,0,0,0,3,0,0,0,528,0,256,24,0,0
OR,41031,5,0,0,0,0,0,0,0,1,0,145,817,0,6632,7781,0,0,201,106,0,0,1,0,0,0,31,21087,8750,25,0,54,298,268,88,0,0,0,0,0,0,0,82,0,0,0,224,16,5964,0,7247,4,0,0,0,0,0,0,0,0,0,0,0,6207,818,13383,7456,1062,103,8200,0,342501,1,688022,12058,818,43,0,235,4627,0,900,0,0,0,0,0,0,0,0,0,0,0,0,0,0,0,0,0,0,0,0,0,0,0,0,0,0,0,0,0,0,0,0,0,0,54,0,0,0,0,0,5,0,0,0,817,0,7781,106,0,0
OR,41033,67,0,0,0,0,0,0,0,52,0,0,152,0,1,4,0,0,0,0,0,0,0,0,0,0,0,154,832,0,0,0,1,0,2,0,0,0,0,0,0,0,0,0,0,0,0,0,0,0,50,0,0,0,109,0,0,0,0,0,0,0,0,1398,0,43114,10110,2990,1405,415,245,669737,11994,254771,47623,5238,160,0,0,0,0,0,0,0,0,0,0,0,0,0,0,0,0,3,0,0,0,0,0,0,0,0,0,0,0,0,0,0,0,0,0,0,0,0,0,0,0,0,0,0,0,0,67,0,0,0,152,0,4,0,0,0
OR,41035,1,0,0,64,0,5,0,0,0,0,7,18710,0,9817,5479,0,0,959,1732,0,0,0,0,0,0,0,63373,49051,0,0,0,0,5225,0,0,0,0,0,87,0,0,0,0,0,0,42,0,1,0,5656,0,0,0,0,0,0,0,0,0,0,0,0,115647,35,31907,12553,2777,1082,18993,53,2260671,15,792414,414726,882,113077,0,1272,0,0,97,0,0,0,0,0,0,0,0,0,0,217,0,0,0,0,0,0,0,0,0,0,0,0,0,0,0,0,0,0,0,0,0,0,0,0,0,0,0,0,0,1,0,64,0,18710,0,5479,1732,0,0
OR,41037,0,0,0,0,0,0,0,0,9,0,0,2065,0,115,339,0,0,654,3909,0,0,0,0,0,0,0,62282,50835,0,0,0,0,7,0,0,0,0,0,4,0,0,0,0,0,0,3,0,0,0,2567,0,0,0,0,0,1,0,0,0,0,0,0,136213,0,24053,8553,802,42,176651,0,997462,0,3580411,202892,13573,81925,0,3974,2,0,3,0,0,0,0,0,0,0,0,0,0,0,0,0,0,0,0,0,0,0,0,0,0,0,0,0,0,0,0,0,0,0,0,0,0,0,0,0,0,0,0,0,0,0,0,2065,0,339,3909,0,0
OR,41039,917,0,0,0,0,0,0,0,1693,0,175,0,0,158,5610,0,0,0,3,0,0,0,3,0,0,0,101,3244,0,0,202,111,2,155,0,0,0,0,0,0,0,42,0,12,0,862,272,32238,0,2287,6,7,1,100,469,1606,0,0,0,0,0,0,33182,1341,68695,33331,17339,6810,34295,10914,1956604,162503,345225,210006,17997,6492,0,7,0,0,0,0,0,0,0,1,0,0,0,0,2,0,242,0,197,0,0,0,44,0,0,0,0,0,0,0,0,0,0,0,0,64,0,0,0,50,0,0,0,0,0,917,0,0,0,0,0,5610,3,0,0
OR,41041,6,0,0,0,0,0,0,0,2,0,8,0,0,1,8,0,0,0,1,0,0,0,0,0,0,0,2,254,0,0,0,0,0,28,0,0,0,0,0,0,0,1,0,1,0,7,25,48,0,8,2,0,0,2,234,13,0,0,0,0,0,0,3915,0,38349,6590,1611,649,2544,10104,284981,132185,105275,26090,9944,7286,0,0,0,0,0,0,0,0,0,0,0,0,0,0,2,0,0,0,0,0,0,0,0,0,0,0,0,0,0,0,0,0,0,0,0,6,0,0,0,0,0,0,0,0,0,6,0,0,0,0,0,8,1,0,0
OR,41043,743,0,0,10,0,6,0,0,3426,0,487,2,0,242,10910,0,0,0,247,0,0,0,112,0,1,4,57,1452,0,8,215,725,10,1686,0,0,0,0,0,0,0,567,0,418,4,1602,3837,111100,0,1977,18,4,1,23,2848,2000,0,0,0,0,0,0,10189,276,16332,17329,6868,2806,15125,1275,812541,9183,166757,255895,16676,654,0,247,0,0,15,0,0,0,0,24,175,0,0,82,2,3,97,0,31,0,0,0,7,0,0,0,0,0,0,0,0,0,0,0,0,167,0,3,0,811,147,0,0,0,0,743,0,10,0,2,0,10910,247,0,0
OR,41045,35128,0,0,41,0,0,0,0,288,4,17,2050,0,2568,23013,0,0,323,2487,0,0,1,44,0,0,22,92714,12787,0,0,7585,6946,2443,723,0,0,112,0,18429,0,0,630,0,0,48,911,337,2,0,14145,6,8,393,26,0,0,0,0,0,0,0,0,20632,0,28774,8842,1628,12,39671,0,46732,0,5389963,573184,4094,15071,0,854,19,0,0,0,0,0,0,0,1,0,0,4,33,0,0,0,0,0,0,154,0,0,0,0,0,0,0,0,0,0,0,0,0,0,0,0,0,1067,126,0,0,0,0,35128,0,41,0,2050,0,23013,2487,0,154
OR,41047,5231,0,0,28,0,3,0,0,10801,0,796,80,0,1559,15290,0,0,1,1567,0,0,0,18,0,11,34,643,2198,0,39,394,5992,26,12576,0,0,22,0,653,5,0,1219,0,1197,1763,481,4101,88979,0,3368,922,0,4,367,9053,6432,0,0,0,26,14,0,5886,455,20736,31620,15380,5729,3484,3587,299896,10400,55915,111720,17677,1304,0,20,0,0,584,0,0,0,0,687,82,0,0,106,26,59,393,0,30,3,0,0,117,0,0,0,0,0,0,0,0,0,0,0,0,1657,31,288,0,548,36,0,0,0,0,5234,0,28,0,80,0,15293,1567,0,0
OR,41049,18654,0,0,147,0,103,0,0,1786,0,0,955,0,7817,127676,0,0,11,17,0,0,290,0,0,0,0,23812,2014,0,0,1,143,14106,0,0,0,0,18,7054,0,0,3277,0,0,0,3252,0,1829,0,126551,72,0,25,272,0,25092,0,0,0,0,0,0,12568,0,18814,3886,837,81,2,42,176487,0,717134,10773,439,1506,0,1803,1256,0,110,0,0,0,0,0,0,0,0,0,0,0,0,0,0,184,0,0,0,0,0,0,0,0,0,51,0,0,0,0,0,31,7,0,0,46,0,0,0,0,0,18838,0,198,0,955,0,127911,17,0,0
OR,41051,1690,0,0,0,0,0,0,0,225,0,0,35,0,914,276,0,0,0,64,0,0,0,0,0,0,0,96,550,0,4,5,341,524,697,0,0,16,0,0,0,0,11,0,341,6,1,553,1851,0,308,4,1,0,10,65,14,0,0,0,0,0,0,17953,5,13341,33540,35246,17058,1698,6392,101927,17437,12869,18564,7583,5435,0,71,0,0,0,0,0,0,0,60,0,0,0,0,0,39,1,0,15,0,0,0,0,0,0,0,0,0,0,0,0,0,0,0,0,30,27,4,0,2,0,0,0,0,0,1690,0,0,0,35,0,276,64,0,0
OR,41053,2014,0,0,65,0,0,0,0,1695,0,860,2,0,210,10732,0,0,0,2594,0,0,0,6,0,4,2,132,3086,0,4,109,428,11,1586,0,0,0,0,8,1,0,993,0,180,145,1083,3755,55905,0,1317,1267,0,38,236,5847,2407,0,0,0,10,0,0,1599,0,22373,10470,3068,835,136,8774,130654,47410,57296,83897,9760,793,0,2,0,0,153,0,0,0,0,30,22,0,0,18,55,15,67,0,66,0,0,0,2,0,0,0,0,0,0,0,0,0,0,0,0,315,3,14,0,1674,23,0,0,0,0,2014,0,65,0,2,0,10732,2594,0,0
OR,41055,5,0,0,0,0,0,0,0,0,0,0,9380,0,2852,103033,0,0,1,6,0,0,1,0,8,0,0,868,172,0,0,0,0,0,4,0,0,0,0,0,0,0,2,0,0,0,30,0,0,0,110826,169,0,120,1,0,14,0,0,0,0,0,0,5629,0,8125,725,168,23,1148,75,212,1,283504,4728,77,59,0,40,2,0,0,0,0,0,0,0,0,0,0,0,0,0,0,0,0,0,0,0,0,0,0,0,0,0,0,0,0,0,0,0,0,0,0,0,0,0,0,0,0,0,0,5,0,0,0,9380,0,103033,6,0,0
OR,41057,1329,0,0,0,0,0,0,0,1,0,0,0,0,14,30,0,0,0,4,0,0,0,0,0,0,0,31,8297,0,0,0,2,0,24,0,0,0,0,0,0,0,2,0,6,0,0,114,63,0,109,5,0,0,2,30,55,0,0,0,2,0,0,2698,0,43955,4937,1184,561,3087,25746,319084,179660,64413,34083,7933,9094,0,0,0,0,0,0,0,0,0,0,0,0,0,0,1,0,0,0,0,0,155,0,0,0,0,0,0,0,0,0,0,0,0,0,0,18,0,0,0,0,0,0,0,0,0,1484,0,0,0,0,0,30,159,0,0
OR,41059,17533,0,0,171,0,5,0,0,459,0,91,2334,0,11921,231891,0,0,1,116,0,0,9117,0,123,0,1615,41784,6129,0,1,16,2169,10812,0,0,0,0,361,2232,0,0,17188,0,0,0,2739,3,9486,0,207157,276,0,3712,119,0,2111,0,0,0,0,0,0,10047,0,36999,12861,4656,243,4,357,516056,13,802089,92959,3970,2991,0,1093,215,0,1,0,0,0,0,0,0,0,0,0,173,0,0,0,105,3,0,0,0,0,0,0,0,0,0,8,10,0,0,0,0,1176,117,0,0,279,0,0,0,0,0,17546,0,179,0,2344,0,231902,116,0,0
OR,41061,27,0,0,0,0,2616,0,0,0,0,31,5577,0,8512,29065,0,0,0,175,0,0,9,0,0,0,14,40223,33872,0,0,1794,312,1061,0,0,0,0,0,26,0,0,406,0,0,0,6936,0,7622,0,13829,76,0,7,0,0,6,0,0,0,0,0,0,1461,0,11312,5090,981,22,9902,0,756123,0,329126,37635,180,397,0,249,0,0,0,0,0,0,0,0,0,0,0,0,1,0,0,0,0,0,0,0,0,0,0,0,0,0,0,0,0,0,0,0,0,0,0,0,0,0,0,0,0,0,0,27,0,0,0,5577,0,29065,175,0,0
OR,41063,13,0,0,0,0,1,0,0,0,0,8,3411,0,6432,4433,0,0,30,1403,0,0,957,0,0,0,201,20290,24644,0,0,3,0,6,0,0,0,0,0,7,0,0,1136,0,0,0,8,190,7,0,2127,20,0,0,0,42,1,0,0,0,0,0,0,4353,0,5932,1307,310,4,35317,0,1014301,0,237942,651873,281,36,0,7,0,0,0,0,0,0,0,0,0,0,0,0,0,0,0,0,0,0,0,0,0,0,0,0,0,0,0,0,0,0,0,0,0,0,0,0,0,0,0,0,0,0,0,13,0,0,0,3411,0,4433,1403,0,0
OR,41065,7,0,0,0,0,0,0,0,0,0,0,1887,0,2697,59632,0,0,0,3,0,0,0,0,217,0,270,7447,6054,327,0,0,0,0,5,0,0,8,0,0,0,0,0,0,0,0,121,0,40,0,60276,11105,18,66,15,1,27,0,0,0,0,2,0,8922,0,16037,5440,2289,262,1590,1570,373425,961,931892,39721,107,154,0,338,4,0,1,0,0,0,0,0,0,0,0,0,0,0,0,0,0,0,0,0,0,0,0,0,0,0,0,0,0,0,0,0,0,14,0,0,0,0,0,0,0,0,0,7,0,0,0,1887,0,59632,3,0,0
OR,41067,1591,0,0,28,0,1,0,0,2400,0,2,205,0,4080,9326,0,0,3,902,0,0,0,2,0,0,4,235,3050,0,8,250,171,189,4529,0,0,12,0,25,0,0,513,0,328,31,7,12862,20577,0,391,316,1,5,302,1174,2961,0,0,0,111,1,0,1628,0,19290,38293,24115,7471,166,6355,116268,52289,55567,64416,7937,1198,0,43,0,0,10,0,0,0,0,15,3,0,0,16,20,82,18,0,445,2,0,0,1,0,0,0,0,0,0,0,0,0,0,0,0,2299,4,70,0,295,0,0,0,0,0,1593,0,28,0,205,0,9328,902,0,0
OR,41069,4,0,0,0,0,0,0,0,2,0,0,220,0,14,917,0,0,20,28,0,0,3,0,0,0,0,1306,2866,0,0,0,0,0,0,0,0,0,0,0,0,0,0,0,0,0,172,0,12,0,132,0,0,1,0,0,10,0,0,0,0,0,0,1351,0,6262,608,37,1,548,0,323169,0,753775,4777,427,936,0,281,0,0,0,0,0,0,0,0,0,0,0,0,0,0,0,0,0,0,0,0,0,0,0,0,0,0,0,0,0,0,0,0,0,0,0,0,0,0,0,0,0,0,0,4,0,0,0,220,0,917,28,0,0
OR,41071,2252,0,0,1,0,14,0,0,2986,0,91,82,0,832,9555,0,0,0,1890,0,0,0,30,0,0,54,697,8748,0,111,79,820,22,4279,0,0,3,0,39,0,0,475,0,286,27,6,6607,42871,0,803,932,1,16,1555,2220,6542,0,0,0,54,1,0,1664,0,12844,12718,4367,1438,97,8949,115004,62217,46652,81475,12629,965,0,54,0,0,8,0,0,0,0,20,0,0,0,33,36,12,38,0,165,0,0,0,20,0,0,0,0,0,0,0,0,0,0,0,0,1430,0,26,0,1766,0,0,0,0,0,2252,0,1,0,82,0,9555,1890,0,0
PA,42001,29657,0,0,369,20353,0,0,0,5,0,0,107,0,0,4162,0,2504,56,229,0,5,0,0,0,0,0,751,34553,0,0,0,2,2,33,0,0,61,0,0,0,0,0,0,0,0,0,0,0,5,3711,300,14,2922,0,3,0,0,0,0,0,0,0,1635,0,25360,9675,2594,664,106,109978,4969,2294,4007,70601,761,25,0,6,0,0,0,0,0,0,0,0,0,0,0,0,0,0,0,0,0,93,5,0,0,0,0,0,0,0,76,2,60,0,0,64,0,0,0,0,0,0,0,0,0,0,876,29815,0,447,23797,1119,0,6761,298,0,0
PA,42003,524,0,0,3,326,0,0,0,3,0,0,1,0,0,79,0,0,1,34,0,0,0,0,0,0,0,4301,365,0,0,0,0,0,0,0,0,0,0,0,0,0,0,0,0,0,0,0,1,0,262,0,0,0,0,0,0,0,0,0,0,0,0,8334,0,100757,84031,45602,21251,588,190890,283,9,2,18952,2,1,0,0,0,0,0,0,0,0,0,0,0,0,0,0,0,0,0,0,0,1,0,0,0,0,0,0,0,0,0,0,0,0,0,0,0,0,0,0,0,0,0,0,0,0,0,525,0,3,326,1,0,80,34,0,0
PA,42005,11350,0,0,1,5144,3,0,0,28,0,0,30,0,0,646,0,0,2,350,0,3,0,0,0,0,0,5400,10433,0,0,0,0,1,0,0,0,0,0,0,0,0,0,0,0,0,0,6,41,0,5352,0,0,0,3,0,0,0,0,0,0,0,0,7107,0,29894,7513,2268,546,599,278217,3414,693,25,56012,1,6,0,0,0,0,0,0,0,0,0,0,0,0,0,0,0,0,0,0,0,1,0,0,0,0,0,0,0,0,0,0,0,0,0,0,0,0,1,0,0,0,0,0,0,0,0,11351,0,1,5144,30,0,647,350,0,0
PA,42007,3573,0,0,2,2579,0,0,0,1,0,0,7,0,0,431,0,0,1,96,0,3,0,0,0,0,0,6678,187,0,0,0,0,0,0,0,0,0,0,0,0,0,0,0,0,0,0,2,0,1,606,0,0,0,0,0,0,0,0,0,0,0,0,5762,0,37906,17151,6859,4108,294,165349,590,1,7,32017,12,10,0,0,0,0,0,0,0,0,0,0,0,0,0,0,0,0,0,0,0,0,0,0,0,0,0,0,0,0,0,0,1,0,0,0,0,0,0,0,0,0,0,0,0,0,0,3574,0,2,2579,8,0,431,96,0,0
PA,42009,28837,0,0,35,4550,0,0,0,7,0,0,154,0,0,1150,0,64,11,215,0,0,0,0,0,0,0,4475,26456,0,0,0,16,1,0,0,0,0,0,0,0,0,0,0,0,0,0,11,1,0,141,0,0,0,0,5,0,0,0,0,0,0,0,1943,0,33444,7371,1587,500,682,447803,7296,3275,30,80946,1,4,0,0,0,0,0,0,0,0,0,0,0,0,0,0,0,0,0,0,0,19,24,0,0,0,0,0,0,0,0,0,3,0,0,2,0,0,0,0,0,0,0,0,0,0,0,28883,0,35,4616,157,0,1233,241,0,0
PA,42011,56854,0,0,53,22760,0,0,0,5,0,0,207,0,0,4934,0,1283,214,378,0,1,0,0,0,0,0,7375,15074,0,0,0,81,9,20,0,0,0,0,0,0,0,0,0,0,0,0,15,171,1,1452,0,0,2,77,36,0,0,0,0,0,0,0,4401,0,52572,26598,11083,4966,723,217181,1768,1075,9471,110397,739,31,0,101,0,0,0,0,0,0,0,0,0,0,0,0,0,0,0,0,0,70,3,0,71,0,0,0,0,0,0,0,520,0,0,0,0,0,1,0,0,0,0,0,0,0,1174,57447,0,53,25217,1901,0,6287,381,0,0
PA,42013,19817,0,0,17,2729,0,0,0,21,0,0,256,0,0,474,0,49,21,48,0,0,0,0,0,0,0,6333,4627,0,0,0,38,1,0,0,0,0,0,0,0,0,0,0,0,0,0,4,1,0,55,0,0,0,0,0,0,0,0,0,0,0,0,709,0,21043,13771,5042,2036,640,216600,5481,4077,31,33052,1,6,0,0,0,0,0,0,0,0,0,0,0,0,0,0,0,0,0,0,0,245,53,0,0,0,0,0,0,0,1,0,22,0,0,0,0,0,0,0,0,0,0,0,0,0,8,20137,0,18,2786,287,0,768,101,0,0
PA,42015,24177,0,0,45,1157,0,0,0,57,0,0,2,0,0,207,0,49,57,406,0,4,0,0,0,0,0,2884,120469,0,0,0,39,0,66,0,0,0,0,0,0,0,0,2,0,0,0,3,0,0,3441,0,0,4,1,13,0,0,0,0,0,0,0,7368,0,32323,3571,890,228,695,293116,29371,112335,3755,103915,251,2117,0,6,0,0,0,0,0,0,0,0,0,0,0,0,0,14,0,0,0,1,0,0,2,0,0,0,0,0,0,0,3,0,0,0,0,0,0,0,0,0,0,0,0,0,2,24181,0,45,1208,7,0,257,406,0,0
PA,42017,14666,0,0,148,6808,0,0,0,19,0,0,13,0,0,1620,0,92,175,138,0,0,0,0,0,0,0,519,15315,0,0,0,0,0,5,0,0,0,0,0,0,0,0,0,0,0,0,7,0,0,812,0,0,0,1,1,0,0,0,0,0,0,0,9843,0,72416,43768,16915,5814,375,129275,883,950,10982,60228,5496,789,0,86,0,0,0,0,0,0,0,0,0,0,0,0,0,0,0,0,0,5,2,0,2,0,0,0,0,0,0,0,2,0,0,0,0,0,0,0,0,0,0,0,0,0,3,14675,0,148,6903,18,0,1717,140,0,0
PA,42019,19822,0,0,27,11220,0,0,0,213,0,0,12,0,0,1691,0,5,3,711,1,12,0,0,0,0,0,20625,3926,5,2,0,0,1,2,0,0,0,0,0,0,0,0,0,0,0,0,2,39,20,3202,0,0,0,0,0,0,0,0,0,0,0,0,5407,0,44339,17864,5491,2222,637,298659,934,1491,43,69831,25,16,0,0,0,0,0,0,0,0,0,0,0,0,0,0,0,0,0,0,0,24,0,0,0,0,0,0,0,0,0,6,0,0,0,0,0,0,3,0,0,0,0,0,0,0,0,19846,0,33,11225,12,0,1726,711,0,0
PA,42021,10214,0,0,6,4216,0,0,0,13,0,0,12,0,0,1053,0,1,12,1052,0,2,0,0,0,0,0,2816,3650,0,0,0,5,50,15,0,0,0,0,0,0,0,0,0,0,0,0,49,14,0,82,0,0,0,0,1,0,0,0,0,0,0,0,3358,0,31762,10215,3039,683,5694,280754,34426,2465,228,47864,0,22,0,0,0,0,0,0,0,0,0,0,0,0,0,0,0,0,0,0,0,0,0,0,0,0,0,0,0,0,0,0,31,0,0,25,0,0,0,0,0,0,0,0,0,0,0,10245,0,6,4242,43,0,1054,1077,0,0
PA,42023,119,0,0,0,6,0,0,0,1,0,0,0,0,0,10,0,0,0,2,0,0,0,0,0,0,0,99,515,0,0,0,1,0,0,0,0,0,0,0,0,0,0,0,0,0,0,0,0,0,3,0,0,3,0,0,0,0,0,0,0,0,0,657,0,3221,553,158,38,152,183649,10455,42512,8398,4123,103,258,0,0,0,0,0,0,0,0,0,0,0,0,0,0,0,0,0,0,0,0,0,0,0,0,0,0,0,0,0,0,0,0,0,0,0,0,0,0,0,0,0,0,0,0,0,119,0,0,6,0,0,10,2,0,0
PA,42025,2174,0,0,0,898,0,0,0,1,0,0,3,0,0,304,0,2,78,141,0,0,0,0,0,0,0,486,3281,0,0,0,1,0,649,0,0,0,0,0,0,0,0,0,0,0,0,3,1,0,677,0,0,0,3,343,0,0,0,0,0,0,0,4129,0,20352,4852,1728,389,1772,167740,17716,6977,316,12235,625,72,0,18,0,0,0,0,0,0,0,0,0,0,0,0,0,0,2,0,0,0,0,0,11,0,0,0,0,0,0,0,1,0,0,0,0,0,37,0,0,0,0,0,0,0,1,2175,0,0,901,5,0,306,141,0,0
PA,42027,29089,0,0,9,10307,0,0,0,2,0,0,88,0,0,2194,0,9,43,506,0,0,0,0,0,0,0,6099,15161,0,0,0,347,0,0,0,0,0,0,0,0,0,0,0,0,0,0,38,6,0,413,0,0,24,0,0,0,0,0,0,0,0,0,2909,0,38121,12954,2903,846,3053,469859,36116,31146,515,48824,5,26,0,0,0,0,0,0,0,0,0,0,0,0,0,0,0,0,0,0,0,14,9,0,0,0,0,0,0,0,0,0,2,0,0,0,0,0,0,0,0,0,0,0,0,0,15,29114,0,9,10331,105,0,2217,515,0,0
PA,42029,30313,0,0,15,9038,0,0,0,7,0,0,21,0,0,1975,0,2031,27,54,0,0,0,0,0,0,0,1158,18756,0,0,0,0,36,1,0,0,0,0,0,0,0,0,0,0,0,0,1,8,0,225,0,2,0,0,1,0,0,0,0,0,0,0,2102,0,85092,22908,10489,3241,333,157113,571,603,18264,119454,1631,29,0,4,0,0,0,0,0,0,0,0,0,0,0,0,0,0,0,0,0,9,0,0,16,0,0,0,0,0,1,0,449,0,0,0,0,0,0,0,0,0,0,0,0,0,305,30771,0,16,11374,776,0,4015,54,0,0
PA,42031,12128,0,0,15,4264,0,0,0,42,0,0,4,0,0,476,0,0,29,538,0,5,0,0,0,0,0,1615,23338,0,7,0,0,3,0,0,0,0,0,0,0,0,0,0,0,0,0,9,262,13,2149,0,0,0,0,0,0,0,0,0,0,0,0,4591,0,23835,4235,1062,237,404,200551,14948,30784,1053,63157,16,15,0,0,0,0,0,0,0,0,0,0,0,0,0,0,0,0,0,0,0,0,0,0,0,0,0,0,0,0,0,0,0,0,0,0,0,0,3,0,0,0,0,0,0,0,0,12128,0,15,4264,4,0,476,538,0,0
PA,42033,5122,0,0,26,614,0,0,0,3,0,0,3,0,0,333,0,0,2,395,0,0,0,0,0,0,0,2125,3008,0,0,0,4,0,2,0,0,0,0,0,0,0,0,0,0,0,0,30,45,0,526,0,0,9,0,1,0,0,0,0,0,0,0,4078,0,47011,8993,1983,445,11109,460596,74478,31998,10402,75070,23,94,0,0,0,0,0,0,0,0,0,0,0,0,0,0,0,0,0,0,0,2,0,0,0,0,0,0,0,0,0,0,1,0,0,0,0,0,0,0,0,0,0,0,0,0,0,5125,0,26,614,4,0,335,395,0,0
PA,42035,9803,0,0,7,3083,3,0,0,5,0,0,4,0,0,988,0,17,6,52,0,0,0,0,0,0,0,1827,4809,0,0,0,428,0,3,0,0,0,0,0,0,0,0,17,0,0,0,1,0,0,275,0,0,14,0,1,0,0,0,0,0,0,0,4576,0,19944,3785,816,344,766,372135,22859,102467,4909,20384,22,302,0,0,0,0,0,0,0,0,0,0,0,0,0,0,0,0,0,0,0,8,4,0,3,0,0,0,0,0,0,0,5,0,0,0,0,0,0,0,0,0,0,0,0,0,4,9820,0,7,3104,13,0,1013,56,0,0
PA,42037,21805,0,0,1,10660,0,0,0,28,1,0,4,0,0,1527,0,266,5,455,0,0,0,0,0,0,0,683,9743,0,0,0,423,8,184,0,0,0,0,0,0,0,0,0,0,0,0,0,3,19,1195,0,0,0,0,55,1,0,0,0,0,0,0,3073,0,20309,4761,1494,445,697,130699,11593,30769,144,62149,13,208,0,0,0,0,0,0,0,0,0,0,0,0,0,0,0,0,0,0,0,1,0,0,62,0,0,0,0,0,0,0,8,0,0,0,0,0,1,0,0,0,0,0,0,0,11,21814,0,1,10937,23,0,1794,455,0,0
PA,42039,42780,0,0,37,20431,0,0,0,12,0,0,7,0,0,1932,0,159,177,2173,21,9,2,0,0,0,0,1646,41891,0,15,0,0,222,84,0,0,0,0,0,0,0,13,0,0,0,0,22,1012,1393,14880,0,0,9,20,0,0,0,0,0,0,0,0,23450,0,34443,10247,1958,477,102,335715,19913,4874,2314,89250,12117,379,0,0,0,0,0,0,0,0,0,0,0,0,0,0,0,1,0,0,0,28,0,0,0,0,0,0,0,0,0,1,0,0,0,0,0,0,1,0,0,0,0,0,0,0,0,42808,0,38,20590,7,0,2120,2173,0,0
PA,42041,38397,0,0,44,15306,0,0,0,5,0,0,379,0,0,4031,0,2022,31,300,0,33,0,0,0,0,0,4617,17267,0,0,0,31,0,1,0,0,0,0,0,0,0,0,0,0,0,0,18,0,0,1552,23,0,346,0,0,0,0,0,0,0,0,0,1835,0,27109,26107,8523,3327,86,125980,3368,1865,235,67249,146,12,0,15,0,0,0,0,0,0,0,0,0,0,0,0,0,0,0,0,0,291,27,0,0,0,0,0,0,0,47,8,228,0,0,3,0,0,0,0,0,0,0,0,0,0,1565,38943,0,99,18896,2219,0,6352,330,0,0
PA,42043,19575,0,0,3,9692,0,0,0,4,0,0,70,0,0,1966,0,1744,18,170,0,2,0,0,0,0,0,2569,4520,0,0,0,58,0,5,0,0,0,0,0,0,0,0,1,0,0,0,0,21,0,1313,0,0,0,11,14,5,0,0,0,0,0,0,21286,0,30867,26919,10617,4709,260,162423,2455,2838,548,52071,150,13,0,3,0,0,0,0,0,0,0,0,0,0,0,0,0,0,0,0,0,7,16,0,0,0,0,0,0,0,1,0,15,0,0,0,0,0,0,0,0,0,0,0,0,0,153,19613,0,4,11589,239,0,3717,186,0,0
PA,42045,452,0,0,0,140,0,0,0,0,0,0,0,0,0,122,0,59,3,0,0,0,0,0,0,0,0,3,857,0,0,0,0,0,0,0,0,0,0,0,0,0,0,0,0,0,0,0,0,0,19,0,0,0,0,0,0,0,0,0,0,0,0,3953,0,35649,22028,12512,5915,162,32067,189,142,1519,4754,904,689,0,0,0,0,0,0,0,0,0,0,0,0,0,0,0,0,0,0,0,0,0,0,0,0,0,0,0,0,0,0,0,0,0,0,0,0,0,0,0,0,0,0,0,0,0,452,0,0,199,0,0,181,0,0,0
PA,42047,808,0,0,1,106,0,0,0,5,0,0,1,0,0,9,0,0,0,68,0,0,0,0,0,0,0,570,979,0,0,0,19,0,1,0,0,0,0,0,0,0,0,0,0,0,0,1,2,0,60,0,0,1,0,0,0,0,0,0,0,0,0,1811,0,10838,2987,1135,268,2368,363478,31930,57665,27288,29514,223,226,0,0,0,0,0,0,0,0,0,0,0,0,0,0,0,0,0,0,0,0,0,0,0,0,0,0,0,0,0,0,0,0,0,0,0,0,0,0,0,0,0,0,0,0,0,808,0,1,106,1,0,9,68,0,0
PA,42049,24395,0,0,24,13370,0,0,0,10,0,0,0,0,0,1687,0,13,51,1149,0,2,0,0,0,0,0,692,28660,0,19,0,0,1057,550,0,0,0,0,0,0,0,1,0,0,0,0,5,22,40,17005,0,6,44,12414,0,2,0,0,0,0,0,0,3575,0,34729,25028,9306,3398,436,227503,14416,1944,2985,75794,12444,1579,0,0,0,0,0,0,0,0,0,0,0,0,0,0,0,1,0,0,0,2,0,0,0,0,0,0,0,0,0,0,0,0,0,0,0,3,0,0,0,0,0,5,0,0,0,24397,0,24,13383,0,0,1702,1149,0,0
PA,42051,6960,0,0,34,3594,0,0,0,3,0,0,45,0,0,88,0,1,31,81,0,7,0,0,0,0,0,2425,18282,0,0,0,0,0,0,0,0,0,0,0,0,0,0,0,0,0,0,2,3,0,650,0,0,0,0,0,0,0,0,0,0,0,0,5484,0,34243,14838,5992,1382,1085,350048,1676,103,0,63803,0,2,0,0,0,0,0,0,0,0,0,0,0,0,0,0,0,0,0,0,0,1,0,0,0,0,0,0,0,0,0,0,1,0,0,0,0,0,1,0,0,0,0,0,0,0,0,6962,0,34,3595,46,0,90,81,0,0
PA,42053,584,0,0,0,293,0,0,0,0,0,0,0,0,0,6,0,0,0,45,0,0,0,0,0,0,0,75,786,0,34,0,0,0,0,0,0,0,0,0,0,0,0,0,0,0,0,0,2,0,75,0,0,0,0,0,0,0,0,0,0,0,0,2171,0,5589,334,85,23,35,174184,14346,56876,12851,7237,318,264,0,0,0,0,0,0,0,0,0,0,0,0,0,0,0,0,0,0,0,0,0,0,0,0,0,0,0,0,0,0,0,0,0,0,0,0,0,0,0,0,0,0,0,0,0,584,0,0,293,0,0,6,45,0,0
PA,42055,58522,0,0,204,12219,0,0,0,0,0,0,1672,0,0,4617,0,2171,71,83,0,0,0,0,0,0,0,12473,24909,0,0,0,36,0,0,0,0,0,0,0,0,0,0,0,0,0,0,10,0,0,428,8,0,168,0,2,0,0,0,0,0,0,0,808,0,28122,20347,4493,1552,231,199075,2597,1593,24,113773,129,22,0,1,0,0,0,0,0,0,0,0,0,0,0,0,0,0,0,0,0,1027,173,0,0,0,0,0,0,0,34,161,1012,0,0,5,0,0,0,0,0,0,0,0,0,0,1764,60734,0,399,16159,4482,0,7976,261,0,0
PA,42057,7926,0,0,104,1061,0,0,0,0,0,0,143,0,0,599,0,24,67,78,0,0,0,0,0,0,0,1255,13720,0,0,0,5,0,0,0,0,0,0,0,0,0,0,0,0,0,0,1,0,0,73,0,0,1,0,2,0,0,0,0,0,0,0,317,0,15198,2996,548,182,253,187762,7857,1854,8,38319,0,0,0,0,0,0,0,0,0,0,0,0,0,0,0,0,0,0,0,0,0,66,8,0,0,0,0,0,0,0,4,0,8,0,0,0,0,0,0,0,0,0,0,0,0,0,8,8008,0,108,1093,163,0,689,86,0,0
PA,42059,567,0,0,3,98,0,0,0,0,0,0,2,0,0,20,0,0,0,6,0,2,0,0,0,0,0,6366,1493,0,0,0,0,0,0,0,0,0,0,0,0,0,0,0,0,0,0,0,0,0,459,0,0,0,0,0,0,0,0,0,0,0,0,1775,0,25943,3311,990,439,606,272881,157,0,2,54749,2,1,0,0,0,0,0,0,0,0,0,0,0,0,0,0,0,0,0,0,0,0,0,0,0,0,0,0,0,0,0,0,9,0,0,0,0,0,0,0,0,0,0,0,0,0,0,576,0,3,98,11,0,20,6,0,0
PA,42061,19513,0,0,27,3088,0,0,0,0,0,0,98,0,0,999,0,27,23,96,0,0,0,0,0,0,0,5679,13766,0,0,0,74,0,0,0,0,0,0,0,0,0,0,0,0,0,0,5,2,0,130,0,0,0,0,0,0,0,0,0,0,0,0,9798,0,26187,5174,1077,322,445,408962,20143,7310,53,45743,1,16,0,0,0,0,0,0,0,0,0,0,0,0,0,0,0,0,0,0,0,111,126,0,0,0,0,0,0,0,0,0,9,0,0,0,0,0,0,0,0,0,0,0,0,0,16,19759,0,27,3131,123,0,1137,222,0,0
PA,42063,22194,0,0,6,11980,0,0,0,60,0,0,24,0,0,661,0,73,18,698,0,1,0,0,0,0,0,4414,4901,0,0,0,0,2,130,0,0,0,0,0,0,0,0,0,0,0,0,11,321,1,3349,0,0,0,0,0,0,0,0,0,0,0,0,3252,0,34243,8209,2686,576,1530,347038,12680,808,55,73903,1,18,0,0,0,0,0,0,0,0,0,0,0,0,0,0,0,0,0,0,0,3,0,0,1,0,0,0,0,0,0,0,3,0,0,2,0,0,162,0,0,0,0,0,0,0,30,22200,0,6,12085,57,0,737,700,0,0
PA,42065,8055,0,0,4,3672,3,0,0,7,0,0,5,0,0,482,0,1,2,465,0,2,0,0,0,0,0,2346,7161,0,4,0,1,0,10,0,0,0,0,0,0,0,0,0,0,0,0,12,27,1,1305,0,0,0,0,0,0,0,0,0,0,0,0,1362,0,24488,5383,1368,281,868,242191,19690,31946,3224,65941,15,32,0,0,0,0,0,0,0,0,0,0,0,0,0,0,0,0,0,0,0,3,0,0,0,0,0,0,0,0,0,0,0,0,0,0,0,0,1,0,0,0,0,0,0,0,0,8058,0,4,3673,5,0,486,465,0,0
PA,42067,14628,0,0,38,7010,0,0,0,2,1,0,72,0,0,895,0,123,17,105,0,1,0,0,0,0,0,1077,8823,0,0,0,20,0,0,0,0,0,0,0,0,0,0,0,0,0,0,1,0,0,590,0,0,14,1,6,0,0,0,0,0,0,0,1576,0,11437,2799,403,90,57,161641,3372,3295,52,33571,6,5,0,10,0,0,0,0,0,0,0,0,0,0,0,0,0,0,0,0,0,17,9,0,0,0,0,0,0,0,3,0,18,0,0,0,0,0,0,0,0,0,0,0,0,0,108,14672,0,41,7241,201,0,1035,114,0,0
PA,42069,1554,0,0,2,67,0,0,0,31,0,0,0,0,0,22,0,0,1,13,0,0,0,0,0,0,0,61,20386,0,0,0,2,0,63,0,0,0,0,0,0,0,0,10,0,0,0,28,2,0,243,0,0,0,1,4,0,0,0,0,0,0,0,5482,0,21584,14789,10448,3386,1429,169906,5729,13055,4100,17757,6567,615,0,1,0,0,0,0,0,0,0,0,0,0,0,0,0,0,0,0,0,0,0,0,20,0,0,0,0,0,0,0,0,0,0,0,0,0,0,0,0,0,0,0,0,0,0,1554,0,2,67,0,0,22,13,0,0
PA,42071,117978,0,0,25,16327,0,0,13,7,0,0,46,0,0,1677,0,6218,116,141,0,0,0,0,0,0,0,6365,5700,0,0,0,140,115,5,0,0,0,0,0,0,0,0,4,0,0,0,0,70,0,1246,0,0,0,0,5,0,0,0,0,0,0,0,21499,0,63071,41436,14368,6066,800,114417,632,904,8477,196329,835,91,0,7,0,0,0,0,0,0,0,0,0,0,0,0,0,0,0,0,0,50,128,0,7,0,0,0,0,0,4,0,1362,0,0,0,0,0,1,0,0,0,0,0,0,0,2995,119518,0,29,25540,4407,0,7945,269,0,0
PA,42073,16130,0,0,16,9515,0,0,0,2,0,0,5,0,0,2195,0,55,4,696,0,38,0,0,0,0,0,5067,7174,0,7,0,0,1,2,0,0,0,0,0,0,0,0,0,0,0,0,27,16,16,3326,0,0,0,2,0,0,0,0,0,0,0,0,3040,0,24162,12463,3805,1235,243,103554,424,201,93,38299,384,21,0,0,0,0,0,0,0,0,0,0,0,0,0,0,0,0,0,0,0,0,0,0,0,0,0,0,0,0,0,2,0,0,0,0,0,0,0,0,0,0,0,0,0,0,0,16130,0,18,9570,5,0,2252,696,0,0
PA,42075,33240,0,0,4,8427,0,0,0,1,0,0,63,0,0,1101,0,2467,58,74,0,0,0,0,0,0,0,3957,3820,0,0,0,114,1,6,0,0,0,0,0,0,0,0,0,0,0,0,0,0,0,311,0,0,0,0,29,0,0,0,0,0,0,0,905,0,19311,14492,4641,2164,302,76266,2066,1636,438,53932,133,16,0,0,0,0,0,0,0,0,0,0,0,0,0,0,0,0,0,0,0,167,21,0,2,0,0,0,0,0,0,0,282,0,0,0,0,0,0,0,0,0,0,0,0,0,1592,33710,0,4,12486,1937,0,3735,95,0,0
PA,42077,19544,0,0,2,12362,0,0,0,13,0,0,95,0,0,4560,0,88,40,285,0,0,0,0,0,0,0,2208,5475,0,0,0,47,1,10,0,0,0,0,0,0,0,0,0,0,0,0,3,3,0,2411,0,0,0,2,12,0,0,0,0,0,0,0,1227,0,28325,24435,10659,4556,497,67165,376,269,1776,35963,232,17,0,151,0,0,0,0,0,0,0,0,0,0,0,0,0,0,6,0,0,2,0,0,33,0,0,0,0,0,0,0,22,0,0,0,0,0,0,0,0,0,0,0,0,0,31,19568,0,2,12481,148,0,4650,285,0,0
PA,42079,9133,0,0,5,1721,0,0,0,12,0,0,1,0,0,398,0,11,13,336,0,0,0,0,0,0,0,856,13800,0,0,0,449,0,176,0,0,0,0,0,0,0,0,0,0,0,0,2,1,2,623,0,0,0,0,97,0,0,0,0,0,0,0,11522,0,40254,20430,14774,4338,7655,346111,21590,43772,1905,37480,2018,854,0,0,0,0,0,0,0,0,0,0,0,0,0,0,0,0,0,0,0,0,1,0,27,0,0,0,0,0,0,0,1,0,0,0,0,0,4,0,0,0,0,0,0,0,2,9135,0,5,1734,4,0,409,337,0,0
PA,42081,19818,0,0,16,7170,0,0,0,105,0,0,6,0,0,720,0,44,16,390,0,0,1,0,0,0,0,671,14898,0,0,0,199,0,568,0,0,0,0,0,0,0,0,4,0,0,0,0,0,3,5065,0,4,0,1,245,2,0,0,0,0,0,0,5877,0,30739,8874,2814,1035,312,383567,24202,200130,5119,82469,112,751,0,6,0,0,0,0,0,0,0,0,0,0,0,0,0,2,0,0,0,5,2,0,2,0,0,0,0,0,0,0,2,0,0,0,0,1,0,0,0,0,0,0,0,0,8,19827,0,16,7222,16,0,769,392,0,0
PA,42083,910,0,0,0,87,0,0,0,2,0,0,1,0,0,4,0,0,0,69,0,0,0,0,0,0,0,222,6526,0,2,0,3,0,0,0,0,0,0,0,0,0,0,0,0,0,0,1,1,0,78,0,0,0,0,4,0,0,0,0,0,0,0,1703,0,15878,3061,1041,221,845,463893,17518,37873,39279,33650,6854,165,0,0,0,0,0,0,0,0,0,0,0,0,0,0,0,0,0,0,0,0,0,0,0,0,0,0,0,0,0,0,0,0,0,0,0,0,0,0,0,0,0,0,0,0,0,910,0,0,87,1,0,4,69,0,0
PA,42085,41231,0,0,19,19435,0,0,0,3,0,0,0,0,0,1998,0,1,31,1112,2,84,0,0,0,0,0,5834,20485,0,2,0,0,4,20,0,0,0,0,0,0,0,4,0,0,0,0,35,120,153,8902,0,0,2,9,0,0,0,0,0,0,0,0,9821,0,32708,14250,3124,1258,156,206636,1066,822,566,65322,1452,45,0,0,0,0,0,0,0,0,0,0,0,0,0,0,0,0,0,0,0,44,0,0,0,0,0,0,0,0,0,12,0,0,0,0,0,0,1,0,0,0,0,0,0,0,0,41275,0,31,19436,0,0,2055,1112,0,0
PA,42087,19041,0,0,14,4900,0,0,0,0,0,0,133,0,0,500,0,11,22,177,0,0,0,0,0,0,0,3032,8252,0,0,0,30,0,0,0,0,0,0,0,0,0,0,0,0,0,0,2,1,0,208,0,0,0,0,0,0,0,0,0,0,0,0,2032,0,12823,4853,1258,494,174,162983,7527,6339,24,30304,7,12,0,0,0,0,0,0,0,0,0,0,0,0,0,0,0,0,0,0,0,12,16,0,0,0,0,0,0,0,1,0,24,0,0,0,0,0,0,0,0,0,0,0,0,0,131,19093,0,15,5042,289,0,523,193,0,0
PA,42089,2886,0,0,4,1655,0,0,0,2,0,0,6,0,0,314,0,1,21,155,0,0,0,0,0,0,0,230,3145,0,0,0,0,0,134,0,0,0,0,0,0,0,0,0,0,0,0,1,2,0,872,0,0,0,2,31,0,0,0,0,0,0,0,6383,0,51785,8485,2783,957,594,252441,18439,9021,3163,13739,17464,318,0,9,0,0,0,0,0,0,0,0,0,0,0,0,0,0,0,0,0,0,0,0,7,0,0,0,0,0,0,0,1,0,0,0,0,0,1,0,0,0,0,0,0,0,0,2887,0,4,1656,7,0,315,155,0,0
PA,42091,5412,0,0,8,2625,0,0,0,37,0,0,2,0,0,534,0,15,42,40,0,0,0,0,0,0,0,258,9272,0,0,0,1,2,1,0,0,0,0,0,0,0,0,0,0,0,0,0,25,0,713,0,0,0,0,1,0,0,0,0,0,0,0,2167,0,86456,50244,20693,7773,388,77052,858,488,8588,36459,1638,49,0,1,0,0,0,0,0,0,0,0,0,0,0,0,0,0,0,0,0,0,0,0,26,0,0,0,0,0,0,0,3,0,0,0,0,0,0,0,0,0,0,0,0,0,4,5415,0,8,2644,9,0,549,40,0,0
PA,42093,9493,0,0,0,7559,0,0,0,2,0,0,2,0,0,383,0,45,1,102,0,0,0,0,0,0,0,204,2445,0,0,0,17,0,37,0,0,0,0,0,0,0,0,0,0,0,0,0,0,8,1655,0,0,0,0,58,10,0,0,0,0,0,0,1067,0,4944,2154,604,168,145,23565,888,3761,23,25181,1,31,0,26,0,0,0,0,0,0,0,0,0,0,0,0,0,0,0,0,0,7,0,0,0,0,0,0,0,0,0,0,1,0,0,0,0,0,0,0,0,0,0,0,0,0,7,9501,0,0,7611,10,0,435,102,0,0
PA,42095,28439,0,0,23,14170,0,0,0,16,0,0,133,0,0,3240,0,27,46,184,0,0,0,0,0,0,0,2029,4601,0,0,0,30,2,10,0,0,0,0,0,0,0,0,3,0,0,0,2,2,0,4134,0,0,0,3,46,0,0,0,0,0,0,0,2898,0,28140,20398,9042,3154,915,68983,258,772,2729,45398,1038,78,0,520,0,0,0,0,0,0,0,0,0,0,0,0,0,0,0,0,0,0,1,0,9,0,0,0,0,0,0,0,6,0,0,0,0,0,0,0,0,0,0,0,0,0,3,28446,0,23,14200,142,0,3267,185,0,0
PA,42097,30512,0,0,5,18242,0,0,0,28,0,0,99,0,0,1499,0,491,16,107,0,0,0,0,0,0,0,798,4071,0,0,0,131,0,46,0,0,0,0,0,0,0,0,90,0,0,0,0,0,5,3583,0,0,1,2,80,14,0,0,0,0,0,0,12402,0,20877,8009,3079,1198,1502,135429,3037,5818,264,53937,52,206,0,3,0,0,0,0,0,0,0,0,0,0,0,0,0,0,0,0,0,51,6,0,4,0,0,0,0,0,8,0,6,0,0,0,0,5,0,0,0,0,0,0,0,0,94,30575,0,13,18827,207,0,2041,113,0,0
PA,42099,17188,0,0,42,8200,0,0,0,1,0,0,95,0,0,2360,0,239,12,241,0,12,0,0,0,0,0,1562,11691,0,0,0,21,0,2,0,0,0,0,0,0,0,0,0,0,0,0,6,0,0,720,0,1,31,0,3,0,0,0,0,0,0,0,2208,0,18540,4882,800,145,22,234061,4576,5442,58,41986,38,10,0,2,0,0,0,0,0,0,0,0,0,0,0,0,0,0,0,0,0,46,25,0,0,0,0,0,0,0,8,1,17,0,0,2,0,0,0,0,0,0,0,0,0,0,361,17276,0,51,8802,481,0,2646,268,0,0
PA,42101,7,0,0,0,0,0,0,0,0,0,0,0,0,0,0,0,0,0,0,0,0,0,0,0,0,0,0,28,0,0,0,0,0,0,0,0,0,0,0,0,0,0,0,0,0,0,0,0,0,2,0,0,0,0,0,0,0,0,0,0,0,0,4459,0,12366,13406,28686,24008,76,6470,17,24,103,520,824,348,0,0,0,0,0,0,0,0,0,0,0,0,0,0,0,0,0,0,0,0,0,0,0,0,0,0,0,0,0,0,0,0,0,0,0,0,0,0,0,0,0,0,0,0,0,7,0,0,0,0,0,0,0,0,0
PA,42103,743,0,0,0,187,0,0,0,0,0,0,0,0,0,10,0,0,0,3,0,0,0,0,0,0,0,5,463,0,0,0,0,0,2,0,0,0,0,0,0,0,0,0,0,0,0,0,0,0,42,0,0,0,1,0,0,0,0,0,0,0,0,14246,0,26232,2796,645,163,185,256416,9127,31807,3421,3519,11320,1154,0,0,0,0,0,0,0,0,0,0,0,0,0,0,0,0,0,0,0,0,0,0,0,0,0,0,0,0,0,0,0,0,0,0,0,0,0,0,0,0,0,0,0,0,0,743,0,0,187,0,0,10,3,0,0
PA,42105,2754,0,0,18,182,0,0,0,69,0,0,2,0,0,249,0,1,6,101,0,0,0,0,0,0,0,355,16834,0,0,0,348,0,0,0,0,0,0,0,0,0,0,0,0,0,0,0,0,0,747,0,0,4,0,147,0,0,0,0,0,0,0,272,0,11281,1111,250,46,161,490510,9748,58049,33096,65564,194,90,0,3,0,0,0,0,0,0,0,0,0,0,0,0,0,0,0,0,0,1,0,0,0,0,0,0,0,0,0,0,0,0,0,0,0,0,0,0,0,0,0,0,0,0,0,2755,0,18,183,2,0,251,101,0,0
PA,42107,20192,0,0,27,6781,0,0,0,7,0,0,18,0,0,1672,0,163,91,475,0,0,0,0,0,0,0,945,6879,0,0,0,68,0,164,0,0,0,0,0,0,0,0,0,0,0,0,9,3,1,690,0,0,12,0,764,0,0,0,0,0,0,0,3533,0,32332,11807,4465,1525,9379,331516,11449,10078,225,45393,56,96,0,9,0,0,0,0,0,0,0,0,0,0,0,0,0,0,1,0,0,4,0,0,4,0,0,0,0,0,0,0,52,0,0,0,0,0,2,0,0,0,0,0,0,0,88,20248,0,27,7032,158,0,1839,475,0,0
PA,42109,16976,0,0,3,8606,0,0,0,130,0,0,60,0,0,1249,0,143,24,99,0,0,0,0,0,0,0,1767,4524,0,0,0,16,0,3,0,0,0,0,0,0,0,1,4,0,0,0,0,0,5,1382,0,0,1,0,18,2,0,0,0,0,0,0,1209,0,12490,4270,970,327,74,105515,4534,8377,20,39396,23,8,0,4,0,0,0,0,0,0,0,0,0,0,0,0,0,0,0,0,0,42,1,0,0,0,0,0,0,0,1,0,17,0,0,0,0,1,0,0,0,0,0,0,0,0,83,17036,0,4,8832,161,0,1434,100,0,0
PA,42111,16959,0,0,6,7060,0,0,0,13,0,0,61,0,0,376,0,7,41,627,0,1,0,0,0,0,0,615,52650,0,0,0,0,4,3,0,0,0,0,0,0,0,0,0,0,0,0,6,2,0,345,0,0,0,0,2,0,0,0,0,0,0,0,5214,0,32700,6056,1728,258,8622,449319,21183,1216,20,86593,2,2,0,0,0,0,0,0,0,0,0,0,0,0,0,0,0,0,0,0,0,12,0,0,0,0,0,0,0,0,0,0,7,0,0,0,0,0,3,0,0,0,0,0,0,0,0,16978,0,6,7067,68,0,395,627,0,0
PA,42113,2969,0,0,4,112,0,0,0,0,0,0,0,0,0,7,0,1,3,66,0,0,0,0,0,0,0,147,11626,0,0,0,1,0,7,0,0,0,0,0,0,0,0,0,0,0,0,0,0,1,173,0,0,0,0,6,0,0,0,0,0,0,0,1610,0,8140,493,111,10,480,168066,9354,67072,8084,10542,101,313,0,0,0,0,0,0,0,0,0,0,0,0,0,0,0,0,0,0,0,0,0,0,0,0,0,0,0,0,0,0,2,0,0,0,0,0,0,0,0,0,0,0,0,0,0,2971,0,4,113,2,0,8,66,0,0
PA,42115,3930,0,0,3,111,0,0,0,14,0,0,1,0,0,18,0,1,8,64,0,0,0,0,0,0,0,632,72135,0,0,0,7,0,20,0,0,0,0,0,0,0,4,3,0,0,0,41,0,0,1109,0,0,0,0,1,0,0,0,0,0,0,0,6183,0,21210,2379,701,113,1053,239343,29574,87469,1567,62960,710,1328,0,0,0,0,0,0,0,0,0,0,0,0,0,0,0,0,0,0,0,0,0,0,7,0,0,0,0,0,0,0,2,0,0,0,0,0,0,0,0,0,0,0,0,0,2,3932,0,3,114,5,0,19,64,0,0
PA,42117,9789,0,0,99,925,0,0,0,73,0,0,13,0,0,286,0,4,53,335,0,0,0,0,0,0,0,537,73523,0,0,0,473,0,8,0,0,0,0,0,0,0,0,0,0,0,0,2,1,0,681,0,0,0,0,5,0,0,0,0,0,0,0,3610,0,22211,2768,1096,203,873,379137,14903,107381,9030,99043,65,768,0,1,0,0,0,0,0,0,0,0,0,0,0,0,0,2,0,0,0,3,0,0,0,0,0,0,0,0,0,0,0,0,0,0,0,0,0,0,0,0,0,0,0,0,1,9792,0,99,930,14,0,293,335,0,0
PA,42119,17208,0,0,2,9281,8,0,0,23,0,0,21,0,0,1130,0,82,18,38,0,0,0,0,0,0,0,1624,2261,0,0,0,17,0,2,0,0,0,0,0,0,0,5,2,0,0,0,2,1,2,1058,0,0,6,0,15,3,0,0,0,0,0,0,736,0,11054,3559,770,293,25,102433,5860,15532,26,29634,65,26,0,1,0,0,0,0,0,0,0,0,0,0,0,0,0,0,0,0,0,25,2,0,0,0,0,0,0,0,0,0,7,0,0,10,0,4,0,0,0,0,0,0,0,0,69,17242,0,2,9442,97,0,1237,50,0,0
PA,42121,9945,0,0,4,1918,0,0,0,1,0,0,0,0,0,243,0,0,22,410,0,10,0,0,0,0,0,1348,9628,0,13,0,0,4,2,0,0,0,0,0,0,0,0,0,0,0,0,3,64,12,3116,0,0,1,5,0,0,0,0,0,0,0,0,5822,0,25133,4783,1382,301,60,313409,6954,11783,2232,37386,1010,117,0,0,0,0,0,0,0,0,0,0,0,0,0,0,0,0,0,0,0,0,0,0,0,0,0,0,0,0,0,4,0,0,0,0,0,0,0,0,0,0,0,0,0,0,0,9945,0,8,1918,0,0,247,410,0,0
PA,42123,5545,0,0,1,767,0,0,0,1,0,0,0,0,0,32,0,0,6,249,0,1,0,0,0,0,0,400,12179,0,8,0,0,6,12,0,0,0,0,0,0,0,0,0,0,0,0,108,5,2,562,0,0,0,8,0,0,0,0,0,0,0,0,9042,0,15921,2703,840,171,355,361896,31454,69354,15759,38838,7679,627,0,0,0,0,0,0,0,0,0,0,0,0,0,0,0,0,0,0,0,0,0,0,0,0,0,0,0,0,0,0,0,0,0,0,0,0,0,0,0,0,0,0,0,0,0,5545,0,1,767,0,0,32,249,0,0
PA,42125,1384,0,0,9,1418,0,0,0,2,0,0,2,0,0,112,0,0,0,30,0,1,0,0,0,0,0,28460,1001,0,0,0,0,0,0,0,0,0,0,0,0,0,0,0,0,0,0,1,1,0,1207,0,0,0,0,0,0,0,0,0,0,0,0,3365,0,50365,19668,6206,2692,977,315971,641,1,3,117498,1,3,0,0,0,0,0,0,0,0,0,0,0,0,0,0,0,0,0,0,0,0,0,0,0,0,0,0,0,0,0,0,6,0,0,0,0,0,0,0,0,0,0,0,0,0,0,1390,0,9,1418,8,0,112,30,0,0
PA,42127,708,0,0,12,43,0,0,0,1,0,0,0,0,0,5,0,0,2,18,0,0,0,0,0,0,0,52,33840,0,0,0,0,0,66,0,0,0,0,0,0,0,0,2,0,0,0,1,0,0,198,0,0,0,2,1,0,0,0,0,0,0,0,15183,0,24636,2726,682,260,387,289796,12495,35101,2887,53468,6697,1120,0,2,0,0,0,0,0,0,0,0,0,0,0,0,0,0,0,0,0,0,0,0,0,0,0,0,0,0,0,0,0,0,0,0,0,0,0,0,0,0,0,0,0,0,0,708,0,12,43,0,0,5,18,0,0
PA,42129,16030,0,0,39,8006,2,0,0,49,0,0,46,0,0,529,0,4,10,321,0,42,0,0,0,0,0,12243,9968,0,0,0,0,1,0,0,0,1,0,0,0,0,0,0,0,0,0,0,33,2,2375,0,0,0,0,0,0,0,0,0,0,0,0,5758,0,53407,39235,16891,4497,1784,401602,2568,203,3,87531,0,4,0,0,0,0,0,0,0,0,0,0,0,0,0,0,0,0,0,0,0,7,0,0,0,0,0,0,0,0,0,0,2,0,0,0,0,0,3,0,0,0,0,0,0,0,2,16039,0,39,8012,50,0,540,321,0,0
PA,42131,5350,0,0,1,288,0,0,0,15,0,0,0,0,0,82,0,4,5,56,0,0,0,0,0,0,0,315,30308,0,0,0,22,0,32,0,0,0,0,0,0,0,3,1,0,0,0,2,0,0,552,0,0,0,0,16,0,0,0,0,0,0,0,4564,0,10030,1716,498,200,285,122154,13331,47337,1692,19097,117,1036,0,0,0,0,0,0,0,0,0,0,0,0,0,0,0,0,0,0,0,0,0,0,6,0,0,0,0,0,0,0,2,0,0,0,0,0,0,0,0,0,0,0,0,0,0,5352,0,1,292,2,0,86,56,0,0
PA,42133,84535,0,0,89,27408,0,0,0,2,145,0,60,0,0,3538,0,9941,20,182,0,1,0,0,0,0,0,1271,11940,0,0,0,153,0,0,0,0,0,0,0,0,0,0,0,0,0,0,0,11,1,6673,15,2,112,0,62,0,0,0,0,0,0,0,4166,0,61355,27749,11265,5475,302,188417,1772,1649,8956,122283,934,30,0,0,0,0,0,0,0,0,0,0,0,0,0,0,0,0,0,0,0,336,4,0,0,0,0,0,0,0,1,0,484,0,0,0,0,0,0,0,0,0,0,0,0,0,1264,85359,0,90,38613,1809,0,13815,186,0,0
RI,44001,41,0,0,0,0,0,0,0,12,0,0,0,0,0,0,0,0,0,0,0,0,0,0,0,0,0,57,513,0,0,0,0,2,2,0,0,0,0,0,0,0,0,0,0,0,0,0,0,0,13,0,0,0,0,9,0,0,0,0,0,0,0,258,0,2517,3792,3557,631,58,1889,99,8,2,597,1072,652,0,0,0,0,0,0,0,0,0,0,0,0,0,0,0,0,6,0,0,0,0,0,0,0,0,0,0,0,0,0,0,0,0,0,0,0,0,0,0,0,0,0,0,3,0,41,0,0,0,0,0,0,0,0,0
RI,44003,142,0,0,4,0,0,0,6,16,0,0,0,0,0,0,0,0,0,0,0,0,0,0,0,0,0,76,733,0,0,0,0,3,13,0,0,0,0,0,0,0,0,0,0,0,0,0,66,0,64,0,0,1,0,3,0,0,0,0,0,0,0,2307,0,9859,11429,13547,3721,392,47304,10072,1085,598,2849,5900,1095,0,0,0,0,0,0,0,0,0,0,0,0,0,0,0,0,0,0,0,0,0,0,0,0,0,0,0,0,0,0,0,0,0,0,0,0,0,0,0,0,0,0,0,78,0,142,0,4,0,0,0,0,0,0,0
RI,44005,907,0,0,11,9,0,0,1,17,0,0,0,0,0,0,0,0,0,0,0,0,0,0,0,0,0,370,3880,0,0,0,0,508,99,0,0,0,0,0,0,0,0,0,0,0,0,0,8,0,339,0,0,3,4,3,0,0,0,0,0,0,0,3461,0,6475,7250,8103,1803,715,19181,505,54,68,6439,6348,2434,0,0,0,0,0,0,0,0,0,0,1,0,0,0,0,0,6,0,0,0,0,0,1,0,0,0,0,0,0,0,0,0,0,0,0,0,4,0,0,0,0,0,0,21,0,907,0,11,9,0,0,0,0,0,0
RI,44007,305,0,0,15,0,0,0,2,181,0,0,0,0,0,0,0,0,2,0,0,0,0,0,0,0,0,344,1845,0,0,0,1,3,26,0,0,0,0,0,0,0,0,0,0,0,0,0,65,0,512,0,0,29,0,2,0,0,0,0,0,0,0,10235,0,19748,21429,32012,15863,526,139781,8566,1280,2006,8491,10389,1592,0,0,0,0,0,0,0,0,0,0,1,0,0,0,0,0,6,0,0,0,0,0,4,0,0,0,0,0,0,0,0,0,0,0,0,0,0,0,0,0,0,0,0,2,0,305,0,15,0,0,0,0,0,0,0
RI,44009,2044,0,0,8,2,0,0,12,71,0,0,0,5,0,0,0,0,3,0,0,0,0,0,0,0,0,366,3528,0,0,0,6,25,29,0,0,0,0,0,0,0,0,0,0,0,0,0,991,0,326,0,0,3,0,11,0,0,0,0,0,0,289,10736,0,16192,16418,12037,2264,2944,96226,11708,3174,622,12182,26573,5135,0,0,0,0,0,0,0,0,0,0,4,0,0,0,0,0,4,0,0,0,0,0,15,0,0,0,0,0,0,0,0,0,0,0,0,0,0,0,0,0,0,0,0,16,0,2044,0,8,2,0,5,0,0,0,0
SC,45001,71,87,0,0,117,0,0,0,0,0,0,0,0,0,202,0,53,0,9,0,0,0,0,0,0,0,1,8652,0,0,0,0,0,0,0,0,0,0,0,0,0,0,1,0,0,0,0,0,0,835,0,1,0,0,0,0,0,0,0,0,0,0,13254,0,17324,2250,435,131,210,109826,90943,124,3887,77585,1082,0,0,0,0,0,0,0,0,0,0,0,0,0,0,0,0,0,0,0,0,0,0,0,0,0,0,0,0,0,0,33,0,0,0,0,0,0,0,0,0,0,0,0,0,0,1,71,87,33,171,1,0,288,9,0,0
SC,45003,4125,7729,0,160,2714,1,662,0,0,0,0,0,0,0,2237,0,1279,212,247,4,0,0,1,0,0,0,6,13384,0,0,0,0,0,625,0,0,0,3,0,0,0,0,0,0,0,0,0,110,0,15998,0,985,0,4,0,0,0,126,0,0,0,0,5633,0,34239,20583,4811,1638,1523,42496,245614,9000,82410,94234,97403,804,0,0,0,26,0,0,0,0,0,0,5,0,0,0,0,0,23,0,0,3,2,0,0,0,0,0,0,0,0,245,0,70,0,158,0,0,0,0,0,0,0,0,0,0,2,4130,7799,405,4153,2,0,3834,407,0,0
SC,45005,8517,7714,0,56,1927,2,2162,0,1,0,0,0,0,0,144,0,5001,385,6,23,0,0,0,0,0,0,0,2544,0,0,0,0,0,3,0,0,0,75,0,0,0,0,0,0,0,0,0,260,0,11826,0,479,0,1,0,0,0,33,0,0,0,0,1788,0,7858,2589,464,53,75,578,101380,723,23122,12004,71143,402,0,0,0,0,0,5,0,0,0,0,0,0,0,0,0,0,0,0,0,111,19,0,0,0,0,0,0,0,0,3,0,207,0,211,0,0,0,0,0,0,0,0,0,0,0,8647,7921,59,7139,0,0,5466,236,5,0
SC,45007,852,69,0,87,1311,0,0,0,0,0,0,0,0,0,1055,0,1144,0,2,0,0,0,0,0,0,0,0,19380,0,0,0,0,0,0,0,0,0,11,0,0,0,0,0,0,0,0,0,0,0,6191,0,3,0,0,0,0,0,0,0,0,0,0,26840,0,44209,20203,4791,2116,515,155899,44696,48,723,153993,217,0,0,0,0,0,0,0,0,0,0,0,0,0,0,0,0,1,0,0,0,24,0,0,0,0,0,0,0,0,1,288,22,0,0,0,0,0,0,0,0,0,0,0,0,0,130,898,69,376,2585,153,0,2511,2,0,0
SC,45009,7760,10813,0,25,1858,2,3178,0,1,0,0,0,0,0,338,0,2146,359,176,22,0,0,0,0,0,0,1,5309,0,0,0,0,0,31,0,0,0,130,0,0,0,0,0,0,0,0,0,230,0,9998,0,25,0,8,0,0,0,36,0,0,0,0,575,0,8570,3319,389,80,17,772,80626,147,30831,11029,73085,200,0,0,0,0,0,68,0,0,0,0,0,0,0,0,0,0,30,0,0,222,135,0,0,0,0,0,0,0,0,1,0,241,0,237,0,0,0,0,0,0,0,0,0,0,0,8117,11054,26,4241,0,0,2948,548,68,0
SC,45011,4673,11197,0,12,3337,0,2691,0,0,0,0,0,0,0,627,0,985,129,2,22,0,0,0,0,0,0,0,3376,0,0,0,0,0,42,0,0,0,73,0,0,0,0,0,0,0,0,0,378,0,7882,0,37,0,1,0,0,0,12,0,0,0,0,4564,0,8307,3868,987,461,119,2390,169800,1548,38964,18696,70855,506,0,0,0,3,0,1,0,0,0,0,0,0,0,0,0,0,4,0,0,53,1,0,0,0,0,0,0,0,0,5,0,191,0,7,0,0,0,0,0,0,0,0,0,0,0,4727,11388,17,4329,0,0,1861,10,1,0
SC,45013,651,122,0,0,174,0,97,0,0,0,0,0,0,0,12,0,10,0,15,0,0,0,0,0,0,0,0,156,0,0,0,0,0,6,0,0,0,1,0,0,0,0,0,0,0,0,0,64,0,1326,0,4,0,0,0,0,0,0,0,0,0,0,36529,0,26744,9780,3445,597,2760,232,98875,393,23109,9694,48313,129992,0,0,0,0,0,0,0,0,0,0,0,0,0,0,0,0,0,0,0,2,0,0,0,0,0,0,0,0,0,0,0,5,0,4,0,0,0,0,0,0,0,0,0,0,0,653,127,0,188,0,0,29,19,0,0
SC,45015,4815,1115,0,21,1527,0,90,0,0,0,0,0,0,0,85,0,778,1,4,1,0,0,0,0,0,0,0,1259,0,0,0,0,0,14,0,0,0,26,0,0,0,0,0,0,0,0,2,101,0,6479,0,0,0,0,0,0,0,2,0,0,0,0,81035,0,26591,15454,5026,1568,1693,220,273960,443,68135,30223,242489,22595,0,0,0,0,0,0,0,0,0,0,0,0,0,0,0,0,0,0,0,5,0,0,0,0,0,0,0,0,0,3,0,20,0,67,0,0,0,0,0,0,0,0,0,0,0,4820,1135,24,2372,0,0,891,71,0,0
SC,45017,10086,24291,0,37,1749,4,7789,0,1,0,0,0,0,0,149,0,1304,130,11,14,0,1,1,0,0,0,0,1829,0,0,0,0,0,622,0,0,0,7,0,0,0,0,0,0,0,0,0,94,0,12408,0,32,0,0,0,0,0,37,0,0,0,0,6487,0,9709,1902,416,89,187,4586,59597,409,25729,12989,68202,497,0,0,0,0,0,5,0,0,0,0,0,0,0,0,0,0,0,0,0,2,0,0,0,0,0,0,0,0,0,52,0,54,0,91,0,0,0,0,0,0,0,0,0,0,0,10088,24345,89,3144,0,0,1561,102,5,0
SC,45019,1385,265,0,8,355,0,635,0,0,0,0,0,0,0,36,0,294,1,4,0,0,0,0,0,0,0,0,355,0,0,0,0,0,35,0,0,0,16,0,0,0,0,0,0,0,0,0,44,0,1754,0,0,0,0,0,0,0,0,0,0,0,0,46991,0,35931,29242,10646,4407,3269,178,154902,874,40190,22581,131150,145595,0,0,0,0,0,0,0,0,0,0,0,0,0,0,0,0,0,0,0,37,0,0,0,0,0,0,0,0,0,0,0,133,0,43,0,0,0,0,0,0,0,0,0,0,0,1422,398,8,692,0,0,500,47,0,0
SC,45021,30,94,0,2,357,0,1,0,0,0,0,0,0,0,245,0,1299,0,6,0,0,0,0,0,0,0,64,2962,0,0,0,0,0,4,0,0,0,1,0,0,0,0,70,0,0,0,0,0,0,776,0,14,0,0,0,0,0,0,0,0,0,0,2647,0,16520,6818,1516,693,125,114238,37520,188,1384,65961,583,1,0,4,0,0,0,0,0,0,0,0,0,0,0,0,0,0,0,0,0,28,0,0,0,0,0,0,0,0,0,36,0,2,0,8,0,0,0,0,0,0,0,0,0,0,0,58,96,38,1664,0,0,1610,14,0,0
SC,45023,137,1542,0,2,145,0,189,0,0,0,0,0,0,0,207,0,501,4,63,0,0,0,0,0,0,0,0,1768,0,0,0,0,0,1,0,0,0,4,0,0,0,0,0,0,0,0,0,0,0,537,0,1,0,0,0,0,0,22,0,0,0,0,4166,0,16803,4763,891,305,664,123484,152173,208,464,64164,1974,0,0,0,0,0,0,0,0,0,0,0,0,0,0,0,0,0,0,0,0,0,0,0,0,0,0,0,0,0,0,9,0,87,0,11,0,0,0,0,0,0,0,0,0,0,0,137,1629,11,657,0,0,804,74,0,0
SC,45025,7286,1477,0,1064,5217,7,132,0,18,0,0,0,0,0,151,0,7088,173,16,22,0,0,1,0,0,0,0,9055,0,0,0,0,0,381,0,0,0,5,0,0,0,0,0,0,0,0,0,135,0,11045,0,755,0,0,0,0,0,10,0,0,0,0,5585,0,26279,7085,1184,359,1118,64831,170640,4273,15062,106498,68335,290,0,0,0,0,0,0,0,0,0,0,0,0,0,0,0,0,0,0,0,7,0,0,0,0,0,0,0,0,0,235,0,4,0,3,0,0,0,0,0,0,0,0,0,0,0,7293,1481,1299,12308,0,0,7485,19,0,0
SC,45027,35373,11862,0,15,8345,0,2771,3,0,0,0,0,0,0,441,0,18088,17,8,35,0,0,66,0,0,0,0,3155,0,0,0,0,0,22,0,0,0,84,0,0,0,0,0,0,0,0,0,524,0,14297,0,1,0,1,0,0,0,44,0,0,0,0,51887,0,17706,3970,437,118,77,238,70190,242,38605,25401,138319,1282,0,0,0,0,0,0,0,0,0,0,0,0,0,0,0,0,0,0,0,261,0,0,0,0,0,0,0,0,0,4,0,1288,0,89,2,0,0,0,0,0,0,0,0,0,0,35636,13150,19,26524,0,0,20082,97,0,0
SC,45029,6416,6686,0,91,1557,7,2322,0,10,0,0,0,0,0,231,0,839,11,140,25,0,0,1,0,0,0,2,3640,0,0,0,0,0,13,0,0,0,220,0,0,0,0,0,0,0,0,0,222,0,13814,0,24,0,3,0,0,0,6,0,0,0,0,17484,0,25620,4119,636,202,646,889,215222,789,83891,29214,212928,59066,0,0,0,0,0,42,0,0,0,0,0,0,0,0,0,0,0,0,0,6,15,0,0,0,0,0,0,0,0,1,0,54,0,973,0,0,0,0,0,0,0,0,0,0,0,6437,6740,92,3369,0,0,1131,1128,42,0
SC,45031,26102,28250,0,814,20022,26,2816,0,0,0,0,0,0,0,226,0,16649,286,15,18,0,38,162,0,0,0,0,8787,0,0,0,2,0,19,0,0,0,2,0,0,0,10,0,0,0,0,0,550,0,20766,0,21,0,0,0,0,0,2,0,0,0,0,3625,0,16379,6540,1751,692,56,2415,55554,160,31035,11356,106144,370,0,0,0,0,0,0,0,0,0,0,0,0,0,0,0,0,0,0,0,128,0,0,0,0,0,0,0,0,2,577,0,320,0,33,0,0,0,0,0,0,0,0,0,0,11,26230,28570,1393,36715,13,0,17900,48,0,0
SC,45033,23510,8857,0,762,8770,4,1982,19,0,0,0,0,0,0,1430,0,20605,281,106,10,0,80,0,0,0,0,0,5947,0,0,0,2,0,9,0,0,0,3,0,0,0,34,0,0,0,0,0,71,0,11942,0,0,0,0,0,0,0,193,0,0,0,0,1073,0,9645,3310,689,215,20,24,48259,115,20682,2483,87931,199,0,0,0,0,0,0,0,0,0,0,0,0,0,0,0,0,0,0,0,26,0,0,0,0,0,0,0,0,0,591,0,4,0,163,0,0,0,0,0,0,0,0,0,0,0,23536,8861,1353,29538,0,0,22656,269,0,0
SC,45035,6675,6379,0,44,2704,0,2045,0,0,0,0,0,0,0,75,0,1636,2,22,3,0,1,0,0,0,0,0,1582,0,0,0,0,0,1,0,0,0,15,0,0,0,0,0,0,0,0,0,28,0,8303,0,5,0,2,0,0,0,2,0,0,0,0,3004,0,21194,9687,2141,459,742,252,106010,423,38674,21790,132409,2109,0,0,0,0,0,0,0,0,0,0,0,0,0,0,0,0,0,0,0,6,8,0,0,0,0,0,0,0,0,5,0,100,0,136,0,0,0,0,0,0,0,0,0,0,0,6689,6479,49,4476,0,0,1822,166,0,0
SC,45037,733,112,0,125,638,0,2,0,0,0,0,0,0,0,826,0,325,4,31,0,0,0,0,0,0,0,1,6502,0,0,0,0,0,1,0,0,0,1,0,0,0,0,0,0,0,0,0,4,0,1438,0,7221,0,0,0,0,0,22,0,0,0,0,4260,0,12365,2424,562,171,432,70440,154977,503,5729,50188,3865,55,0,0,0,28,0,0,0,0,0,0,1,0,0,0,0,0,0,0,0,2,0,0,0,0,0,0,0,0,0,23,0,0,0,176,0,0,0,0,0,0,0,0,0,0,0,735,112,148,1139,0,0,1176,207,0,0
SC,45039,97,1,0,8,3,0,0,0,0,0,0,1,0,0,175,0,34,0,8,0,0,0,0,0,0,0,0,576,0,0,0,0,0,0,0,0,0,0,0,0,0,0,0,0,0,0,0,2,0,95,0,10,0,0,0,0,0,1,0,0,0,0,16491,0,14231,2537,489,209,1450,103536,262014,192,706,46504,4999,12,0,0,0,0,0,0,0,0,0,0,0,0,0,0,0,0,0,0,0,1,0,0,0,0,0,0,0,0,0,40,1,0,0,0,0,0,0,0,0,0,0,0,0,0,0,99,1,48,37,2,0,250,8,0,0
SC,45041,28504,18357,0,377,28167,22,1231,50,0,0,0,0,0,0,1405,0,15834,28,163,58,0,2,25,0,0,0,0,6199,0,0,0,73,0,32,0,0,0,7,0,0,0,27,0,0,0,0,0,1045,0,17567,0,1,0,0,0,0,0,0,0,0,0,0,3797,0,25773,12362,4269,1619,91,79,89334,162,60296,16555,179014,1185,0,0,0,0,0,0,0,0,0,0,0,0,0,0,0,0,0,0,0,12,0,0,0,0,0,0,0,0,0,125,0,214,1,34,5,0,0,0,0,0,0,0,0,0,1,28521,18572,502,44042,1,0,17590,197,0,0
SC,45043,1839,1599,0,9,3126,3,423,42,0,0,0,0,0,0,191,0,670,9,82,0,0,0,0,0,0,0,0,1268,0,0,0,0,0,0,0,1,0,3,0,0,0,0,0,0,0,0,0,196,0,2038,0,0,0,1,0,0,0,0,0,0,0,0,22209,0,16345,6231,1532,334,2345,25,206702,80,59111,12479,140952,62724,0,0,0,0,0,0,0,0,0,0,0,0,0,0,0,0,0,0,0,0,0,0,0,0,0,0,0,0,0,0,0,3,0,21,0,0,0,0,0,0,0,0,0,0,0,1839,1602,9,3817,0,0,864,103,0,0
SC,45045,348,0,0,31,66,0,0,0,0,0,0,0,0,0,177,0,111,0,46,0,0,0,0,0,0,0,1,2727,0,0,0,0,0,2,0,0,0,31,0,0,0,0,0,0,0,0,0,0,0,1310,0,74,0,0,0,0,0,0,0,0,0,0,4735,0,64695,40282,13093,7379,322,243778,30682,933,511,96837,359,0,0,0,0,0,0,0,0,0,0,0,0,0,0,0,0,0,0,0,0,1,0,0,0,0,0,0,0,0,0,27,0,0,0,3,0,0,0,0,0,0,0,0,0,0,0,349,0,58,180,0,0,316,49,0,0
SC,45047,50,0,0,0,8,0,0,0,0,0,0,0,0,0,92,0,8,0,6,0,0,0,0,0,0,0,5,5005,0,0,0,0,0,0,0,0,0,0,0,0,0,0,0,0,0,0,0,0,0,177,0,5,0,0,0,0,0,0,0,0,0,0,5969,0,25428,5023,1731,756,376,76497,105144,129,5706,63079,749,1,0,0,0,0,0,0,0,0,0,0,1,0,0,0,0,0,0,0,0,0,1,0,0,0,0,0,0,0,0,2,0,0,0,0,0,0,0,0,0,0,0,0,0,0,0,51,0,2,16,0,0,102,7,0,0
SC,45049,5853,17440,0,29,2121,3,3781,0,0,0,0,0,0,0,261,0,1909,15,10,10,0,0,0,0,0,0,1,1072,0,0,0,0,0,14,0,0,0,23,0,0,0,0,0,0,0,0,0,2401,0,19657,0,14,0,0,0,0,0,0,0,0,0,0,1383,0,11253,4041,590,125,52,291,131202,408,37299,11565,106472,434,0,0,0,0,0,35,0,0,0,0,0,0,0,0,0,0,0,0,0,16,2,0,0,0,0,0,0,0,0,0,0,239,1,68,0,0,0,0,0,0,0,0,0,0,0,5871,17680,29,4099,0,0,2425,80,35,0
SC,45051,23352,7543,0,79,27088,57,7800,1198,0,0,0,0,0,0,2789,0,16846,49,187,3,0,0,0,0,0,0,0,5624,0,0,0,5,0,2,0,23,0,85,0,0,0,4,0,0,0,0,0,3757,0,17722,0,0,0,28,0,0,0,8,0,0,0,0,9904,0,52325,29367,10761,2157,2082,32,124881,155,87562,12397,279995,6535,0,0,0,0,0,0,0,0,0,0,0,0,0,0,0,0,0,0,0,0,0,0,0,0,0,0,0,0,0,15,0,114,0,280,6,0,0,0,0,0,0,0,0,0,0,23358,7657,94,44220,0,0,19764,467,0,0
SC,45053,730,1255,0,94,178,2,278,0,0,0,0,0,0,0,54,0,45,2,4,0,0,0,0,0,0,0,0,552,0,0,0,0,0,83,0,0,0,17,0,0,0,0,0,0,0,0,0,1119,0,10913,0,9,0,0,0,0,0,0,0,0,0,0,10941,0,13553,2854,611,144,2379,393,141487,364,46364,10026,141096,41767,0,0,0,0,0,10,0,0,0,0,0,0,0,0,0,0,0,0,0,3,1,0,0,0,0,0,0,0,0,0,0,26,0,10,0,0,0,0,0,0,0,0,0,0,0,734,1281,94,233,0,0,128,15,10,0
SC,45055,3436,389,0,60,1422,25,61,0,0,0,0,1,0,0,229,0,1485,10,20,2,0,0,1,0,0,0,0,3173,0,0,0,0,0,60,0,0,0,17,0,0,0,0,0,0,0,0,0,92,0,7951,0,39,0,0,0,0,0,4,0,0,0,0,9345,0,22428,8250,1678,523,815,71238,167100,12957,2968,95021,62611,310,0,0,0,0,0,2,0,0,0,0,0,0,0,0,0,0,0,0,0,8,0,0,0,0,0,0,0,0,2,11,0,2,0,12,0,0,0,0,0,0,0,0,0,0,0,3444,391,73,2919,3,0,1735,32,2,0
SC,45057,768,16,0,9,223,0,0,0,0,0,0,0,0,0,7,0,666,0,12,0,0,0,0,0,0,0,0,2416,0,0,0,0,0,7,0,0,0,0,0,0,0,0,0,0,0,0,0,0,0,597,0,9,0,0,0,0,0,0,0,0,0,0,4568,0,20826,6704,1499,508,687,134886,115813,1889,312,61530,1541,3,0,0,0,0,0,0,0,0,0,0,0,0,0,0,0,0,0,0,0,0,0,0,0,0,0,0,0,0,2,1,0,0,0,0,0,0,0,0,0,0,0,0,0,0,0,768,16,12,889,2,0,674,12,0,0
SC,45059,286,4,0,4,156,0,0,0,0,0,0,0,0,0,666,0,225,6,114,0,0,0,0,0,0,0,10,12847,0,0,0,0,0,35,0,0,0,0,0,0,0,0,0,0,0,0,0,0,0,1789,0,4,0,0,0,0,0,0,0,0,0,0,7552,0,28896,7324,1522,560,894,167947,113922,138,4000,111611,2263,0,0,0,0,0,0,0,0,0,0,0,0,0,0,0,0,0,0,0,0,1,3,0,0,0,0,0,0,0,1,391,1,0,0,11,0,0,0,0,0,0,0,0,0,0,52,291,4,396,444,54,0,1283,128,0,0
SC,45061,26055,11932,0,215,12504,13,1095,0,0,0,0,0,0,0,975,0,21219,6,4,2,0,2,0,0,0,0,0,4466,0,0,0,0,0,32,0,0,0,1,0,0,0,0,0,0,0,0,0,65,0,18127,0,17,0,0,0,0,0,3,0,0,0,0,599,0,7964,2050,345,91,76,6044,46923,1668,14096,17859,67859,154,0,0,0,0,0,0,0,0,0,0,0,0,0,0,0,0,0,0,0,472,0,0,0,0,0,0,0,0,0,309,0,67,0,10,0,0,0,0,0,0,0,0,0,0,0,26527,11999,524,33733,0,0,23042,14,0,0
SC,45063,6006,4595,0,354,3684,1,688,0,35,0,0,0,0,0,291,0,700,6,32,40,0,0,51,0,0,0,1,7930,0,0,0,0,0,12,0,0,0,4,0,0,0,0,0,0,0,0,0,129,0,15617,0,206,0,72,0,0,0,71,0,0,0,0,38422,0,47872,30357,9902,3158,2003,49319,127148,4575,30159,71946,28557,200,0,0,0,4,0,0,0,0,0,0,44,0,0,0,0,0,278,0,0,7,0,0,0,0,0,0,0,0,0,7,0,28,0,58,0,0,0,0,0,0,0,0,0,0,0,6013,4623,361,4442,0,0,1033,90,0,0
SC,45065,8,0,0,1,4,0,0,0,0,0,0,0,0,0,5,0,2,1,1,0,0,0,0,0,0,0,0,1402,0,0,0,0,0,0,0,0,0,0,0,0,0,0,0,0,0,0,0,0,0,57,0,0,0,0,0,0,0,0,0,0,0,0,22102,0,14178,925,139,31,283,45250,136064,97,5218,25214,1129,0,0,0,0,0,0,0,0,0,0,0,0,0,0,0,0,0,0,0,0,0,0,0,0,0,0,0,0,0,0,0,0,0,0,0,0,0,0,0,0,0,0,0,0,0,0,8,0,1,6,0,0,7,1,0,0
SC,45067,11673,4415,0,560,8287,3,4141,20,0,0,0,0,0,0,1076,0,6781,43,126,9,0,91,1,0,0,0,0,8366,0,0,0,4,0,1,0,2,0,7,0,0,0,12,0,0,0,0,0,221,0,12042,0,0,0,40,0,0,0,13,0,0,0,0,3529,0,10609,3283,752,224,105,24,54464,60,32190,3860,148039,582,0,0,0,0,0,0,0,0,0,0,0,0,0,0,0,0,0,0,0,1,0,0,0,0,0,0,0,0,0,468,0,0,0,128,0,0,0,0,0,0,0,0,0,0,0,11674,4415,1028,15196,0,0,8326,254,0,0
SC,45069,14533,16659,0,1935,10087,19,2673,0,0,0,0,0,0,0,1345,0,10808,238,23,2,0,1,2,0,0,0,0,1839,0,0,0,1,0,0,0,0,0,2,0,0,0,5,0,0,0,0,0,284,0,20853,0,1,0,0,0,0,0,5,0,0,0,0,4033,0,11358,3780,737,186,227,5344,69731,271,16162,16266,100044,396,0,0,0,0,0,0,0,0,0,0,0,0,0,0,0,0,0,0,0,0,0,0,0,0,0,0,0,0,0,800,0,3,0,27,0,0,0,0,0,0,0,0,0,0,0,14533,16662,2735,20922,0,0,12956,50,0,0
SC,45071,2654,390,0,762,620,8,2,0,0,0,0,250,0,0,1424,0,2409,38,64,2,0,0,0,0,0,0,4,6671,0,0,0,0,0,33,0,0,0,0,0,0,0,0,0,0,0,0,0,2,0,670,0,11,0,0,0,0,0,1,0,0,0,0,10952,0,23016,4607,866,267,1005,92620,192639,139,762,63567,6661,4,0,0,0,0,0,0,0,0,0,0,0,0,0,0,0,0,0,0,0,6,13,0,0,0,0,0,0,0,108,920,145,6,0,88,0,0,0,0,0,0,0,0,0,0,56,2818,396,1790,3173,559,0,4765,165,0,0
SC,45073,358,1,0,1,222,4,0,0,0,0,0,0,0,0,188,0,673,0,2,0,0,0,0,0,0,0,0,2819,0,0,0,0,0,0,0,0,0,2,0,0,0,0,0,0,0,0,0,0,0,277,0,2,0,0,0,0,0,0,0,0,0,0,29845,0,19803,7327,1745,879,411,223903,57627,4378,574,79898,174,2,0,0,0,0,0,0,0,0,0,0,0,0,0,0,0,1,0,0,0,2,0,0,0,0,0,0,0,0,0,23,4,0,0,0,0,0,0,0,0,0,0,0,0,0,22,364,1,24,917,26,0,886,2,0,0
SC,45075,36783,41227,0,164,6473,8,12592,0,9,0,0,0,0,0,2398,0,11834,192,26,11,0,0,0,0,0,0,0,7883,0,0,0,0,0,444,0,0,0,38,0,0,0,0,0,0,0,0,0,2148,0,36194,0,40,0,38,0,0,0,96,0,0,0,0,13852,0,34551,11175,2416,897,738,4877,170235,820,73293,49135,199152,1092,0,0,0,0,0,8,0,0,0,0,0,0,0,0,0,0,3,0,0,80,3,0,0,0,0,0,0,0,0,317,0,715,0,125,0,0,0,0,0,0,0,0,0,0,0,36866,41942,481,18432,0,0,15344,154,8,0
SC,45077,98,0,0,2,113,0,0,0,0,0,0,0,0,0,14,0,6,0,0,0,0,0,0,0,0,0,0,1467,0,0,0,0,0,0,0,0,0,12,0,0,0,0,0,0,0,0,0,0,0,173,0,5,0,0,0,0,0,0,0,0,0,0,10182,0,27439,9157,2230,982,238,176342,31377,626,504,66542,96,0,0,0,0,0,0,0,0,0,0,0,0,0,0,0,0,0,0,0,0,1,0,0,0,0,0,0,0,0,0,0,0,0,0,0,0,0,0,0,0,0,0,0,0,0,0,99,0,2,119,0,0,21,0,0,0
SC,45079,5532,1842,0,87,1224,10,906,0,0,0,0,0,0,0,535,0,2228,6,10,10,0,0,156,0,0,0,0,1477,0,0,0,0,0,22,0,0,0,4,0,0,0,0,0,0,0,0,0,198,0,6268,0,19,0,0,0,0,0,8,0,0,0,0,10423,0,50663,36753,15138,4775,746,64246,124672,5508,5360,62207,91448,864,0,0,0,0,0,0,0,0,0,0,0,0,0,0,0,0,0,0,0,299,0,0,0,0,0,0,0,0,0,20,0,20,0,15,0,0,0,0,0,0,0,0,0,0,0,5831,1862,107,3467,0,0,3102,25,0,0
SC,45081,857,1073,0,8,143,1,8,0,0,0,0,0,0,0,926,0,559,1,110,1,0,0,0,0,0,0,103,7982,0,0,0,0,0,2,0,0,0,0,0,0,0,0,0,0,0,0,0,2,0,763,0,3289,0,4,0,0,0,42,0,0,0,0,5740,0,17228,1495,289,67,923,61361,122291,228,826,67515,1769,5,0,0,0,19,0,0,0,0,0,0,11,0,0,0,0,0,0,0,0,1,0,0,0,0,0,0,0,0,0,42,0,1,0,18,0,0,0,0,0,0,0,0,0,0,5,858,1074,50,725,5,0,1529,128,0,0
SC,45083,530,13,0,37,554,0,0,0,0,0,0,0,0,0,681,0,662,0,99,0,0,0,0,0,0,0,1,4664,0,0,0,0,0,3,0,0,0,2,0,0,0,0,1,0,0,0,0,0,0,1443,0,302,0,0,0,0,0,1,0,0,0,0,6363,0,64435,28021,8405,4273,541,196019,54428,153,1645,149879,559,0,0,0,0,0,0,0,0,0,0,0,0,0,0,0,0,74,0,0,0,0,0,0,0,0,0,0,0,0,0,333,0,0,0,189,0,0,0,0,0,0,0,0,0,0,0,530,13,370,1405,0,0,1676,288,0,0
SC,45085,31422,4514,0,169,7381,69,874,0,0,0,0,0,0,0,583,0,18242,13,6,4,0,0,14,0,0,0,0,5413,0,0,0,0,0,85,0,0,0,10,0,0,0,0,0,0,0,0,0,853,0,21459,0,25,0,0,0,0,0,2,0,0,0,0,4281,0,24113,9603,2749,750,159,3980,66250,1298,30067,33246,166180,1431,0,0,0,0,0,1,0,0,0,0,0,0,0,0,0,0,0,0,0,72,0,0,0,0,0,0,0,0,0,368,0,519,0,44,0,0,0,0,0,0,0,0,0,0,0,31494,5033,537,25667,0,0,19784,50,1,0
SC,45087,4,4,0,0,11,0,0,0,0,0,0,0,0,0,40,0,75,2,1,0,0,0,0,0,0,0,0,1787,0,0,0,0,0,1,0,0,0,0,0,0,0,0,0,0,0,0,0,0,0,174,0,1,0,0,0,0,0,0,0,0,0,0,1887,0,13271,3640,656,289,824,122412,120997,78,1501,57161,5571,0,0,0,0,0,0,0,0,0,0,0,0,0,0,0,0,0,0,0,0,1,0,0,0,0,0,0,0,0,0,13,0,0,0,2,0,0,0,0,0,0,0,0,0,0,0,5,4,13,88,0,0,129,3,0,0
SC,45089,23910,20543,0,117,22879,1,1055,87,0,0,0,0,0,0,1070,0,10882,42,699,3,0,0,12,0,0,0,0,2832,0,0,0,8,0,121,0,1,0,3,0,0,0,1,0,0,0,0,38,293,0,12522,0,0,0,2,0,0,0,5,0,0,0,0,1708,0,21164,2577,675,180,56,291,156179,297,82785,24227,210865,1313,0,0,0,0,0,0,0,0,0,0,0,0,0,0,0,0,0,0,0,12,0,0,0,0,0,0,0,0,0,50,0,330,19,55,0,0,0,0,0,0,0,0,0,0,0,23922,20892,167,33835,0,0,12344,754,0,0
SC,45091,136,2506,0,1,417,0,20,0,0,0,0,0,0,0,370,0,1029,0,104,0,0,0,0,0,0,0,0,5086,0,0,0,0,0,3,0,0,0,1,0,0,0,0,0,0,0,0,0,0,0,739,0,23,0,0,0,0,0,0,0,0,0,0,8745,0,43379,18627,5394,2494,316,196880,65956,395,705,90925,672,1,0,0,0,0,0,0,0,0,0,0,0,0,0,0,0,1,0,0,0,27,0,0,0,0,0,0,0,0,0,135,0,66,0,0,0,0,0,0,0,0,0,0,0,0,0,163,2572,136,1446,0,0,1627,104,0,0
SD,46003,91423,0,0,3693,78271,2173,0,0,0,0,0,0,0,94,13290,0,193,17,3505,111,0,0,0,0,0,0,9847,164223,0,0,0,0,0,0,0,0,0,0,0,0,0,0,0,0,0,0,0,48,531,278,0,0,0,0,0,0,0,0,0,0,0,0,4534,0,17251,1087,169,34,31,1956,30,0,0,52554,6,6082,0,1,0,0,0,0,0,0,0,0,0,0,0,0,0,0,0,0,0,4149,0,0,0,0,0,0,0,0,0,429,0,0,0,0,0,0,0,0,0,0,0,0,0,0,0,95572,0,4122,78464,0,0,18061,3505,0,0
SD,46005,236925,0,0,638,181808,702,0,0,0,0,0,10,0,7746,5157,0,250,17,1398,293,0,0,1,0,0,0,12467,170584,0,0,0,0,0,0,0,0,0,0,0,0,0,20,0,0,0,0,77,85,4,312,0,0,0,0,0,0,0,0,0,0,0,0,6805,0,29821,3022,1108,506,56,3577,11,0,1,120650,36,25260,0,4,0,0,0,0,0,0,0,0,0,0,0,0,0,0,0,0,0,111,0,0,0,0,0,0,0,0,0,2,0,0,0,0,6,0,0,0,0,0,0,0,0,0,0,237042,0,640,182064,10,0,5520,1398,0,0
SD,46007,19487,0,0,2628,52,12408,0,0,0,0,0,9,0,4292,43639,0,0,95,1885,24923,0,2,0,9,0,0,6728,36811,0,1,0,174,0,0,0,0,0,0,0,0,0,2,0,0,0,0,0,0,0,17452,0,0,0,0,0,0,0,0,0,0,0,0,5022,0,12495,3005,175,17,493,2330,21492,126,7,520629,8852,14917,0,373,0,0,0,0,0,0,0,0,0,0,0,0,0,0,0,0,0,959,3,0,0,0,0,0,0,0,0,481,0,0,0,0,0,0,0,0,0,0,0,0,0,0,0,20449,0,3109,52,9,0,45079,1888,0,0
SD,46009,106570,0,0,115,82286,2,0,0,12,0,0,0,0,207,6743,0,114,576,1274,24,0,0,0,0,0,0,21592,24804,0,0,0,0,0,0,0,0,0,0,0,0,0,0,0,0,0,0,0,0,4,126,0,0,0,0,0,0,0,0,0,0,0,0,13751,0,15654,1495,243,83,144,7757,530,0,993,79571,277,7075,0,0,0,0,0,0,0,0,0,0,0,0,0,0,0,0,0,0,0,0,0,0,0,0,0,0,0,0,0,3,0,0,0,0,0,0,0,0,0,0,0,0,0,0,0,106570,0,118,82400,0,0,6860,1274,0,0
SD,46011,155325,0,0,32,124006,3,0,0,0,2,0,4,0,4803,1743,0,1,327,2392,77,0,0,32,0,0,0,12476,28414,0,15,0,0,0,5,0,0,0,0,0,0,0,0,0,0,0,0,0,13,0,2287,0,0,0,0,0,0,0,0,0,0,0,0,13798,0,24608,3004,1454,447,100,3503,0,0,36,118395,74,17662,0,3,0,0,0,0,0,0,0,0,0,0,0,0,0,0,0,0,0,1,0,0,0,0,0,0,0,0,0,0,0,0,0,0,0,0,0,0,0,0,0,0,0,0,0,155326,0,32,124007,4,0,1745,2392,0,0
SD,46013,384658,0,0,48,277938,19,0,0,0,0,0,98,0,15967,319,0,18,1,418,206,0,0,1,0,0,0,6882,107045,0,0,0,709,0,0,0,0,0,0,0,0,0,0,0,0,0,0,0,0,0,516,0,0,0,0,0,0,0,0,0,0,0,0,26269,0,43593,4792,1895,767,248,9755,0,0,87,119575,113,105987,0,0,0,0,0,0,0,0,0,0,0,0,0,0,0,0,0,0,0,0,0,0,0,0,0,0,0,0,0,0,0,0,0,0,24,0,0,0,0,0,0,0,0,0,0,384682,0,48,277980,98,0,337,418,0,0
SD,46015,92330,0,0,9269,64495,5089,0,0,0,68,0,3,0,2409,22005,0,2601,234,5919,490,0,1,0,0,0,0,14318,102506,0,0,0,1,0,0,0,0,0,0,0,0,16,101,0,0,0,0,0,38,322,770,0,0,0,0,0,0,0,0,0,0,0,0,20196,0,17282,1596,404,135,574,1752,4147,0,0,163538,171,2424,0,112,0,0,0,0,0,0,0,0,0,0,0,0,0,0,0,0,0,5169,0,0,2,0,0,0,0,0,0,1013,0,0,0,241,0,0,0,0,0,0,0,0,0,0,0,97499,0,10282,67337,3,0,30788,6160,0,0
SD,46017,29503,0,0,3337,11433,3783,0,0,0,0,0,0,0,4941,1998,0,230,5,994,1362,0,1,0,0,0,0,4666,15328,0,0,0,5,0,0,0,0,0,0,0,0,3,1173,0,0,0,0,0,3,7,126,0,0,0,0,0,0,0,0,0,0,0,0,10540,0,5970,568,63,7,51,1340,1241,0,0,209553,145,1428,0,2,0,0,0,0,0,0,0,0,0,0,0,0,0,0,0,0,0,1005,0,0,0,0,0,0,0,0,0,901,0,0,0,242,0,0,0,0,0,0,0,0,0,0,0,30508,0,4238,11905,0,0,4134,1236,0,0
SD,46019,12489,0,0,2151,865,72,0,0,0,0,0,305,0,1707,5785,0,0,0,2023,873,0,0,0,1,0,0,26962,35999,0,0,0,29,0,0,0,0,0,0,0,0,0,0,0,0,0,0,0,1,0,9091,0,0,0,0,0,0,0,0,0,0,0,0,7397,0,12170,3823,285,4,5742,155,8100,1,78665,1216682,17247,1660,0,7,0,0,0,0,0,0,0,0,0,0,0,0,0,0,0,0,0,1,0,0,0,0,0,0,0,0,0,140,0,0,0,0,0,0,0,0,0,0,0,0,0,0,0,12490,0,2291,865,305,0,5926,2023,0,0
SD,46021,62131,0,0,327,38523,11919,0,0,0,0,0,484,0,44448,451,0,7,0,2447,528,0,0,1,0,0,0,7073,26932,0,1,0,4,0,0,0,0,0,0,0,0,286,48,0,0,0,0,12,0,0,710,0,0,0,0,0,0,0,0,0,0,0,0,21210,0,14592,1615,133,32,307,630,4,1,8,256241,154,2356,0,0,0,0,0,0,0,0,0,0,0,0,0,0,0,0,0,0,0,14,0,0,0,0,0,0,0,0,0,1,0,0,0,0,0,0,0,0,0,0,0,0,0,0,0,62145,0,328,38530,484,0,473,2447,0,0
SD,46023,150938,0,0,3311,122063,3798,0,0,0,5,0,0,0,868,42590,0,3825,32,5278,359,0,0,0,0,0,0,26591,76189,0,0,0,0,0,0,0,0,0,0,0,0,9,97,0,0,0,0,0,178,943,947,0,0,0,0,0,0,0,0,0,0,0,0,35330,0,24814,1666,428,154,162,11814,3687,0,1160,206497,665,6562,0,102,0,0,0,0,0,0,0,0,0,0,0,0,0,0,0,0,0,4721,0,0,0,0,0,0,0,0,0,313,0,0,0,8,0,0,0,0,0,0,0,0,0,0,0,155659,0,3624,125896,0,0,51449,5286,0,0
SD,46025,155319,0,0,171,150706,239,0,0,0,0,0,77,1,16931,972,0,82,131,1001,64,0,0,16,0,0,0,7412,36439,0,31,4,2,0,0,0,0,0,0,0,0,0,0,0,0,0,0,0,2,0,14608,0,0,0,0,0,0,0,0,0,0,0,0,39481,0,20289,810,273,30,25,2991,0,0,3,154571,27,16456,0,1,0,0,0,0,0,0,0,0,0,0,0,0,0,0,0,0,0,175,0,0,0,0,0,0,0,0,0,0,0,0,0,0,30,0,0,0,0,0,0,0,0,0,0,155524,0,171,150818,77,1,1229,1001,0,0
SD,46027,110064,0,0,14,84144,74,0,0,0,0,0,2,0,292,3107,0,0,14,245,3,0,0,0,0,0,0,9297,5631,0,0,0,0,0,0,0,0,0,0,0,0,0,0,0,0,0,0,0,0,0,121,0,0,0,0,0,0,0,0,0,0,0,0,3787,0,12854,1523,503,142,75,5074,0,5,6,22256,1269,6191,0,0,0,0,0,0,0,0,0,0,0,0,0,0,0,0,0,0,0,0,0,0,0,0,0,0,0,0,0,0,0,0,0,0,0,0,0,0,0,0,0,0,0,0,0,110064,0,14,84144,2,0,3107,245,0,0
SD,46029,113231,0,0,38,92854,217,0,0,0,0,0,5,2,20270,976,0,3,100,1847,112,0,0,0,0,0,0,15254,4025,0,16,118,235,0,0,0,0,0,0,0,0,0,0,0,0,0,0,0,0,0,1125,0,0,0,0,0,0,0,0,0,0,0,0,37026,0,20801,3506,1981,493,35,2436,0,0,3,133301,23,8876,0,2,0,0,0,0,0,0,0,0,0,0,0,0,0,0,0,0,0,6,0,0,0,0,0,0,0,0,0,0,0,0,0,0,0,0,0,0,0,0,0,0,0,0,0,113237,0,38,92857,5,2,985,1847,0,0
SD,46031,45273,0,0,1835,1400,42658,0,0,0,2,0,855,1,95642,2756,0,2,251,9723,5346,0,199,106,0,0,0,16052,81623,0,0,0,1699,0,0,0,0,0,0,0,0,2,1066,0,0,0,0,40,0,0,2771,0,0,0,0,0,0,0,0,0,0,0,0,31793,0,19678,1698,75,7,1176,10893,58,11,252,1220788,17528,5101,0,419,0,0,0,0,0,0,0,0,0,0,0,0,0,0,0,0,0,3,0,0,0,0,0,0,0,0,0,10,0,0,0,0,0,0,0,0,0,0,0,0,0,0,0,45276,0,1845,1402,855,1,2771,9723,0,0
SD,46033,825,0,0,593,0,209,0,0,0,0,0,72,0,431,2418,0,0,0,77,541,0,1,0,96,0,0,2317,18408,0,0,0,0,0,0,0,0,0,0,0,0,0,0,0,0,0,0,0,0,0,1032,0,0,0,0,0,0,0,0,0,0,0,0,765,0,6711,2629,471,50,6770,70,323943,62,83816,542413,2810,281,0,10,0,0,0,0,0,0,0,0,0,0,0,0,0,0,0,0,0,2,0,0,0,0,0,0,0,0,0,0,0,0,0,0,0,0,0,0,0,0,0,0,0,0,0,827,0,593,0,72,0,2420,77,0,0
SD,46035,74866,0,0,213,68609,20,0,0,0,0,0,0,0,69,10384,0,2,27,1558,48,0,0,0,0,0,0,12884,44936,0,0,0,0,0,0,0,0,0,0,0,0,0,0,0,0,0,0,0,20,16,508,0,0,0,0,0,0,0,0,0,0,0,0,1530,0,12126,2713,1048,474,187,4123,16,0,113,36333,42,6174,0,6,0,0,0,0,0,0,0,0,0,0,0,0,0,0,0,0,0,465,0,0,0,0,0,0,0,0,0,17,0,0,0,0,0,0,0,0,0,0,0,0,0,0,0,75331,0,230,68611,0,0,10868,1558,0,0
SD,46037,140044,0,0,20,146635,1,0,0,0,0,0,70,0,28558,999,0,325,156,1058,358,0,0,5,0,0,0,6908,15752,0,0,1,0,0,0,0,0,0,0,0,0,0,0,0,0,0,0,0,1,0,5315,0,0,0,0,0,0,0,0,0,0,0,0,120697,0,23781,1357,382,76,15,5529,9,0,1,189832,32,10447,0,0,0,0,0,0,0,0,0,0,0,0,0,0,0,0,0,0,0,2,0,0,0,0,0,0,0,0,0,1,0,0,0,0,0,0,0,0,0,0,0,0,0,0,0,140046,0,21,146960,70,0,1327,1058,0,0
SD,46039,104528,0,0,1,80935,2,0,0,0,0,0,2,0,7796,695,0,0,54,3359,23,0,0,0,0,0,0,10259,8175,0,62,0,0,0,0,0,0,0,0,0,0,0,0,0,0,0,0,0,0,0,229,0,0,0,0,0,0,0,0,0,0,0,0,10516,0,15862,884,249,26,14,2479,0,0,1,148813,36,12439,0,0,0,0,0,0,0,0,0,0,0,0,0,0,0,0,0,0,0,0,0,0,0,0,0,0,0,0,0,0,0,0,0,0,0,0,0,0,0,0,0,0,0,0,0,104528,0,1,80935,2,0,695,3359,0,0
SD,46041,27105,0,0,2558,178,27228,0,0,0,0,0,306,0,34951,4140,0,5,0,4377,4136,0,2,2,11,0,0,18738,54490,0,0,0,31,0,14,0,0,0,0,0,0,6,60,0,0,0,0,0,0,0,3389,0,0,0,0,0,0,0,0,0,0,0,0,64974,0,11357,2260,181,18,2228,1606,55,0,215,1276564,11629,10123,0,10,0,0,0,0,0,0,0,0,0,0,0,0,0,0,0,0,0,1363,0,0,0,0,0,0,0,0,0,902,0,0,0,0,0,0,0,0,0,0,0,0,0,0,0,28468,0,3460,183,306,0,6410,4377,0,0
SD,46043,80450,0,0,677,65684,927,0,0,0,0,0,5,0,104,16173,0,72,31,2961,216,0,0,0,0,0,0,11044,52752,0,0,0,0,0,10,0,0,0,0,0,0,0,0,0,0,0,0,0,131,427,266,0,0,0,0,0,0,0,0,0,0,0,0,824,0,10925,647,152,45,76,2094,23,0,6,24839,6,5132,0,183,0,0,0,0,0,0,0,0,0,0,0,0,0,0,0,0,0,773,0,0,0,0,0,0,0,0,0,172,0,0,0,0,0,0,0,0,0,0,0,0,0,0,0,81223,0,849,65756,5,0,17190,2961,0,0
SD,46045,181215,0,0,28,168727,761,0,0,0,0,0,344,0,36367,222,0,1,0,1124,203,0,0,1,0,0,0,3569,75553,0,0,0,0,0,0,0,0,0,0,0,0,0,4,0,0,0,0,0,0,0,1265,0,0,0,0,0,0,0,0,0,0,0,0,13486,0,24399,1329,299,76,28,1946,3,0,81,218316,6,7367,0,0,0,0,0,0,0,0,0,0,0,0,0,0,0,0,0,0,0,0,0,0,0,0,0,0,0,0,0,3,0,0,0,0,0,0,0,0,0,0,0,0,0,0,0,181215,0,31,168728,344,0,226,1124,0,0
SD,46047,2318,0,0,1738,0,162,0,0,0,0,0,3,0,155,7674,0,0,0,148,709,0,0,409,4,0,0,5474,38610,0,0,0,607,0,0,0,0,0,0,0,0,0,0,0,0,0,0,0,0,0,7089,0,0,0,0,0,0,0,0,0,0,0,0,3952,0,8789,3056,802,48,1543,105,68511,33,88082,875378,2957,967,0,66,0,0,0,0,0,0,0,0,0,0,0,0,0,0,0,0,0,7,0,0,0,0,0,0,0,0,0,33,0,0,0,0,0,0,0,0,0,0,0,0,0,0,0,2325,0,1771,0,3,0,7714,148,0,0
SD,46049,146062,0,0,377,141569,8797,0,0,0,0,0,83,0,32122,150,0,368,0,793,1003,0,0,0,0,0,0,11468,63930,0,0,0,0,0,0,0,0,0,0,0,0,4,2,0,0,0,0,0,0,0,58,0,0,0,0,0,0,0,0,0,0,0,0,4211,0,21617,1167,260,48,99,941,2,0,8,196525,6,11933,0,14,0,0,0,0,0,0,0,0,0,0,0,0,0,0,0,0,0,1,0,0,0,0,0,0,0,0,0,11,0,0,0,0,0,0,0,0,0,0,0,0,0,0,0,146063,0,388,141937,83,0,530,793,0,0
SD,46051,118227,0,0,140,100055,442,0,0,0,0,0,3,0,17531,740,0,0,562,1596,15,0,0,0,0,0,0,13204,7225,0,46,103,7,0,0,0,0,0,0,0,0,0,0,0,0,0,0,0,0,0,337,0,0,0,0,0,0,0,0,0,0,0,0,5298,0,18252,1736,799,167,290,5046,0,0,0,124384,161,23951,0,0,0,0,0,0,0,0,0,0,0,0,0,0,0,0,0,0,0,0,0,0,0,0,0,0,0,0,0,0,0,0,0,0,0,0,0,0,0,0,0,0,0,0,0,118227,0,140,100055,3,0,740,1596,0,0
SD,46053,53234,0,0,6655,30212,2150,0,0,0,1,0,1,0,488,14471,0,71,310,6173,548,0,0,0,0,0,0,19100,35508,0,0,0,0,0,0,0,0,0,0,0,0,2,66,0,0,0,0,6,2,2,892,0,0,0,0,0,0,0,0,0,0,0,0,25457,0,20204,1559,144,67,38,59541,6031,0,3,382859,6454,484,0,74,0,0,0,0,0,0,0,0,0,0,0,0,0,0,0,0,0,798,0,0,0,0,0,0,0,0,0,507,0,0,0,0,0,0,0,0,0,0,0,0,0,0,0,54032,0,7162,30283,1,0,15847,6173,0,0
SD,46055,22850,0,0,17589,85,16458,0,0,0,0,0,1027,0,22554,70886,0,5,0,2679,17882,0,156,0,2353,0,0,5791,60386,0,0,0,0,0,0,0,0,0,0,0,0,0,1,0,0,0,0,0,0,0,32252,0,0,0,0,0,0,0,0,0,0,0,0,3244,0,17105,1665,135,14,738,6731,3628,162,133,837354,11757,1610,0,570,0,0,0,0,0,0,0,0,0,0,0,0,0,0,0,0,0,467,0,0,0,0,0,0,0,0,0,11126,0,0,0,0,0,0,0,0,0,0,0,0,0,0,0,23317,0,28715,90,1027,0,82484,2679,0,0
SD,46057,112951,0,0,6,90870,2,0,0,0,0,0,0,8,4741,750,0,4,14,1172,11,0,0,0,0,0,0,6188,3944,0,4,0,0,0,0,0,0,0,0,0,0,0,0,0,0,0,0,0,12,0,1135,0,0,0,0,0,0,0,0,0,0,0,0,26599,0,13071,792,264,35,6,2191,0,0,6,64670,30,14780,0,0,0,0,0,0,0,0,0,0,0,0,0,0,0,0,0,0,0,67,0,0,0,0,0,0,0,0,0,0,0,0,0,0,0,0,0,0,0,0,0,0,0,0,0,113018,0,6,90874,0,8,821,1172,0,0
SD,46059,195613,0,0,1991,139967,20663,0,0,0,0,0,106,0,44837,4977,0,457,1,1091,3229,0,1,0,0,0,0,7418,92195,0,0,0,1,0,0,0,0,0,0,0,0,0,240,0,0,0,0,1,0,0,729,0,0,0,0,0,0,0,0,0,0,0,0,3118,0,26487,1288,511,71,51,1269,10,0,2,362448,9,11723,0,1,0,0,0,0,0,0,0,0,0,0,0,0,0,0,0,0,0,300,0,0,0,0,0,0,0,0,0,273,0,0,0,0,642,0,0,0,0,0,0,0,0,0,0,196555,0,2264,141066,106,0,6007,1091,0,0
SD,46061,91508,0,0,152,84097,14,0,0,0,0,0,32,0,30,3239,0,1,25,1295,5,0,0,0,0,0,0,6426,26467,0,0,0,0,0,1,0,0,0,0,0,0,0,0,0,0,0,0,0,12,0,354,0,0,0,0,0,0,0,0,0,0,0,0,2042,0,10918,883,213,33,272,2067,0,0,64,38821,82,9464,0,51,0,0,0,0,0,0,0,0,0,0,0,0,0,0,0,0,0,88,0,0,0,0,0,0,0,0,0,150,0,0,0,0,0,0,0,0,0,0,0,0,0,0,0,91596,0,302,84098,32,0,3478,1295,0,0
SD,46063,6278,0,0,1549,43,272,0,0,0,0,0,3556,107,23505,1198,0,0,0,2822,1059,0,0,0,874,0,0,14739,69472,0,0,0,794,0,0,0,0,0,0,0,0,0,2576,0,0,0,0,0,1,0,2773,0,0,0,0,0,0,0,0,0,0,0,0,2881,0,11821,2102,67,5,2034,3095,21296,11,34403,1496742,6811,736,0,4,0,0,0,0,0,0,0,0,0,0,0,0,0,0,0,0,0,0,0,0,0,0,0,0,0,0,0,0,0,0,0,0,0,0,0,0,0,0,0,0,0,0,0,6278,0,1549,43,3556,107,1198,2822,0,0
SD,46065,54632,0,0,8473,13553,48108,0,0,0,1269,0,141,0,46961,14954,0,2007,0,1003,8790,0,4,0,1,0,0,2557,11433,0,0,0,272,0,1,0,0,0,0,0,0,2,2704,0,0,0,0,0,75,2,2839,0,0,0,0,0,0,0,0,0,0,0,0,37083,0,13262,3625,1776,504,220,530,132,3,0,226418,857,1396,0,0,0,0,0,0,0,0,0,0,0,0,0,0,0,0,0,0,0,2398,0,0,0,0,0,0,0,0,0,4105,0,0,0,0,0,0,0,0,0,95,0,0,0,0,0,57030,0,12578,15560,141,0,23464,1003,0,0
SD,46067,176640,0,0,176,147465,17,0,0,0,0,0,7,0,114,11109,0,6,43,2207,41,0,0,0,0,0,0,18839,41346,0,0,0,0,0,2,0,0,0,0,0,0,0,0,0,0,0,0,0,1,1,390,0,0,0,0,0,0,0,0,0,0,0,0,3068,0,23056,2182,480,129,207,1635,8,0,25,82511,145,9267,0,9,0,0,0,0,0,0,0,0,0,0,0,0,0,0,0,0,0,69,0,0,0,0,0,0,0,0,0,2,0,0,0,0,0,0,0,0,0,0,0,0,0,0,0,176709,0,178,147471,7,0,11186,2207,0,0
SD,46069,62435,0,0,2105,21264,29707,0,0,0,0,0,10,0,46577,4261,0,1077,20,1116,4990,0,95,0,0,0,0,3881,33187,0,0,0,0,0,0,0,0,0,0,0,0,1,70,0,0,0,0,0,0,0,259,0,0,0,0,0,0,0,0,0,0,0,0,2754,0,12245,970,181,41,296,120,90,0,1,323002,63,784,0,0,0,0,0,0,0,0,0,0,0,0,0,0,0,0,0,0,0,2473,0,0,0,0,0,0,0,0,0,533,0,0,0,0,0,0,0,0,0,0,0,0,0,0,0,64908,0,2638,22341,10,0,8344,1116,0,0
SD,46071,5714,0,0,3623,358,5323,0,0,0,0,0,156,0,5307,37017,0,0,1,1372,18535,0,9,2,585,0,0,4667,52433,0,0,0,5,0,0,0,0,0,0,0,0,0,70,0,0,0,0,0,0,0,16633,0,0,0,0,0,0,0,0,0,0,0,0,3551,0,19110,5152,339,14,78717,3701,9574,110,37,913438,10820,449,0,289,0,0,0,0,0,0,0,0,0,0,0,0,0,0,0,0,0,58,0,0,0,0,0,0,0,0,0,418,0,0,0,0,0,0,0,0,0,0,0,0,0,0,0,5772,0,4041,358,156,0,37493,1372,0,0
SD,46073,58855,0,0,1717,33936,1995,0,0,0,0,0,0,0,3055,8562,0,403,40,3228,153,0,0,0,0,0,0,7630,71972,0,0,0,0,0,3,0,0,0,0,0,0,0,8,0,0,0,0,1,155,51,145,0,0,0,0,0,0,0,0,0,0,0,0,1529,0,11257,459,118,29,5,1904,10,0,0,130113,9,2768,0,2,0,0,0,0,0,0,0,0,0,0,0,0,0,0,0,0,0,457,0,0,6,0,0,0,0,0,0,300,0,0,0,1,0,0,0,0,0,0,0,0,0,0,0,59312,0,2017,34340,0,0,9722,3229,0,0
SD,46075,10013,0,0,22131,802,13389,0,0,0,0,0,415,0,9924,23480,0,0,0,3105,6914,0,7,201,27,0,0,6149,42259,0,0,0,13,0,0,0,0,0,0,0,0,0,1,0,0,0,0,0,0,0,7419,0,0,0,0,0,0,0,0,0,0,0,0,4219,0,10930,2066,67,14,197,912,39,2,11,443499,5366,111,0,0,0,0,0,0,0,0,0,0,0,0,0,0,0,0,0,0,0,2039,0,0,0,0,0,0,0,0,0,6132,0,0,0,0,0,0,0,0,0,0,0,0,0,0,0,12052,0,28263,802,415,0,31651,3105,0,0
SD,46077,153176,0,0,218,153899,6,0,0,0,1,0,35,20,3779,5965,0,923,65,2147,4,0,0,0,0,0,0,11579,53145,0,6,0,1,0,3,0,0,0,0,0,0,0,0,0,0,0,0,0,20,0,1126,0,0,0,0,0,0,0,0,0,0,0,0,43124,0,20307,1258,351,46,82,2636,0,0,3,80707,29,17786,0,6,0,0,0,0,0,0,0,0,0,0,0,0,0,0,0,0,0,289,0,0,0,0,0,0,0,0,0,4,0,0,0,0,0,0,0,0,0,0,0,0,0,0,0,153465,0,222,154822,35,20,7181,2147,0,0
SD,46079,139048,0,0,41,104325,2,0,0,0,31,0,12,0,386,528,0,1,133,1548,6,0,0,0,0,0,0,8126,10205,0,0,0,0,0,94,0,0,0,0,0,0,0,0,0,0,0,0,0,18,0,1444,0,0,0,0,0,0,0,0,0,0,0,0,14064,0,15476,1558,517,137,55,2492,0,0,32,56686,38,11029,0,2,0,0,0,0,0,0,0,0,0,0,0,0,0,0,0,0,0,1,0,0,0,0,0,0,0,0,0,0,0,0,0,0,0,0,0,0,0,0,0,0,0,0,0,139049,0,41,104326,12,0,530,1548,0,0
SD,46081,575,0,0,343,130,171,0,0,0,0,0,14,0,222,305,0,0,0,143,59,0,0,0,0,0,0,4822,7411,0,0,0,0,0,0,0,0,0,0,0,0,0,0,0,0,0,0,0,0,0,175,0,0,0,0,0,0,0,0,0,0,0,0,259,0,5493,4221,664,7,353,1948,355150,371,32448,94578,1428,900,0,0,0,0,0,0,0,0,0,0,0,0,0,0,0,0,0,0,0,0,0,0,0,0,0,0,0,0,0,0,0,0,0,0,0,0,0,0,0,0,0,0,0,0,0,575,0,343,130,14,0,305,143,0,0
SD,46083,159880,0,0,20,119670,0,0,0,0,0,0,21,0,45,1245,0,2,2,609,0,0,0,0,0,0,0,6045,6180,0,0,0,0,0,0,0,0,0,0,0,0,0,0,0,0,0,0,0,0,0,1167,0,0,0,0,0,0,0,0,0,0,0,0,1404,0,21220,3615,1998,418,288,6064,0,2,16,36946,44,3278,0,0,0,0,0,0,0,0,0,0,0,0,0,0,0,0,0,0,0,0,0,0,0,0,0,0,0,0,0,0,0,0,0,0,0,0,0,0,0,0,0,0,0,0,0,159880,0,20,119672,21,0,1247,609,0,0
SD,46085,49381,0,0,61591,6290,36498,0,0,0,2492,0,141,0,21908,24589,0,739,12,4068,5409,0,0,0,0,0,0,3615,44938,0,0,0,920,0,0,0,0,0,0,0,0,302,3713,0,0,0,0,0,1,0,6727,0,0,0,0,0,0,0,0,0,0,0,0,43336,0,24391,4035,349,57,114,1551,5208,1,53,707438,7885,1427,0,24,0,0,0,0,0,0,0,0,0,0,0,0,0,0,0,0,0,2837,0,0,0,0,0,0,0,0,0,20331,0,0,0,0,0,0,0,0,0,0,0,0,0,0,0,52218,0,81922,7029,141,0,48496,4068,0,0
SD,46087,136216,0,0,45,112399,9,0,0,0,0,0,84,0,286,1256,0,26,35,1772,3,0,0,0,0,0,0,7606,34627,0,0,0,0,0,3,0,0,0,0,0,0,0,0,0,0,0,0,0,8,1,1694,0,0,0,0,0,0,0,0,0,0,0,0,4326,0,16415,1472,332,65,105,1331,0,0,1,40711,49,8424,0,45,0,0,0,0,0,0,0,0,0,0,0,0,0,0,0,0,0,20,0,0,0,0,0,0,0,0,0,2,0,0,0,0,0,0,0,0,0,0,0,0,0,0,0,136236,0,47,112425,84,0,1304,1772,0,0
SD,46089,89550,0,0,42,78446,3572,0,0,0,0,0,962,0,38108,92,0,12,0,1989,754,0,0,336,0,0,0,5384,78445,0,43,0,12,0,0,0,0,0,0,0,0,1,2,0,0,0,0,2,0,0,312,0,0,0,0,0,0,0,0,0,0,0,0,30207,0,20781,1023,240,43,6,980,0,0,350,382789,2,2671,0,0,0,0,0,0,0,0,0,0,0,0,0,0,0,0,0,0,0,0,0,0,0,0,0,0,0,0,0,0,0,0,0,0,0,0,0,0,0,0,0,0,0,0,0,89550,0,42,78458,962,0,104,1989,0,0
SD,46091,122792,0,0,42,97755,8,0,0,0,0,0,9,0,6364,404,0,12,4,977,316,0,0,0,0,0,0,6810,15336,0,0,0,8,0,0,0,0,0,0,0,0,0,0,0,0,0,0,0,0,0,696,0,0,0,0,0,0,0,0,0,0,0,0,47958,0,16479,1115,303,50,221,12729,8,0,3,214212,30,22145,0,0,0,0,0,0,0,0,0,0,0,0,0,0,0,0,0,0,0,0,0,0,0,0,0,0,0,0,0,0,0,0,0,0,0,0,0,0,0,0,0,0,0,0,0,122792,0,42,97767,9,0,416,977,0,0
SD,46093,7937,0,0,9325,230,10408,0,0,0,0,0,981,1,7275,35328,0,179,0,2992,6763,0,3,4,1635,0,0,18879,199954,0,0,0,3,0,0,0,0,0,0,0,0,0,99,0,0,0,0,21,22,0,24485,0,0,0,0,0,0,0,0,0,0,0,0,6443,0,22036,6807,1202,272,4961,4098,81001,1098,16601,1708167,46528,556,0,126,0,0,0,0,0,0,0,0,0,0,0,0,0,0,0,0,0,85,0,0,0,0,0,0,0,0,0,2224,0,0,0,0,0,0,0,0,0,0,0,0,0,0,0,8022,0,11549,409,981,1,37816,2992,0,0
SD,46095,9647,0,0,12149,1530,3388,0,0,0,0,0,250,0,3442,16205,0,0,1,1951,4312,0,0,35,143,0,0,5810,38717,0,0,0,210,0,0,0,0,0,0,0,0,0,0,0,0,0,0,0,0,0,5354,0,0,0,0,0,0,0,0,0,0,0,0,4058,0,11877,1637,65,5,8931,7180,320,287,11,681946,16694,225,0,5,0,0,0,0,0,0,0,0,0,0,0,0,0,0,0,0,0,28,0,0,0,0,0,0,0,0,0,1816,0,0,0,0,0,0,0,0,0,0,0,0,0,0,0,9675,0,13965,1530,250,0,18049,1951,0,0
SD,46097,90348,0,0,151,89488,11,0,0,0,2,0,185,0,919,4874,0,2,11,2015,6,0,0,0,0,0,0,6708,97388,0,0,0,0,0,0,0,0,0,0,0,0,0,0,0,0,0,0,0,47,1,550,0,0,0,0,0,0,0,0,0,0,0,0,4104,0,13703,609,155,16,60,1007,0,0,0,40329,39,12767,0,4,0,0,0,0,0,0,0,0,0,0,0,0,0,0,0,0,0,553,0,0,0,0,0,0,0,0,0,11,0,0,0,0,0,0,0,0,0,0,0,0,0,0,0,90901,0,162,89490,185,0,5440,2015,0,0
SD,46099,184771,0,0,20,134566,0,0,0,0,0,0,6,0,230,754,0,0,61,1123,4,0,0,0,0,0,0,19032,19683,0,0,0,0,0,4,0,0,0,0,0,0,0,0,0,0,0,0,0,3,0,12680,0,0,0,0,0,0,0,0,0,0,0,0,6177,0,33662,12933,7123,3588,672,6933,0,0,0,70209,25,6497,0,0,0,0,0,0,0,0,0,0,0,0,0,0,0,0,0,0,0,0,0,0,0,0,0,0,0,0,0,0,0,0,0,0,0,0,0,0,0,0,0,0,0,0,0,184771,0,20,134566,6,0,754,1123,0,0
SD,46101,149376,0,0,0,83428,0,0,0,0,1,0,13,0,238,373,0,1,105,466,25,0,0,0,0,0,0,8967,15896,0,1,0,0,0,1,0,0,0,0,0,0,0,0,0,0,0,0,0,38,0,1605,0,0,0,0,0,0,0,0,0,0,0,0,2260,0,14290,957,491,55,67,2436,0,0,5,45788,20,6592,0,0,0,0,0,0,0,0,0,0,0,0,0,0,0,0,0,0,0,0,0,0,0,0,0,0,0,0,0,0,0,0,0,0,0,0,0,0,0,0,0,0,0,0,0,149376,0,0,83429,13,0,374,466,0,0
SD,46103,17378,0,0,1959,1156,5140,0,0,0,0,0,64,0,8991,56004,0,1,0,1183,10957,0,2,0,3041,0,0,7802,72402,0,0,0,4,0,0,0,0,0,0,0,0,0,306,0,0,0,0,0,2,0,18442,0,0,0,0,0,0,0,0,0,0,0,0,4664,0,21022,12684,7316,1754,94793,2781,430494,5560,29030,949982,15748,653,0,54,0,0,0,0,0,0,0,0,0,0,0,0,0,0,0,0,0,131,0,0,0,0,0,0,0,0,0,435,0,0,0,0,0,0,0,0,0,0,0,0,0,0,0,17509,0,2394,1157,64,0,56571,1183,0,0
SD,46105,25263,0,0,4257,174,16698,0,0,0,0,0,3812,922,89956,5953,0,0,0,8143,7636,0,1,296,149,0,0,18834,149975,0,0,0,10,0,0,0,0,0,0,0,0,0,714,0,0,0,0,1,0,0,22774,0,0,0,0,0,0,0,0,0,0,0,0,8183,0,20682,2796,215,31,179,815,229,72,427,1445480,15252,55,0,2,0,0,0,0,0,0,0,0,0,0,0,0,0,0,0,0,0,1,0,0,0,0,0,0,0,0,0,3,0,0,0,0,0,0,0,0,0,0,0,0,0,0,0,25264,0,4260,174,3812,922,5957,8143,0,0
SD,46107,94858,0,0,397,51664,55578,0,0,0,0,0,54,0,70778,7044,0,2897,0,2472,1795,0,1,0,0,0,0,1523,15996,0,0,0,0,0,36,0,0,0,0,0,0,113,196,0,0,0,0,0,0,0,4467,0,0,0,0,0,0,0,0,0,0,0,0,20731,0,15214,2091,393,65,203,57,2,0,0,219364,44,1420,0,2,0,0,0,0,0,0,0,0,0,0,0,0,0,0,0,0,0,4455,0,0,0,0,0,0,0,0,0,1067,0,0,0,0,0,0,0,0,0,0,0,0,0,0,0,99313,0,1464,54561,54,0,15463,2472,0,0
SD,46109,168013,0,0,150,178135,24,0,0,0,0,0,2,0,15100,199,0,12,25,1360,26,0,0,0,0,0,0,8807,39869,0,4,0,0,0,0,0,0,0,0,0,0,0,0,0,0,0,0,0,0,0,1099,0,0,0,0,0,0,0,0,0,0,0,0,37807,0,28070,2722,977,86,402,14131,0,0,1,147261,400,81928,0,0,0,0,0,0,0,0,0,0,0,0,0,0,0,0,0,0,0,0,0,0,0,0,0,0,0,0,0,2,0,0,0,0,0,0,0,0,0,0,0,0,0,0,0,168013,0,152,178147,2,0,213,1360,0,0
SD,46111,76601,0,0,1361,62218,338,0,0,0,0,0,6,0,135,4089,0,5,195,1659,34,0,0,0,0,0,0,9868,98588,0,0,0,0,0,0,0,0,0,0,0,0,0,0,0,0,0,0,0,21,30,444,0,0,0,0,0,0,0,0,0,0,0,0,2159,0,12771,763,110,30,53,2850,17,0,6,76208,52,13808,0,212,0,0,0,0,0,0,0,0,0,0,0,0,0,0,0,0,0,151,0,0,0,0,0,0,0,0,0,153,0,0,0,0,0,0,0,0,0,0,0,0,0,0,0,76752,0,1514,62223,6,0,4398,1659,0,0
SD,46113,4133,0,0,355,2,8461,0,0,0,0,0,8,0,1777,18595,0,0,0,428,5163,0,5,0,8,0,0,2125,11986,0,0,0,0,0,0,0,0,0,0,0,0,0,2,0,0,0,0,0,0,0,16699,0,0,0,0,0,0,0,0,0,0,0,0,2449,0,11437,4264,388,75,162574,1708,53240,36,758,1020866,10994,2995,0,52,0,0,0,0,0,0,0,0,0,0,0,0,0,0,0,0,0,232,0,0,0,0,0,0,0,0,0,18,0,0,0,0,0,0,0,0,0,0,0,0,0,0,0,4365,0,373,2,8,0,18845,428,0,0
SD,46115,318694,0,0,1035,302765,3411,0,0,0,0,0,505,0,35523,3359,0,8,1,309,951,0,0,1,0,0,0,10816,115064,0,0,0,0,0,0,0,0,0,0,0,0,0,3,0,0,0,0,0,1,0,1613,0,0,0,0,0,0,0,0,0,0,0,0,8673,0,35561,1602,525,127,41,2714,0,0,4,94254,10,27551,0,0,0,0,0,0,0,0,0,0,0,0,0,0,0,0,0,0,0,3,0,0,0,0,0,0,0,0,0,0,0,0,0,0,1287,0,0,0,0,0,0,0,0,0,0,319984,0,1035,304060,505,0,3370,309,0,0
SD,46117,9182,0,0,14283,97,20142,0,0,0,1713,0,453,0,29542,62435,0,270,0,1466,5706,0,136,0,1101,0,0,3463,17804,0,0,0,411,0,0,0,0,0,0,0,0,0,241,0,0,0,0,0,1,0,5419,0,0,0,0,0,0,0,0,0,0,0,0,38902,0,13611,2123,413,95,749,270,375,9,61,714993,5089,3854,0,2,0,0,0,0,0,0,0,0,0,0,0,0,0,0,0,0,0,490,0,0,0,0,0,0,0,0,0,15940,0,0,0,0,0,0,0,0,0,0,0,0,0,0,0,9672,0,30223,367,453,0,79135,1466,0,0
SD,46119,114563,0,0,4114,22187,117478,0,0,0,5,0,704,0,103490,11744,0,3297,0,797,10875,0,1,0,1,0,0,1549,10687,0,0,0,953,0,11,0,0,0,0,0,0,2,893,0,0,0,0,0,2,0,4482,0,0,0,0,0,0,0,0,0,0,0,0,36427,0,15934,2284,424,40,389,38,11,0,2,207503,51,2659,0,0,0,0,0,0,0,0,0,0,0,0,0,0,0,0,0,0,0,7718,0,0,0,0,0,0,0,0,0,3704,0,0,0,0,0,0,0,0,0,2,0,0,0,0,0,122281,0,7818,25484,704,0,26463,797,0,0
SD,46121,12997,0,0,2445,1823,2150,0,0,0,0,0,8,0,5352,3604,0,0,22,1617,2765,0,0,0,0,0,0,9269,43127,0,0,0,908,0,0,0,0,0,0,0,0,0,0,0,0,0,0,0,0,0,615,0,0,0,0,0,0,0,0,0,0,0,0,1638,0,15484,3166,241,24,305,8396,2068,16929,49,736102,11614,7383,0,0,0,0,0,0,0,0,0,0,0,0,0,0,0,0,0,0,0,9,20,0,0,0,0,0,0,0,0,42,0,0,0,0,0,0,0,0,0,0,0,0,0,0,0,13026,0,2487,1823,8,0,3655,1637,0,0
SD,46123,74747,0,0,36559,18021,5462,0,0,0,3,0,38,0,5583,55648,0,70,76,8288,1006,0,3,2,0,0,0,20467,75604,0,0,0,11,0,0,0,0,0,0,0,0,2,109,0,0,0,0,0,0,0,1147,0,0,0,0,0,0,0,0,0,0,0,0,2912,0,31205,2711,305,113,31,2666,199,16,13,673616,14397,2975,0,92,0,0,0,0,0,0,0,0,0,0,0,0,0,0,0,0,0,129,0,0,0,0,0,0,0,0,0,989,0,0,0,0,0,0,0,0,0,2,0,0,0,0,0,74876,0,37548,18091,38,0,56836,8288,0,0
SD,46125,166885,0,0,15,120985,4,0,0,0,0,0,0,0,96,3407,0,1,5,815,5,0,0,0,0,0,0,13132,20865,0,0,0,0,0,0,0,0,0,0,0,0,0,0,0,0,0,0,0,0,0,594,0,0,0,0,0,0,0,0,0,0,0,0,1038,0,17766,1421,349,78,224,2864,0,0,17,40486,23,4088,0,0,0,0,0,0,0,0,0,0,0,0,0,0,0,0,0,0,0,0,0,0,0,0,0,0,0,0,0,0,0,0,0,0,0,0,0,0,0,0,0,0,0,0,0,166885,0,15,120986,0,0,3408,815,0,0
SD,46127,125324,0,0,2,94045,2,0,0,0,0,0,1,0,118,442,0,1,17,519,2,0,0,0,0,0,0,5873,1538,0,0,0,0,0,0,0,0,0,0,0,0,0,0,0,0,0,0,0,0,0,233,0,0,0,0,0,0,0,0,0,0,0,0,3939,0,16687,3165,1307,276,80,6819,0,28,21,27674,805,9974,0,0,0,0,0,0,0,0,0,0,0,0,0,0,0,0,0,0,0,0,0,0,0,0,0,0,0,0,0,0,0,0,0,0,39,0,0,0,0,0,0,0,0,0,0,125363,0,2,94085,1,0,443,519,0,0
SD,46129,65410,0,0,164,47353,11491,0,0,0,0,0,351,0,53364,396,0,7,11,2076,819,0,0,0,0,0,0,3005,21351,0,0,0,1,0,1,0,0,0,0,0,0,31,1384,0,0,0,0,0,0,0,2581,0,0,6,0,0,0,0,0,0,0,0,0,21069,0,14137,2036,565,123,106,345,2,0,13,226670,78,1261,0,0,0,0,0,0,0,0,0,0,0,0,0,0,0,0,0,0,0,67,0,0,0,0,0,0,0,0,0,17,0,0,0,0,0,0,0,0,0,0,0,0,0,0,0,65477,0,181,47360,351,0,487,2076,0,0
SD,46135,105768,0,0,219,75321,41,0,0,0,0,0,0,0,61,2763,0,2,20,1290,0,0,0,0,0,0,0,17706,20237,0,0,0,0,0,0,0,0,0,0,0,0,0,0,0,0,0,0,0,0,0,301,0,0,0,0,0,0,0,0,0,0,0,0,9235,0,15606,3099,1042,423,158,8844,0,1,2,71124,1727,5871,0,0,0,0,0,0,0,0,0,0,0,0,0,0,0,0,0,0,0,0,0,0,0,0,0,0,0,0,0,0,0,0,0,0,1,0,0,0,0,0,0,0,0,0,0,105769,0,219,75324,0,0,2765,1290,0,0
SD,46137,9401,0,0,3002,278,19319,0,0,0,0,0,854,0,17427,21111,0,4,0,4300,6548,0,2,2,92,0,0,7847,46447,0,0,3,17,0,0,0,0,0,0,0,0,0,374,0,0,0,0,0,0,0,14328,0,0,0,0,0,0,0,0,0,0,0,0,4954,0,6061,1573,43,4,1015,2655,233,18,399,1077805,10692,1834,0,37,0,0,0,0,0,0,0,0,0,0,0,0,0,0,0,0,0,1655,0,0,0,0,0,0,0,0,0,1112,0,0,0,0,0,0,0,0,0,0,0,0,0,0,0,11056,0,4114,282,854,0,23882,4300,0,0
TN,47001,24,0,0,0,11,0,0,0,0,0,0,0,0,0,0,0,4,0,0,0,0,0,0,0,0,0,0,363,0,0,0,11,0,0,0,0,0,0,0,0,0,0,0,0,0,0,0,0,0,1,0,0,0,0,0,0,0,0,0,0,0,0,5287,0,17295,10824,3940,1427,155,139575,2652,3750,27,35078,216,0,0,0,0,0,0,0,0,0,0,0,0,0,0,0,0,0,0,0,0,11,0,0,0,0,0,0,0,0,0,0,0,0,0,0,0,0,0,0,0,0,0,0,0,0,0,35,0,0,15,0,0,15,0,0,0
TN,47003,5538,5,0,27,8028,0,0,3,0,0,0,0,0,0,329,0,5137,72,24,0,0,0,0,0,0,0,41,4498,0,0,0,0,0,1,0,0,0,0,0,0,0,0,0,0,0,0,0,4,0,171,0,0,0,0,0,0,0,0,0,0,0,0,690,0,16452,4813,1168,526,91,77036,11173,3351,4501,159613,93,4,0,0,0,0,0,0,0,0,0,0,0,0,0,0,0,0,1,0,0,502,0,0,0,0,0,0,0,0,0,4,4,0,0,0,0,0,0,0,0,0,0,0,0,0,0,6044,5,31,13165,4,0,5972,24,0,0
TN,47005,3428,73,0,242,7376,0,0,0,0,0,0,0,0,0,39,0,1379,0,0,0,0,0,0,0,0,0,0,3816,0,0,0,0,0,0,0,0,0,0,0,0,0,0,0,0,0,0,0,2,0,759,0,0,0,0,0,0,0,0,0,0,0,0,26229,0,9811,924,474,197,320,173739,10687,0,638,27758,11123,123,0,0,0,0,0,0,0,0,0,0,0,0,0,0,0,0,0,0,0,1,0,0,0,0,0,0,0,0,0,0,0,0,0,0,0,0,0,0,0,0,0,0,0,0,0,3429,73,242,8755,0,0,1419,0,0,0
TN,47007,2135,0,0,0,506,1,0,0,0,0,0,0,0,0,410,0,447,0,0,0,0,9,0,0,0,0,1,3897,0,0,0,14,0,4,0,0,0,0,0,0,0,0,0,0,0,0,0,1,0,27,0,0,8,0,0,0,0,0,0,0,0,0,573,0,9016,1786,436,47,217,137415,17281,7771,6475,71676,30,1,0,0,0,0,0,0,0,0,0,0,0,0,0,0,0,0,0,0,0,112,8,0,0,0,0,0,0,0,0,0,0,0,0,0,0,0,0,0,0,0,0,0,0,0,2,2255,0,0,955,2,0,969,8,0,0
TN,47009,1248,0,0,0,1918,0,0,0,0,0,0,5,0,0,149,0,738,3,1,0,0,0,0,0,0,0,0,3906,0,0,0,0,0,0,0,0,0,0,0,0,0,0,0,12,0,0,0,1,0,106,0,0,0,0,0,0,0,0,0,0,0,0,4886,0,25141,9911,2248,593,119,178171,44047,3647,1521,84116,105,0,0,0,0,0,0,0,0,0,0,0,0,0,0,0,0,0,0,0,0,52,12,0,0,0,0,0,0,0,0,1,0,0,0,1,0,0,0,0,0,0,0,0,0,0,0,1312,0,1,2657,5,0,940,14,0,0
TN,47011,1036,0,0,6,426,2,0,16,5,0,0,0,0,0,181,0,718,31,16,5,0,0,0,0,0,0,36,2042,0,0,0,0,0,0,0,0,0,0,0,0,0,0,0,0,0,0,1,10,0,75,0,0,0,0,0,0,0,0,0,0,0,0,1464,0,17567,10164,2499,1297,359,76244,12474,10747,6843,66670,574,10,0,0,0,0,0,0,0,0,0,0,0,0,0,0,0,0,0,0,0,548,52,0,0,0,0,0,0,0,0,1,0,0,0,0,0,0,0,0,0,0,0,0,0,0,9,1636,0,7,1153,9,0,1448,68,0,0
TN,47013,51,0,0,0,18,0,0,0,0,0,0,0,0,0,0,0,2,0,0,0,0,0,0,0,0,0,0,596,0,0,0,0,0,3,0,0,0,0,0,0,0,0,0,1,0,0,0,0,0,2,0,0,0,0,0,0,0,0,0,0,0,0,11633,0,18807,7845,2151,561,506,225739,1334,7838,40,41713,9,0,0,0,0,0,0,0,0,0,0,0,0,0,0,0,0,0,0,0,0,43,0,0,0,0,0,0,0,0,0,0,0,0,0,0,0,0,0,0,0,0,0,0,0,0,0,94,0,0,20,0,0,45,0,0,0
TN,47015,5081,4,0,6,6649,0,0,6,0,0,0,0,0,0,96,0,2580,1,0,0,0,0,0,0,0,0,3,1662,0,0,0,0,0,108,0,0,0,0,0,0,0,0,0,0,0,0,0,12,0,26,0,0,0,0,0,0,0,0,0,0,0,0,79,0,6794,1005,232,38,42,83409,8666,2795,2108,48410,203,0,0,0,0,0,0,0,0,0,0,0,0,0,0,0,0,0,0,0,0,35,0,0,0,0,0,0,0,0,0,1,2,0,0,0,0,0,0,0,0,0,0,0,0,0,0,5118,4,7,9229,2,0,2712,0,0,0
TN,47017,34702,12795,0,64,18812,0,0,0,0,0,0,0,0,0,18,0,13133,0,0,0,0,0,0,0,0,0,0,5286,0,0,0,0,0,0,0,0,0,0,0,0,0,0,0,0,0,6,0,15,0,848,0,0,0,0,0,0,0,0,0,0,0,0,2339,0,19219,1378,511,209,105,193702,12105,0,757,50116,17388,139,0,0,0,0,0,0,0,0,0,0,0,0,0,0,0,0,0,0,0,4,0,0,0,0,0,0,0,0,0,0,0,0,226,0,30,0,0,0,0,0,0,0,0,0,0,34736,13021,64,32201,0,0,13155,0,0,0
TN,47019,190,0,0,0,13,0,0,0,0,0,0,0,0,0,2,0,0,9,0,0,0,0,0,0,0,0,7,805,0,0,0,0,0,0,0,0,0,0,0,0,0,0,2,0,0,0,0,0,0,0,0,0,0,0,0,0,0,0,0,0,0,0,3692,0,13383,4033,844,350,298,167924,2219,612,481,27611,2,0,0,0,0,0,0,0,0,0,0,0,0,0,0,0,0,0,5,0,0,34,0,0,0,0,0,0,0,0,0,0,0,0,0,0,0,0,0,0,0,0,0,0,0,0,0,224,0,0,13,0,0,36,0,0,0
TN,47021,1147,0,0,38,2767,0,0,34,0,0,0,0,0,0,12,0,587,0,0,0,0,0,0,0,0,0,4,2246,0,0,0,0,0,0,0,0,0,0,0,0,0,0,0,0,0,0,0,1,0,28,0,0,0,0,0,0,0,0,0,0,0,0,2855,0,6785,1140,444,204,22,136628,5909,489,21,33891,1262,108,0,0,0,0,0,0,0,0,0,0,0,0,0,0,0,0,0,0,0,0,0,0,0,0,0,0,0,0,0,0,0,0,0,1,0,0,0,0,0,0,0,0,0,0,10,1147,0,38,3365,10,0,599,1,0,0
TN,47023,3877,2451,0,28,10495,0,0,0,0,0,0,0,0,0,11,0,3599,0,0,0,0,0,0,0,0,0,0,7759,0,0,0,0,0,0,0,0,0,0,0,0,0,7,0,0,0,0,0,36,0,4,0,0,0,0,0,0,0,0,0,0,0,0,666,0,9099,1132,410,117,25,80936,8901,4050,16340,26928,7872,40,0,0,0,0,0,0,0,0,0,0,0,0,0,0,0,0,0,0,0,1,0,0,0,0,0,0,0,0,0,0,0,0,0,0,0,0,0,0,0,0,0,0,0,0,0,3878,2451,28,14094,0,0,3611,0,0,0
TN,47025,106,0,0,41,27,0,0,3,0,0,0,0,0,0,0,0,1,0,0,0,0,0,0,0,0,0,14,1422,0,0,0,0,0,16,0,0,0,0,0,0,0,0,0,0,0,0,0,0,0,37,0,0,0,0,0,0,0,0,0,0,0,0,4963,0,12086,5248,1281,337,482,158804,1911,9241,29,86285,0,0,0,0,0,0,0,0,0,0,0,0,0,0,0,0,0,0,0,0,0,258,0,0,0,0,0,0,0,0,0,0,0,0,0,0,0,0,0,0,0,0,0,0,0,0,0,364,0,41,28,0,0,259,0,0,0
TN,47027,520,0,0,4,347,0,0,56,0,0,0,0,0,0,0,0,46,0,0,0,0,0,0,0,0,0,0,3751,0,0,0,0,0,0,0,0,0,0,0,0,0,0,0,0,0,0,0,0,0,0,0,0,0,0,0,0,0,0,0,0,0,0,14562,0,5512,772,325,149,84,112916,1338,68,2,25477,0,0,0,0,0,0,0,0,0,0,0,0,0,0,0,0,0,0,0,0,0,1,0,0,0,0,0,0,0,0,0,0,0,0,0,0,0,0,0,0,0,0,0,0,0,0,0,521,0,4,393,0,0,47,0,0,0
TN,47029,1491,0,0,0,1289,51,0,5,0,0,0,0,0,0,43,0,144,4,0,0,0,2,0,0,0,0,3,965,0,0,0,0,0,0,0,0,0,0,0,0,0,0,155,0,0,0,0,0,0,2,0,0,0,0,0,0,0,0,0,0,0,0,3705,0,14103,2629,590,185,366,195484,12134,1662,659,47866,28,0,0,0,0,0,0,0,0,0,0,0,0,0,0,0,0,0,0,0,0,46,0,0,0,0,0,0,0,0,0,0,0,0,0,0,0,0,0,0,0,0,0,0,0,0,0,1537,0,0,1433,0,0,233,0,0,0
TN,47031,19140,3,0,4,21895,0,0,0,0,0,0,0,0,0,300,0,5778,3,1,0,0,0,0,0,0,0,88,2875,0,0,0,0,0,817,0,0,0,0,0,0,0,0,0,0,0,0,0,333,3,129,0,0,0,0,0,0,0,0,0,0,0,0,3581,0,17873,7148,1842,573,54,106137,2613,607,3521,78275,4243,4,0,0,0,0,0,0,0,0,0,0,0,0,0,0,0,0,0,0,0,176,0,0,3,0,0,0,0,0,0,2,11,0,0,0,0,0,0,0,0,0,0,0,0,0,0,19327,3,6,27673,11,0,6256,1,0,0
TN,47033,30604,21433,0,191,25871,0,0,0,6,0,0,0,0,0,72,0,30550,0,0,0,0,0,0,0,0,0,8,9862,0,0,0,0,0,1,0,0,0,0,0,0,0,0,0,0,0,2,0,67,0,896,0,0,0,0,0,0,0,0,0,0,0,0,1428,0,9576,1091,263,125,16,9491,44,0,301,13234,14200,51,0,0,0,0,0,0,0,0,0,0,0,0,0,0,0,0,0,0,0,0,0,0,0,0,0,0,0,0,0,0,0,0,523,0,2,0,0,0,0,0,0,0,0,0,0,30606,21956,191,56946,0,0,30622,0,0,0
TN,47035,537,0,0,0,85,0,0,0,0,0,0,0,0,0,272,0,56,0,0,0,0,0,0,0,0,0,13,939,0,0,0,117,0,1,0,0,0,0,0,0,0,0,0,0,0,0,0,0,0,0,0,0,0,0,0,0,0,0,0,0,0,0,3288,0,21873,8736,2916,727,2047,235453,8727,38427,3465,110581,2,0,0,0,0,0,0,0,0,0,0,0,0,0,0,0,0,0,0,0,0,96,0,0,0,0,0,0,0,0,0,0,0,0,0,0,0,0,0,0,0,0,0,0,0,0,0,633,0,0,141,0,0,424,0,0,0
TN,47037,425,0,0,0,1050,0,0,3,0,0,0,0,0,0,8,0,50,0,0,0,0,0,0,0,0,0,0,565,0,0,0,0,0,0,0,0,0,0,0,0,0,0,0,0,0,0,0,2,0,6,0,0,0,0,0,0,0,0,0,0,0,0,14357,0,59617,44057,16786,9916,103,125626,15614,4950,963,41750,461,67,0,0,0,0,0,0,0,0,0,0,0,0,0,0,0,0,0,0,0,0,0,0,0,0,0,0,0,0,0,0,0,0,0,0,0,0,0,0,0,0,0,0,0,0,116,425,0,0,1216,116,0,58,0,0,0
TN,47039,1504,5,0,38,7274,9,0,0,0,0,0,0,0,0,14,0,190,0,0,0,0,0,0,0,0,0,0,13971,0,0,0,0,0,0,0,0,0,0,0,0,0,1,0,0,0,0,0,15,0,16,0,0,0,0,0,0,0,0,0,0,0,0,7587,0,7466,730,279,66,354,129204,8346,452,4357,30816,7829,245,0,0,0,0,0,0,0,0,0,0,0,0,0,0,0,0,0,0,0,0,0,0,0,0,0,0,0,0,0,0,0,0,0,0,0,0,0,0,0,0,0,0,0,0,0,1504,5,38,7464,0,0,204,0,0,0
TN,47041,2273,2,0,2,5617,0,0,6,0,0,0,0,0,0,14,0,602,0,0,0,0,0,0,0,0,0,0,3236,0,0,0,0,0,60,0,0,0,0,0,0,0,0,0,0,0,0,0,24,0,173,0,0,0,0,0,0,0,0,0,0,0,0,16146,0,9640,2181,456,143,303,106202,7437,1242,1083,53575,100,5,0,0,0,0,0,0,0,0,0,0,0,0,0,0,0,0,0,0,0,30,0,0,0,0,0,0,0,0,0,0,0,0,0,0,0,0,0,0,0,0,0,0,0,0,0,2303,2,2,6219,0,0,646,0,0,0
TN,47043,727,0,0,1,877,0,0,27,0,0,0,0,0,0,6,0,239,0,0,0,0,0,0,0,0,0,3,1774,0,0,0,0,0,0,0,0,0,0,0,0,0,0,0,0,0,0,0,2,0,9,0,0,0,0,0,0,0,0,0,0,0,0,1037,0,14287,2402,1130,534,18,202320,3912,40,41,84688,366,17,0,0,0,0,0,0,0,0,0,0,0,0,0,0,0,0,0,0,0,4,0,0,0,0,0,0,0,0,0,0,0,0,0,0,0,0,0,0,0,0,0,0,0,0,4,731,0,1,1120,4,0,249,0,0,0
TN,47045,51033,13932,0,1553,109929,0,0,0,8,0,0,0,0,0,209,0,29382,0,0,0,0,0,0,0,0,0,6,11574,0,0,0,0,0,7,0,0,0,0,0,0,0,2,0,0,0,0,0,58,0,3045,0,1,0,0,0,0,0,0,0,0,0,0,13987,0,15413,3548,872,472,21,14622,37,0,157,13673,51593,82,0,0,0,0,0,0,0,0,0,0,0,0,0,0,0,0,0,0,0,0,0,0,0,0,0,0,0,0,0,1,0,0,882,0,859,0,0,0,0,0,0,0,0,0,0,51892,14814,1554,141052,0,0,29592,0,0,0
TN,47047,22180,19699,0,1780,38130,0,0,0,0,0,0,0,0,0,456,0,16166,0,0,0,0,0,0,0,0,0,3,29430,0,0,0,0,0,0,0,0,0,0,0,0,0,354,0,1,0,0,0,736,0,22,0,0,0,0,0,0,0,0,0,0,0,0,3402,0,18013,6313,919,155,127,101369,5398,1858,60078,88440,36228,573,0,0,0,0,0,0,0,0,0,0,0,0,0,0,0,0,0,0,0,59,0,0,0,0,0,0,0,0,0,35,0,0,77,0,17,0,0,0,0,0,0,0,0,0,0,22256,19776,1815,54390,0,0,16716,0,0,0
TN,47049,518,0,0,0,261,0,0,1,0,0,0,0,0,0,21,0,20,0,8,0,0,0,0,0,0,0,1,1430,0,0,0,1,0,0,0,0,0,0,0,0,0,0,0,0,0,0,0,0,0,9,0,0,0,0,0,0,0,0,0,0,0,0,700,0,12715,3664,844,146,930,194183,3087,40741,415,59635,1,0,0,0,0,0,0,0,0,0,0,0,0,0,0,0,0,0,0,0,0,7,0,0,0,0,0,0,0,0,0,0,0,0,0,0,0,0,0,0,0,0,0,0,0,0,1,525,0,0,282,1,0,48,8,0,0
TN,47051,19744,1533,0,4,18061,0,0,0,0,0,0,0,0,0,1189,0,8915,12,1,0,0,43,0,0,0,0,12,2385,0,0,0,0,0,11,0,0,0,0,0,0,0,0,0,0,0,0,0,22,0,179,0,0,0,0,0,0,0,0,0,0,0,0,12950,0,15036,4277,824,218,101,194767,2958,1937,5016,76388,1735,18,0,0,0,0,0,0,0,0,0,0,0,0,0,0,0,0,0,0,0,45,0,0,2,0,0,0,0,0,0,2,0,0,0,68,8,0,0,0,0,0,0,0,0,0,0,19797,1533,6,27052,0,0,10151,69,0,0
TN,47053,69760,17592,0,261,55349,0,0,0,4,0,0,0,0,0,251,0,65451,0,0,0,0,0,0,0,0,0,26,8998,0,0,0,0,0,2,0,0,0,0,0,0,0,0,1,0,0,2,0,428,0,661,0,0,0,0,0,0,0,2,0,0,0,0,2895,0,24099,2852,1063,561,28,51574,342,0,178,46953,35551,105,0,0,0,0,0,0,0,0,0,0,0,0,0,0,0,0,0,0,0,2,0,0,0,0,0,0,0,0,0,0,0,0,1005,0,305,0,0,0,0,0,0,0,0,0,0,70067,18597,261,122110,0,0,65704,0,0,0
TN,47055,11095,527,0,12,7959,0,0,2,0,5,0,0,0,0,36,0,4187,0,27,0,0,0,0,0,0,0,75,10646,0,0,0,0,0,0,0,0,0,0,0,0,0,0,0,0,0,0,0,50,0,227,0,0,0,0,0,0,0,0,0,0,0,0,539,0,19727,2656,597,165,46,179604,6426,3960,3171,139200,195,2,0,0,0,0,0,0,0,0,0,0,0,0,0,0,0,0,0,0,0,18,0,0,0,0,0,0,0,0,0,5,0,0,0,1,0,0,0,0,0,0,0,0,0,0,0,11113,527,17,12147,0,0,4246,28,0,0
TN,47057,283,0,0,8,270,0,0,0,0,0,0,0,0,0,50,0,46,0,0,0,0,0,0,0,0,0,0,966,0,0,0,0,0,0,0,0,0,0,0,0,0,0,1,2,0,0,0,0,0,1,0,0,0,0,0,0,0,0,0,0,0,0,13049,0,9050,4302,842,133,805,86061,4704,8513,11,64131,7,0,0,0,0,0,0,0,0,0,0,0,0,0,0,0,0,0,0,0,0,288,0,0,0,0,0,0,0,0,0,0,0,0,0,0,0,0,0,0,0,0,0,0,0,0,0,571,0,8,316,0,0,384,0,0,0
TN,47059,3283,0,0,6,2142,62,0,17,0,0,0,0,0,0,79,0,65,6,0,0,0,0,0,0,0,0,76,9908,0,0,0,0,0,0,0,0,0,0,0,0,0,0,189,0,0,0,0,0,0,4,0,0,0,0,0,0,0,0,0,0,0,0,942,0,20720,6970,1468,706,65,152333,6716,811,354,192386,37,0,0,0,0,0,0,0,0,0,0,0,0,0,0,0,0,0,3,0,0,100,0,0,1,0,0,0,0,0,0,0,0,0,0,0,0,0,0,0,0,0,0,0,0,0,0,3383,0,6,2207,0,0,244,0,0,0
TN,47061,2252,0,0,0,1944,0,0,0,0,0,0,0,0,0,36,0,714,0,0,0,0,0,0,0,0,0,0,709,0,0,0,0,0,193,0,0,0,0,0,0,0,0,0,0,0,0,0,2,0,13,0,0,0,0,0,0,0,0,0,0,0,0,663,0,7202,1835,333,28,50,150791,14499,6054,7429,36153,208,2,0,0,0,0,0,0,0,0,0,0,0,0,0,0,0,0,0,0,0,18,0,0,0,0,0,0,0,0,0,0,0,0,0,0,0,0,0,0,0,0,0,0,0,0,0,2270,0,0,2658,0,0,768,0,0,0
TN,47063,785,0,0,1,1068,144,0,40,0,0,0,0,0,0,62,0,41,0,0,0,0,0,0,0,0,0,10,1326,0,0,0,0,0,0,0,0,0,0,0,0,0,0,50,0,0,0,0,0,0,10,0,0,0,0,0,0,0,0,0,0,0,0,8161,0,12394,5509,1636,501,600,33787,3130,727,314,42120,11,0,0,0,0,0,0,0,0,0,0,0,0,0,0,0,0,1,0,0,0,75,0,0,0,0,0,0,0,0,0,0,0,0,0,0,0,0,0,0,0,0,0,0,0,0,0,860,0,1,1109,0,0,178,0,0,0
TN,47065,291,0,0,0,98,1,0,0,3,0,0,0,0,0,22,0,31,1,0,0,0,0,0,0,0,0,0,1627,0,0,0,1,0,0,0,0,0,0,0,0,0,0,0,0,0,0,5,6,0,122,0,0,0,0,0,0,0,0,0,0,0,0,20448,0,48184,32225,9387,5436,528,144037,22807,20255,6870,54430,1583,12,0,0,0,0,0,0,0,0,0,0,0,0,0,0,0,0,0,0,0,6,3,0,0,0,0,0,0,0,0,0,0,0,0,0,0,0,0,0,0,0,0,0,0,0,0,300,0,0,129,0,0,59,3,0,0
TN,47067,17,0,0,7,84,0,0,2,0,0,0,0,0,0,1,0,0,0,0,0,0,0,0,0,0,0,0,578,0,0,0,0,0,0,0,0,0,0,0,0,0,0,2,0,0,0,0,0,0,1,0,0,0,0,0,0,0,0,0,0,0,0,818,0,7056,1996,243,31,36,89626,1913,5021,6,35600,3,0,0,0,0,0,0,0,0,0,0,0,0,0,0,0,0,0,0,0,0,2,0,0,0,0,0,0,0,0,0,0,0,0,0,0,0,0,0,0,0,0,0,0,0,0,0,19,0,7,84,0,0,3,0,0,0
TN,47069,9720,9318,0,120,14540,0,0,0,0,0,0,0,0,0,54,0,10290,0,0,0,0,0,0,0,0,0,0,29007,0,0,0,0,0,0,0,0,0,0,0,0,0,260,0,0,0,0,0,28,0,35,0,0,0,0,0,0,0,0,0,0,0,0,4534,0,13672,3048,639,188,64,159772,16656,11553,51901,41183,51843,627,0,0,0,0,0,0,0,0,0,0,0,0,0,0,0,0,0,0,0,0,0,0,0,0,0,0,0,0,0,0,0,0,1,0,0,0,0,0,0,0,0,0,0,0,0,9720,9319,120,24831,0,0,10344,0,0,0
TN,47071,6289,284,0,843,21989,0,0,0,0,0,0,0,0,0,13,0,4033,0,0,0,0,0,0,0,0,0,0,5721,0,0,0,0,0,0,0,0,0,0,0,0,0,2,0,0,0,0,0,410,0,61,0,0,0,0,0,0,0,0,0,0,0,0,14907,0,12666,2889,785,269,406,154308,26770,5220,37216,60454,24502,1589,0,0,0,0,0,0,0,0,0,0,0,0,0,0,0,0,0,0,0,18,0,0,0,0,0,0,0,0,0,0,0,0,0,0,0,0,0,0,0,0,0,0,0,0,0,6307,284,843,26022,0,0,4064,0,0,0
TN,47073,424,0,0,0,387,4,0,60,0,0,0,0,0,0,67,0,0,2,0,0,0,0,0,0,0,0,26,2757,0,0,0,0,0,0,0,0,0,0,0,0,0,0,10,0,0,0,0,0,0,54,0,0,0,0,0,0,0,0,0,0,0,0,6459,0,19525,5709,1324,313,512,170379,5124,5384,187,100922,55,0,0,0,0,0,0,0,0,0,0,0,0,0,0,0,0,0,2,0,0,8,0,0,0,0,0,0,0,0,0,0,0,0,0,0,0,0,0,0,0,0,0,0,0,0,0,432,0,0,387,0,0,75,0,0,0
TN,47075,46706,44063,0,177,45572,0,0,0,1,0,0,0,0,0,253,0,44470,0,0,0,0,0,0,0,0,0,23,13550,0,0,0,0,0,0,0,0,0,0,0,0,0,0,2,0,0,1,0,25,0,224,0,0,0,0,0,0,0,0,0,0,0,0,3259,0,12850,4139,728,231,24,26514,216,66,6072,21429,68658,234,0,0,0,0,0,0,0,0,0,0,0,0,0,0,0,0,0,0,0,2,0,0,0,0,0,0,0,0,0,0,0,0,2363,0,3,0,0,0,0,0,0,0,0,0,0,46711,46426,177,92408,0,0,44725,0,0,0
TN,47077,10166,3172,0,37,22249,0,0,0,0,0,0,0,0,0,14,0,3639,0,0,0,0,0,0,0,0,0,0,20841,0,0,0,0,0,0,0,0,0,0,0,0,0,0,0,0,0,1,0,16,0,39,0,0,0,0,0,0,0,0,0,0,0,0,4770,0,15495,1647,485,215,101,173786,16808,878,5553,53131,3454,87,0,0,0,0,0,0,0,0,0,0,0,0,0,0,0,0,0,0,0,1,0,0,0,0,0,0,0,0,0,0,0,0,0,0,5,0,0,0,0,0,0,0,0,0,0,10172,3172,37,25893,0,0,3654,0,0,0
TN,47079,35590,1475,0,47,23926,0,0,0,0,0,0,0,0,0,34,0,19630,0,0,0,0,0,0,0,0,0,7,6959,0,0,0,0,0,0,0,0,0,0,0,0,0,0,0,0,0,2,0,39,0,3394,0,0,0,0,0,0,0,0,0,0,0,0,21497,0,15496,1402,593,291,126,172776,6386,0,646,49676,19135,358,0,0,0,0,0,0,0,0,0,0,0,0,0,0,0,0,0,0,0,168,109,0,0,0,0,0,0,0,0,0,0,0,1,0,5,0,0,0,0,0,0,0,0,0,51,35872,1476,47,43613,51,0,19832,109,0,0
TN,47081,2907,0,0,1,3581,0,0,34,0,0,0,0,0,0,33,0,836,0,1,1,0,0,0,0,0,0,0,7890,0,0,0,0,0,0,0,0,0,0,0,0,0,0,0,0,0,0,0,16,2,5,0,0,0,0,0,0,0,0,0,0,0,0,1663,0,10524,764,253,68,21,296553,5767,101,491,60454,127,7,0,0,0,0,0,0,0,0,0,0,0,0,0,0,0,0,0,0,0,2,0,0,0,0,0,0,0,0,0,2,0,0,0,1,0,0,0,0,0,0,0,0,0,0,0,2909,0,3,4418,0,0,873,2,0,0
TN,47083,215,0,0,3,188,0,0,14,0,0,0,0,0,0,9,0,142,0,0,0,0,0,0,0,0,0,0,580,0,0,0,0,0,0,0,0,0,0,0,0,0,0,0,0,0,0,0,2,0,5,0,0,0,0,0,0,0,0,0,0,0,0,4214,0,3804,163,73,12,10,104167,1338,0,24,16917,540,4,0,0,0,0,0,0,0,0,0,0,0,0,0,0,0,0,0,0,0,0,0,0,0,0,0,0,0,0,0,0,0,0,0,0,0,0,0,0,0,0,0,0,0,0,3,215,0,3,333,3,0,151,0,0,0
TN,47085,4739,15,0,19,6873,0,0,5,0,0,0,0,0,0,20,0,455,0,0,0,0,0,0,0,0,0,2,2340,0,0,0,0,0,0,0,0,0,0,0,0,0,0,0,0,0,0,0,1,0,14,0,0,0,0,0,0,0,0,0,0,0,0,18278,0,8707,1146,641,314,58,262765,3433,0,245,39933,6140,174,0,0,0,0,0,0,0,0,0,0,0,0,0,0,0,0,0,0,0,1,0,0,0,0,0,0,0,0,0,0,0,0,0,0,0,0,0,0,0,0,0,0,0,0,1,4740,15,19,7329,1,0,476,0,0,0
TN,47087,307,0,0,0,821,0,0,100,0,0,0,0,0,0,0,0,62,0,0,0,0,0,0,0,0,0,0,2004,0,0,0,0,0,1,0,0,0,0,0,0,0,0,0,0,0,0,0,0,0,1,0,0,0,0,0,0,0,0,0,0,0,0,6716,0,8891,2316,229,39,12,148579,7534,254,10,26645,4,1,0,0,0,0,0,0,0,0,0,0,0,0,0,0,0,0,0,0,0,0,0,0,0,0,0,0,0,0,0,0,0,0,0,0,0,0,0,0,0,0,0,0,0,0,0,307,0,0,883,0,0,62,0,0,0
TN,47089,1162,0,0,0,1151,0,0,23,0,0,0,0,0,0,455,0,247,2,0,0,0,28,0,0,0,0,5,2015,0,0,0,0,0,0,0,0,0,0,0,0,0,0,5,15,0,0,0,0,0,19,0,0,0,0,0,0,0,0,0,0,0,0,19767,0,13527,3198,755,154,3546,68250,7415,1421,644,77253,30,0,0,0,0,0,0,0,0,0,0,0,0,0,0,0,0,0,0,0,0,31,0,0,0,0,0,0,0,0,0,5,20,0,0,0,0,0,0,0,0,0,0,0,0,0,0,1213,0,5,1398,20,0,738,0,0,0
TN,47091,849,0,0,0,7,0,0,0,0,0,0,0,0,0,8,0,0,0,0,0,0,0,0,0,0,0,12,1172,0,0,0,0,0,0,0,0,0,0,0,0,0,0,5,0,0,0,0,0,0,1,0,0,0,0,5,0,0,0,0,0,0,0,2484,0,7657,693,175,58,130,149438,3452,1143,332,26099,5,0,0,0,0,0,0,0,0,0,0,0,0,0,0,0,0,0,0,0,0,2,0,0,0,0,0,0,0,0,0,0,0,0,0,0,0,0,0,0,0,0,0,0,0,0,0,851,0,0,7,0,0,10,0,0,0
TN,47093,182,0,0,0,272,0,0,0,0,0,0,0,0,0,6,0,141,0,0,0,0,0,0,0,0,0,0,1569,0,0,0,0,0,0,0,0,0,0,0,0,0,0,0,0,0,0,0,0,0,49,0,0,0,0,0,0,0,0,0,0,0,0,11232,0,63009,45199,18665,5951,132,104052,8704,4642,164,72385,141,0,0,0,0,0,0,0,0,0,0,0,0,0,0,0,0,0,0,0,0,31,0,0,0,0,0,0,0,0,0,0,0,0,0,0,0,0,0,0,0,0,0,0,0,0,0,213,0,0,413,0,0,178,0,0,0
TN,47095,12000,5609,0,1866,34871,0,0,0,0,0,0,0,0,0,470,0,14710,0,0,0,0,0,0,0,0,0,38,403,0,0,0,0,0,0,0,0,0,0,0,0,0,0,0,0,0,0,0,0,0,1842,0,0,0,0,0,0,0,0,0,0,0,0,19597,0,4207,660,105,54,1,1353,0,0,34,472,25001,536,0,0,0,0,0,0,0,0,0,0,0,0,0,0,0,0,0,0,0,0,0,0,0,0,0,0,0,0,0,1,0,0,203,0,1,0,0,0,0,0,0,0,0,0,0,12001,5812,1867,49785,0,0,15181,0,0,0
TN,47097,26252,15127,0,155,79763,0,0,0,4,0,0,0,0,0,59,0,13121,0,0,0,0,0,0,0,0,0,3,9635,0,0,0,0,0,8,0,0,0,0,0,0,0,0,0,0,0,0,0,17,0,682,0,2,0,0,0,0,0,25,0,0,0,0,25659,0,10685,2354,653,298,164,38933,64,6,2402,26184,71349,80,0,0,0,0,0,0,0,0,0,0,0,0,0,0,0,0,0,0,0,3,0,0,0,0,0,0,0,0,0,0,0,0,468,0,540,0,0,0,0,0,0,0,0,0,0,26795,15595,155,93892,0,0,13183,0,0,0
TN,47099,19688,256,0,3,10666,0,0,1,0,1385,0,0,0,0,20,0,8651,0,7,0,0,0,0,0,0,0,28,4613,0,0,0,0,0,0,0,0,0,0,0,0,0,0,0,0,0,0,0,22,0,7,0,0,0,0,0,0,0,0,0,0,0,0,776,0,19335,3440,915,396,57,169553,7712,942,8174,138556,224,2,0,0,0,0,0,0,0,0,0,0,0,0,0,0,0,0,0,0,0,30,0,0,1,0,0,0,0,0,0,5,0,0,0,24,0,0,0,0,0,0,0,0,0,0,0,19718,256,8,19341,0,0,8706,31,0,0
TN,47101,475,0,0,0,352,0,0,0,0,2,0,0,0,0,0,0,4,0,0,0,0,0,0,0,0,0,0,1332,0,0,0,0,0,0,0,0,0,0,0,0,0,0,0,0,0,0,0,4,2,0,0,0,0,0,0,0,0,0,0,0,0,0,323,0,6002,686,174,41,24,132657,5712,185,3838,28894,63,0,0,0,0,0,0,0,0,0,0,0,0,0,0,0,0,0,0,0,0,0,0,0,0,0,0,0,0,0,0,1,0,0,0,0,0,0,0,0,0,0,0,0,0,0,0,475,0,1,356,0,0,5,0,0,0
TN,47103,16351,3851,0,4,10928,0,0,1,0,0,0,0,0,0,266,0,9029,12,61,0,0,0,0,0,0,0,19,7928,0,0,0,0,0,3,0,43,0,0,0,0,0,0,0,0,0,0,0,51,0,115,0,0,0,0,0,0,0,0,0,0,0,0,932,0,17187,3273,921,315,58,124840,9873,4018,5140,149115,474,5,0,0,0,0,0,0,0,0,0,0,0,0,0,0,0,0,13,0,0,444,0,0,18,0,0,0,0,0,0,2,0,0,0,6,0,0,0,0,0,0,0,0,0,0,0,16795,3851,6,19963,0,0,9741,67,0,0
TN,47105,2199,0,0,2,2059,0,0,0,0,0,0,5,0,0,213,0,1956,0,0,0,0,0,0,0,0,0,1,3757,0,0,0,0,0,0,0,0,0,0,0,0,0,0,0,0,0,0,0,1,63,52,0,0,0,0,0,0,0,0,0,0,0,0,11487,0,14527,6400,1706,489,75,47989,4324,4222,3116,53114,158,1,0,0,0,0,0,0,0,0,0,0,0,0,0,0,0,0,0,0,0,228,67,0,0,0,0,0,0,0,0,6,0,0,0,29,0,0,0,0,0,0,0,0,0,0,8,2494,0,8,4052,13,0,2403,96,0,0
TN,47107,2260,0,0,0,2647,0,0,2,2,0,0,0,0,0,358,0,1979,6,2,43,0,0,0,0,0,0,2,7447,0,0,0,0,0,0,0,0,0,0,0,0,0,0,0,0,0,0,0,15,0,212,0,0,0,0,0,0,0,0,0,0,0,0,1381,0,19526,5116,1542,603,193,99497,17722,7806,15661,91273,409,2,0,0,0,0,0,0,0,0,0,0,0,0,0,0,0,0,0,0,0,697,82,0,1,0,0,0,0,0,0,97,0,0,0,0,0,0,0,0,0,0,0,0,0,0,87,3039,0,97,4713,87,0,3131,84,0,0
TN,47109,6851,5648,0,27,17208,0,0,0,0,0,0,0,0,0,106,0,2193,0,0,0,0,0,0,0,0,0,0,3905,0,0,0,0,0,0,0,0,0,0,0,0,0,11,0,0,0,0,0,43,0,18,0,0,0,0,0,0,0,0,0,0,0,0,2739,0,17266,2577,825,208,97,134324,34847,12186,51484,51677,14287,411,0,0,0,0,0,0,0,0,0,0,0,0,0,0,0,0,0,0,0,0,0,0,0,0,0,0,0,0,0,0,0,0,0,0,0,0,0,0,0,0,0,0,0,0,0,6851,5648,27,19401,0,0,2299,0,0,0
TN,47111,2582,4,0,3,2526,0,0,1330,0,0,0,0,0,0,20,0,920,0,0,0,0,0,0,0,0,0,0,5051,0,0,0,0,0,0,0,0,0,0,0,0,0,0,0,0,0,0,0,5,0,11,0,0,0,0,0,0,0,0,0,0,0,0,58,0,9485,606,344,226,22,118310,1048,143,21,53884,0,0,0,0,0,0,0,0,0,0,0,0,0,0,0,0,0,0,0,0,0,3,0,0,0,0,0,0,0,0,0,2,0,0,0,1,0,0,0,0,0,0,0,0,0,0,0,2585,4,5,3447,0,0,945,1,0,0
TN,47113,29621,14560,0,31,20111,0,0,0,0,0,0,0,0,0,13,0,18783,0,0,0,0,0,0,0,0,0,0,24320,0,0,0,0,0,2,0,0,0,0,0,0,0,1,0,0,0,8,0,54,0,55,0,0,0,0,0,0,0,0,0,0,0,0,3208,0,24949,8439,3079,1629,44,130673,2892,1684,12132,36665,24337,171,0,0,0,0,0,0,0,0,0,0,0,0,0,0,0,0,0,0,0,2,0,0,0,0,0,0,0,0,0,0,0,0,26,0,37,0,0,0,0,0,0,0,0,0,0,29660,14586,31,38957,0,0,18798,0,0,0
TN,47115,1891,2,0,1,2497,0,0,0,0,0,0,0,0,0,41,0,1325,0,0,0,0,0,0,0,0,0,0,2381,0,0,0,0,0,4,0,0,1,0,0,0,0,0,1,0,0,0,0,2,0,22,0,0,0,0,0,0,0,0,0,0,0,0,9768,0,11444,4768,1004,207,308,226555,10467,6987,8377,38425,1477,4,0,0,0,0,0,0,0,0,0,0,0,0,0,0,0,0,0,0,0,11,0,0,0,0,0,0,0,0,0,0,0,0,0,0,0,0,0,0,0,0,0,0,0,0,0,1902,2,1,3822,0,0,1377,0,0,0
TN,47117,3417,0,0,0,2665,0,0,0,0,0,0,0,0,0,145,0,2703,0,30,0,0,0,0,0,0,0,185,5963,0,0,0,0,0,1,0,0,0,0,0,0,0,0,0,0,0,0,0,8,0,8,0,0,0,0,0,0,0,0,0,0,0,0,359,0,13762,2539,692,258,137,86956,14217,8497,1988,95672,101,1,0,0,0,0,0,0,0,0,0,0,0,0,0,0,0,0,0,0,0,356,12,0,0,0,0,0,0,0,0,35,0,0,0,0,0,0,0,0,0,0,0,0,0,0,0,3785,0,35,5368,0,0,3239,42,0,0
TN,47119,7291,4,0,13,7802,0,0,1,0,2,0,0,0,0,98,0,3855,1,5,0,0,0,0,0,0,0,45,10661,0,0,0,0,0,0,0,0,0,0,0,0,0,0,0,0,0,0,0,435,28,43,0,0,0,0,0,0,0,0,0,0,0,0,2094,0,21596,7297,2032,672,165,169971,11326,5167,1508,140971,405,2,0,0,0,0,0,0,0,0,0,0,0,0,0,0,0,0,0,0,0,152,0,0,0,0,0,0,0,0,0,41,0,0,0,277,0,0,0,0,0,0,0,0,0,0,0,7443,4,54,11934,0,0,4146,282,0,0
TN,47121,1120,0,0,0,417,8,0,0,0,0,0,0,0,0,61,0,144,14,2,0,0,0,0,0,0,0,6,3506,0,0,0,0,0,0,0,0,0,0,0,0,0,0,0,0,0,0,2,4,0,78,0,0,0,0,0,0,0,0,0,0,0,0,12914,0,5708,900,145,38,40,54335,11987,3862,5878,36172,1259,7,0,0,0,0,0,0,0,0,0,0,0,0,0,0,0,0,0,0,0,84,19,0,0,0,0,0,0,0,0,3,0,0,0,0,0,0,0,0,0,0,0,0,0,0,1,1223,0,3,562,1,0,292,21,0,0
TN,47123,2149,0,0,16,3498,0,0,0,0,0,0,13,0,0,154,0,2399,0,32,0,0,0,0,0,0,0,14,5260,0,0,0,0,0,0,0,0,0,0,0,0,0,0,0,0,0,0,0,12,28,14,0,0,0,0,0,0,0,0,0,0,0,0,10244,0,18473,3074,1025,331,78,225256,46169,14889,11285,72315,171,1,0,0,0,0,0,0,0,0,0,0,0,0,0,0,0,0,0,0,0,496,201,0,1,0,0,0,0,0,0,15,0,0,0,11,0,0,0,0,0,0,0,0,0,0,32,2846,0,31,5940,45,0,3064,244,0,0
TN,47125,14747,2,0,64,8607,0,0,417,0,0,0,0,0,0,127,0,10588,0,0,0,0,5,0,0,0,0,15,10103,0,0,0,0,0,0,0,0,0,0,0,0,0,0,0,0,0,0,0,14,0,8,0,0,0,0,0,0,0,0,0,0,0,0,3605,0,26176,10577,3430,1547,332,176514,5095,10,42,72855,3150,51,0,0,0,0,0,0,0,0,0,0,0,0,0,0,0,0,0,0,0,1,0,0,0,0,0,0,0,0,0,0,0,0,0,0,1,0,0,0,0,0,0,0,0,0,7,14749,2,64,19203,7,0,10716,0,0,0
TN,47127,796,4,0,0,344,0,0,0,0,0,0,0,0,0,49,0,223,0,0,0,0,0,0,0,0,0,0,774,0,0,0,0,0,0,0,0,0,0,0,0,0,0,0,0,0,0,0,0,0,8,0,0,0,0,0,0,0,0,0,0,0,0,743,0,4374,363,161,34,29,39247,1511,201,1493,32947,131,2,0,0,0,0,0,0,0,0,0,0,0,0,0,0,0,0,0,0,0,12,0,0,0,0,0,0,0,0,0,0,0,0,0,0,0,0,0,0,0,0,0,0,0,0,0,808,4,0,567,0,0,284,0,0,0
TN,47129,369,0,0,0,114,0,0,0,0,0,0,0,0,0,8,0,6,0,2,0,0,0,0,0,0,0,0,746,0,0,0,5,0,0,0,0,0,0,0,0,0,0,0,0,0,0,0,0,0,1,0,0,0,0,0,0,0,0,0,0,0,0,928,0,16997,4169,1000,84,621,208050,4226,42391,1292,53259,62,0,0,0,0,0,0,0,0,0,0,0,0,0,0,0,0,0,0,0,0,5,0,0,0,0,0,0,0,0,0,0,0,0,0,0,0,0,0,0,0,0,0,0,0,0,0,374,0,0,120,0,0,19,2,0,0
TN,47131,69816,1077,0,580,88660,0,0,0,2,0,0,0,0,0,141,0,21430,0,0,0,0,0,0,0,0,0,109,12052,0,0,0,0,0,0,0,0,0,0,0,0,0,1,0,0,0,1,0,3,0,387,0,30,0,0,0,0,0,8,0,0,0,0,6518,0,16957,2480,645,460,1,53342,42,0,238,35316,44660,163,0,0,0,0,0,0,0,0,0,0,0,0,0,0,0,0,0,0,0,1,0,0,0,0,0,0,0,0,0,0,0,0,197,0,88,0,0,0,0,0,0,0,0,0,0,69905,1274,580,110375,0,0,21572,0,0,0
TN,47133,1404,0,0,3,734,0,0,13,0,0,0,0,0,0,2,0,140,0,0,0,0,0,0,0,0,0,3,13783,0,0,0,0,0,2,0,0,0,0,0,0,0,0,0,0,0,0,0,0,0,2,0,0,0,0,0,0,0,0,0,0,0,0,1055,0,15221,5807,864,207,328,176784,2135,3105,44,56655,1,0,0,0,0,0,0,0,0,0,0,0,0,0,0,0,0,0,0,0,0,6,0,0,0,0,0,0,0,0,0,0,0,0,0,0,0,0,0,0,0,0,0,0,0,0,0,1410,0,3,874,0,0,148,0,0,0
TN,47135,2380,3,0,20,2437,0,0,0,0,0,0,0,0,0,1,0,95,0,15,0,0,0,0,0,0,0,0,6643,0,0,0,0,0,0,0,0,0,0,0,0,0,0,0,0,0,0,0,4,15,4,0,0,0,0,0,0,0,0,0,0,0,0,5233,0,6346,256,117,32,49,219184,2901,95,2898,18356,3465,102,0,0,0,0,0,0,0,0,0,0,0,0,0,0,0,0,0,0,0,0,0,0,0,0,0,0,0,0,0,0,0,0,0,0,0,0,0,0,0,0,0,0,0,0,0,2380,3,20,2532,0,0,96,15,0,0
TN,47137,508,0,0,0,251,0,0,13,0,0,0,0,0,0,1,0,30,0,0,0,0,0,0,0,0,0,0,1901,0,0,0,0,0,1,0,0,0,0,0,0,0,0,0,0,0,0,0,0,0,7,0,0,0,0,0,0,0,0,0,0,0,0,7452,0,5060,1495,310,51,31,69999,376,4096,12,20132,0,0,0,0,0,0,0,0,0,0,0,0,0,0,0,0,0,0,0,0,0,1,0,0,0,0,0,0,0,0,0,0,0,0,0,0,0,0,0,0,0,0,0,0,0,0,0,509,0,0,281,0,0,32,0,0,0
TN,47139,1287,0,0,0,1163,0,0,0,16,0,0,0,0,0,61,0,1594,1,1,0,0,0,0,0,0,0,0,1045,0,0,0,0,0,0,0,0,0,0,0,0,0,0,0,0,0,0,0,264,0,29,0,0,0,0,0,0,0,0,0,0,0,0,3308,0,10380,1200,209,27,88,162500,55565,9358,5092,28871,324,3,0,0,0,0,0,0,0,0,0,0,0,0,0,0,0,0,0,0,0,646,62,0,0,0,0,0,0,0,0,2,0,0,0,0,0,0,0,0,0,0,0,0,0,0,0,1995,0,2,2757,0,0,2303,63,0,0
TN,47141,1045,0,0,6,662,0,0,2,0,0,0,0,0,0,25,0,313,0,0,0,0,0,0,0,0,0,0,10641,0,0,0,4,0,49,0,0,0,0,0,0,0,0,0,0,0,0,0,29,0,36,0,0,1,0,0,0,0,0,0,0,0,0,1107,0,20813,12016,3983,1237,469,149527,2989,3075,31,49310,14,1,0,0,0,0,0,0,0,0,0,0,0,0,0,0,0,0,0,0,0,245,0,0,0,0,0,0,0,0,0,0,0,0,0,0,0,0,0,0,0,0,0,0,0,0,0,1290,0,6,975,0,0,583,0,0,0
TN,47143,1256,0,0,0,713,12,0,0,1,0,0,0,0,0,19,0,53,6,5,0,0,0,0,0,0,0,0,3335,0,0,0,0,0,0,0,0,0,0,0,0,0,0,0,0,0,0,0,2,0,64,0,0,0,0,0,0,0,0,0,0,0,0,12881,0,9739,3776,1037,387,298,85991,22312,9062,6387,57083,835,9,0,0,0,0,0,0,0,0,0,0,0,0,0,0,0,0,0,0,0,42,0,0,1,0,0,0,0,0,0,8,0,0,0,0,0,0,0,0,0,0,0,0,0,0,0,1298,0,8,766,0,0,122,5,0,0
TN,47145,101,0,0,0,62,5,0,0,1,0,0,0,0,0,70,0,10,0,4,0,0,0,0,0,0,0,0,1487,0,0,0,0,0,0,0,0,0,0,0,0,0,0,0,0,0,0,1,0,0,10,0,0,0,0,0,0,0,0,0,0,0,0,22157,0,19612,9177,3058,1202,272,133576,5272,4255,1848,49647,958,0,0,0,0,0,0,0,0,0,0,0,0,0,0,0,0,0,0,0,0,13,16,0,0,0,0,0,0,0,0,0,0,0,0,0,0,0,0,0,0,0,0,0,0,0,0,130,0,0,72,0,0,93,20,0,0
TN,47147,34018,0,0,3,12726,0,0,742,0,0,0,0,0,0,322,0,31301,0,0,0,0,351,0,0,0,0,32,13239,0,0,0,0,0,0,0,0,0,0,0,0,0,0,0,0,0,0,0,59,0,0,0,0,0,0,0,0,0,0,0,0,0,0,466,0,19379,3163,1122,552,15,91871,1586,52,12,93451,60,64,0,0,0,0,0,0,0,0,0,0,0,0,0,0,0,0,0,0,0,35,0,0,0,0,0,0,0,0,0,1,0,0,0,0,0,0,0,0,0,0,0,0,0,0,318,34053,0,4,44345,318,0,31659,0,0,0
TN,47149,5587,466,0,139,7722,0,0,9,2,0,0,0,0,0,220,0,4268,12,9,0,0,4,0,0,0,0,58,7857,0,0,0,0,0,6,0,0,0,0,0,0,0,0,0,0,0,0,0,86,0,59,0,0,0,0,0,0,0,0,0,0,0,0,5510,0,34075,27149,7741,3048,595,89359,42248,12260,8713,141893,176,21,0,0,0,0,0,0,0,0,0,0,0,0,0,0,0,1,0,0,0,68,0,0,0,0,0,0,0,0,0,2,0,0,0,1,0,0,0,0,0,0,0,0,0,0,0,5655,466,141,11991,0,0,4558,10,0,0
TN,47151,225,0,0,0,76,0,0,0,0,0,0,0,0,0,0,0,0,0,1,0,0,0,0,0,0,0,0,445,0,0,0,0,0,0,0,0,0,0,0,0,0,0,0,0,0,0,0,0,0,1,0,0,0,0,0,0,0,0,0,0,0,0,1431,0,14497,3292,1081,309,457,250517,1025,36421,477,30992,15,0,0,0,0,0,0,0,0,0,0,0,0,0,0,0,0,0,0,0,0,1,0,0,0,0,0,0,0,0,0,0,0,0,0,0,0,0,0,0,0,0,0,0,0,0,0,226,0,0,76,0,0,1,1,0,0
TN,47153,634,0,0,3,308,0,0,0,0,0,0,0,0,0,171,0,32,0,0,0,0,0,0,0,0,0,0,1668,0,0,0,0,0,1,0,0,0,0,0,0,0,0,4,0,0,0,0,0,0,117,0,0,0,0,0,0,0,0,0,0,0,0,432,0,5052,1750,381,93,245,98716,15820,5546,7234,31932,93,0,0,0,0,0,0,0,0,0,0,0,0,0,0,0,0,0,0,0,0,4,0,0,0,0,0,0,0,0,0,0,0,0,0,0,0,0,0,0,0,0,0,0,0,0,0,638,0,3,340,0,0,207,0,0,0
TN,47155,173,0,0,0,323,1,0,0,0,0,0,0,0,0,11,0,107,0,0,0,0,0,0,0,0,0,0,557,0,0,0,0,0,0,0,0,0,0,0,0,0,0,1,0,0,0,0,0,0,65,0,0,0,0,0,0,0,0,0,0,0,0,2642,0,23191,5665,2190,654,521,257828,29132,4104,667,54649,15,3,0,0,0,0,0,0,0,0,0,0,0,0,0,0,0,0,0,0,0,22,0,0,0,0,0,0,0,0,0,0,0,0,0,0,0,0,0,0,0,0,0,0,0,0,0,195,0,0,430,0,0,140,0,0,0
TN,47157,13223,4797,0,275,32432,0,0,0,0,0,0,0,0,0,42,0,8642,0,0,2,0,0,0,0,0,0,1,5824,0,0,0,0,0,0,0,0,0,0,0,0,0,6,0,4,0,0,0,690,0,60,0,127,0,0,0,0,0,0,0,0,0,0,24648,0,78444,71845,43613,17689,1462,54401,3840,1023,25041,57360,54320,680,0,0,0,0,0,0,0,0,0,0,0,0,0,0,0,0,0,0,0,9,0,0,0,0,0,0,0,0,0,340,0,0,784,0,4,0,0,0,0,0,0,0,0,0,0,13236,5581,615,41862,0,0,9033,0,0,0
TN,47159,1588,3,0,1,1074,0,0,90,0,0,0,0,0,0,19,0,1254,0,0,0,0,0,0,0,0,0,1,3678,0,0,0,0,0,0,0,0,0,0,0,0,0,0,0,0,0,0,0,179,0,4,0,0,0,0,0,0,0,0,0,0,0,0,6773,0,10315,1932,409,212,238,106514,9131,2300,1106,61288,97,4,0,0,0,0,0,0,0,0,0,0,0,0,0,0,0,1,0,0,0,3,0,0,0,0,0,0,0,0,0,0,0,0,0,0,0,0,0,0,0,0,0,0,0,0,0,1591,3,1,2328,0,0,1276,0,0,0
TN,47161,2825,1,0,10,2286,0,0,122,0,0,0,0,0,0,16,0,796,0,0,0,0,0,0,0,0,0,0,1173,0,0,0,0,0,0,0,0,0,0,0,0,0,0,0,0,0,0,0,0,0,36,0,0,0,0,0,0,0,0,0,0,0,0,21300,0,6281,458,175,37,39,237087,11357,0,45,24580,6972,46,0,0,0,0,0,0,0,0,0,0,0,0,0,0,0,0,0,0,0,0,0,0,0,0,0,0,0,0,0,0,0,0,0,0,0,0,0,0,0,0,0,0,0,0,1,2825,1,10,3083,1,0,812,0,0,0
TN,47163,779,0,0,0,17,0,0,4,0,0,0,0,0,0,10,0,2,445,8,0,0,0,0,0,0,0,41,1252,0,0,0,0,0,0,0,0,0,0,0,0,0,0,2,0,0,0,0,0,0,0,0,0,0,0,0,0,0,0,0,0,0,0,9285,0,28029,16246,4574,2307,149,128592,2043,247,153,80878,2,0,0,0,0,0,0,0,0,0,0,0,0,0,0,0,0,0,0,0,0,11,0,0,0,0,0,0,0,0,0,0,10,0,0,0,0,0,0,0,0,0,0,0,0,0,0,800,0,0,19,10,0,23,8,0,0
TN,47165,7816,2,0,1,6287,0,0,178,0,0,0,0,0,0,115,0,7941,0,0,0,0,41,0,0,0,0,4,5636,0,0,0,0,0,1,0,0,0,0,0,0,0,0,0,0,0,0,1,6,2,2,0,0,0,0,0,0,0,0,0,0,0,0,8991,0,30193,9423,2884,1092,53,144678,8034,1710,25,112375,19,46,0,0,0,0,0,0,0,0,0,0,0,0,0,0,0,0,0,0,0,12,0,0,0,0,0,0,0,0,0,0,2,0,0,0,0,0,0,0,0,0,0,0,0,0,145,7830,2,1,14373,147,0,8068,0,0,0
TN,47167,39127,12439,0,332,68333,0,0,0,0,0,0,0,0,0,32,0,19930,0,0,0,0,0,0,0,0,0,4,9111,0,0,0,0,0,0,0,0,0,0,0,0,0,0,0,0,0,0,0,33,0,425,0,2,0,0,0,0,0,0,0,0,0,0,13243,0,12636,5326,881,285,268,35417,385,30,23590,30296,29968,173,0,0,0,0,0,0,0,0,0,0,0,0,0,0,0,0,0,0,0,5,1,0,0,0,0,0,0,0,0,0,0,0,489,0,5,0,0,0,0,0,0,0,0,0,0,39138,12928,332,88757,0,0,19967,1,0,0
TN,47169,903,0,0,1,1168,0,0,44,0,0,0,0,0,0,2,0,651,0,0,0,0,0,0,0,0,0,0,1217,0,0,0,0,0,0,0,0,0,0,0,0,0,0,0,0,0,0,0,0,0,0,0,0,0,0,0,0,0,0,0,0,0,0,1572,0,3510,201,120,98,5,38683,1984,544,73,23860,2,8,0,0,0,0,0,0,0,0,0,0,0,0,0,0,0,0,0,0,0,0,0,0,0,0,0,0,0,0,0,0,0,0,0,0,0,0,0,0,0,0,0,0,0,0,0,903,0,1,1819,0,0,653,0,0,0
TN,47171,30,0,0,0,0,0,0,0,0,0,0,0,0,0,0,0,0,0,0,0,0,0,0,0,0,0,0,125,0,0,0,0,0,0,0,0,0,0,0,0,0,0,5,0,0,0,0,0,0,0,0,0,0,0,0,0,0,0,0,0,0,0,97,0,5821,1779,475,143,58,100750,1849,354,526,7343,0,0,0,0,0,0,0,0,0,0,0,0,0,0,0,0,0,0,0,0,0,0,0,0,0,0,0,0,0,0,0,0,0,0,0,0,0,0,0,0,0,0,0,0,0,0,0,30,0,0,0,0,0,0,0,0,0
TN,47173,20,0,0,0,4,0,0,0,0,0,0,0,0,0,0,0,2,0,0,0,0,0,0,0,0,0,3,149,0,0,0,0,0,0,0,0,0,0,0,0,0,0,0,0,0,0,0,0,0,3,0,0,0,0,0,0,0,0,0,0,0,0,15904,0,9086,2437,401,70,306,86970,2890,5090,4,34839,6,0,0,0,0,0,0,0,0,0,0,0,0,0,0,0,0,0,0,0,0,21,0,0,0,0,0,0,0,0,0,0,0,0,0,0,0,0,0,0,0,0,0,0,0,0,0,41,0,0,6,0,0,23,0,0,0
TN,47175,335,0,0,0,172,0,0,0,0,0,0,0,0,0,23,0,162,0,0,0,0,0,0,0,0,0,0,1217,0,0,0,0,0,1,0,0,0,0,0,0,0,0,0,0,0,0,0,0,0,11,0,0,1,0,0,0,0,0,0,0,0,0,1252,0,5524,1228,210,11,141,102461,9318,5219,6965,41376,30,0,0,0,0,0,0,0,0,0,0,0,0,0,0,0,0,0,0,0,0,71,0,0,0,0,0,0,0,0,0,0,0,0,0,0,0,0,0,0,0,0,0,0,0,0,4,406,0,0,338,4,0,256,0,0,0
TN,47177,7267,0,0,31,9728,0,0,0,0,0,0,0,0,0,189,0,3458,0,0,0,0,0,0,0,0,0,0,3374,0,0,0,0,0,2391,0,0,4,0,0,0,0,0,0,0,0,0,0,12,0,57,0,0,0,0,0,0,0,0,0,0,0,0,1552,0,14727,4755,1368,378,196,106943,1417,1125,3369,114961,462,4,0,0,0,0,0,0,0,0,0,0,0,0,0,0,0,0,0,0,0,35,3,0,0,0,0,0,0,0,0,0,0,0,0,0,0,0,0,0,0,0,0,0,0,0,0,7305,0,31,13186,0,0,3682,3,0,0
TN,47179,2596,0,0,0,587,0,0,8,0,0,0,0,0,0,47,0,0,24,0,0,0,0,0,0,0,0,24,5797,0,0,0,0,0,0,0,0,0,0,0,0,0,0,87,0,0,0,0,0,0,0,0,0,0,0,0,0,0,0,0,0,0,0,1614,0,19244,11001,2990,1283,38,66625,431,152,223,98220,1,0,0,0,0,0,0,0,0,0,0,0,0,0,0,0,0,0,5,0,0,15,0,0,2,0,0,0,0,0,0,0,0,0,0,0,0,0,0,0,0,0,0,0,0,0,0,2611,0,0,587,0,0,62,0,0,0
TN,47181,2385,2,0,7,2169,0,0,1,0,33,0,0,0,0,4,0,701,0,0,0,0,0,0,0,0,0,0,4614,0,0,0,0,0,0,0,0,0,0,0,0,0,0,0,0,0,0,0,18,0,5,0,0,0,0,0,0,0,0,0,0,0,0,1374,0,19491,1766,355,38,165,278762,38601,977,27401,91409,470,29,0,0,0,0,0,0,0,0,0,0,0,0,0,0,0,0,0,0,0,1,0,0,0,0,0,0,0,0,0,0,0,0,0,0,0,0,0,0,0,0,0,0,0,0,0,2386,2,7,2870,0,0,706,0,0,0
TN,47183,58819,1025,0,539,57772,0,0,0,0,0,0,0,0,0,84,0,33570,0,0,0,0,0,0,0,0,0,44,9819,0,0,0,0,0,0,0,0,0,0,0,0,0,0,0,0,0,1,0,23,0,880,0,0,0,0,0,0,0,0,0,0,0,0,2013,0,19693,1666,578,300,81,91548,3903,0,421,42501,46337,75,0,0,0,0,0,0,0,0,0,0,0,0,0,0,0,0,0,0,0,42,2,0,0,0,0,0,0,0,0,0,0,0,4,7,354,0,0,0,0,0,0,0,0,0,256,59217,1029,539,91963,256,0,33696,9,0,0
TN,47185,2523,0,0,46,1622,0,0,13,0,0,0,0,0,0,164,0,962,0,0,0,0,0,0,0,0,0,0,6753,0,0,0,3,0,4,0,0,0,0,0,0,0,0,0,0,0,0,0,0,0,63,0,0,0,0,0,0,0,0,0,0,0,0,2161,0,12959,6511,1428,266,178,114284,6307,3989,1388,81024,9,0,0,0,0,0,0,0,0,0,0,0,0,0,0,0,0,0,0,0,0,155,0,0,0,0,0,0,0,0,0,0,0,0,0,0,0,0,0,0,0,0,0,0,0,0,0,2678,0,46,2584,0,0,1281,0,0,0
TN,47187,2919,0,0,0,4121,0,0,4,0,1,0,0,0,0,36,0,1574,0,1,0,0,0,0,0,0,0,18,5035,0,0,0,0,0,0,0,0,0,0,0,0,0,0,0,0,0,0,0,22,0,3,0,0,0,0,0,0,0,0,0,0,0,0,476,0,30009,15422,4490,941,57,172465,8775,4901,976,121305,26,1,0,0,0,0,0,0,0,0,0,0,0,0,0,0,0,0,0,0,0,30,0,0,0,0,0,0,0,0,0,2,0,0,0,1,0,0,0,0,0,0,0,0,0,0,0,2949,0,2,5696,0,0,1642,2,0,0
TN,47189,776,5,0,43,1172,0,0,18,0,0,0,0,0,0,46,0,841,0,0,0,0,0,0,0,0,0,10,2468,0,0,0,0,0,1,0,0,0,0,0,0,0,0,0,0,0,0,0,2,0,8,0,0,0,0,0,0,0,0,0,0,0,0,8505,0,24292,10642,3236,1246,483,104362,31077,9031,7215,167657,24,32,0,0,0,0,0,0,0,0,0,0,0,0,0,0,0,0,0,0,0,9,0,0,0,0,0,0,0,0,0,0,0,0,0,26,0,0,0,0,0,0,0,0,0,0,1,785,5,43,2040,1,0,896,26,0,0
TX,48001,71,159,2,47,3,0,0,0,0,0,0,0,0,0,115,0,0,0,24,0,0,0,0,0,0,0,0,10628,0,0,0,0,0,0,0,0,0,0,0,0,0,2,0,0,0,0,0,0,0,558,0,0,0,0,0,0,0,0,0,0,0,0,7447,0,26185,17163,1571,827,232,48837,92181,65100,64449,210689,141775,1836,0,0,0,0,0,0,0,0,0,0,0,0,0,0,0,0,0,0,0,0,0,0,0,0,0,0,0,0,0,0,0,0,0,0,0,0,0,0,0,0,0,0,0,0,0,71,159,47,3,0,0,115,24,0,0
TX,48003,2,12617,0,92,0,0,218,0,0,0,0,0,0,0,3627,0,0,5,0,0,0,0,0,0,0,0,24,3583,0,0,0,0,0,2,0,0,0,0,0,0,0,0,0,0,0,0,0,0,422,20415,0,0,0,0,0,0,0,24,0,0,0,0,1499,0,15942,2208,501,123,2175,32,3,0,604711,284071,55,79,0,17,0,0,0,0,0,0,0,0,0,0,0,0,0,0,0,0,0,0,0,0,0,0,0,0,0,0,0,296,0,7916,0,0,0,0,0,0,0,0,0,0,0,0,0,2,20533,388,0,0,0,11839,0,0,0
TX,48005,1,0,1,0,0,0,12,0,0,0,0,0,0,0,1,0,0,0,0,0,0,0,0,0,0,0,0,229,0,0,0,0,0,0,0,0,0,0,0,0,0,0,0,1,0,0,0,3,0,0,0,0,0,0,0,0,0,0,0,0,0,0,34027,0,24869,14978,3218,1622,217,2758,169489,15282,61507,87843,130650,6560,0,0,0,0,0,0,0,0,0,0,0,0,0,0,0,0,0,0,0,0,0,0,0,0,0,0,0,0,0,0,0,0,0,0,0,0,0,0,0,0,0,0,0,0,0,1,0,0,0,0,0,1,0,0,0
TX,48007,54,1382,6,1740,0,0,0,0,0,0,0,0,0,0,40,0,0,0,0,0,0,0,0,0,0,0,0,860,0,0,0,0,0,6,0,0,0,0,0,0,0,0,0,0,0,12,0,0,0,257,0,0,0,0,0,0,0,0,0,0,0,8,4298,0,7526,4484,1736,401,2944,10917,1251,0,20465,29927,17771,48871,0,0,0,0,0,0,0,0,0,0,0,0,0,0,0,0,0,0,0,0,0,0,0,0,0,0,0,0,0,0,0,0,0,0,0,0,0,0,0,0,0,0,0,0,0,54,1382,1740,0,0,0,40,0,0,0
TX,48009,0,55,0,787,0,0,0,0,0,0,0,189,0,0,104867,0,0,0,420,0,0,913,0,0,0,0,0,570,0,0,0,0,0,0,0,0,0,0,0,0,0,0,0,0,0,9,0,0,0,1007,0,0,0,0,0,0,0,1,0,0,0,0,7046,0,28372,2511,640,125,1761,7742,360,0,70606,363648,66,18,0,764,0,0,0,0,0,0,0,0,0,0,0,0,0,0,0,0,0,0,0,0,0,0,0,0,0,0,0,26,0,0,0,0,0,0,0,0,0,0,0,0,0,0,0,0,55,813,0,189,0,104893,420,0,0
TX,48011,1308,5350,0,19101,0,4,160,0,0,0,0,0,0,1,65241,0,0,5,0,0,0,83,0,0,0,0,326,1,0,0,0,0,0,0,0,0,0,0,0,0,0,0,0,0,0,0,0,0,0,12902,0,0,0,0,0,0,0,2,0,0,0,0,250,0,13946,1216,68,12,1746,693,26909,2,166995,267086,6,179,0,2,0,0,0,0,0,0,0,0,0,0,0,0,0,0,0,0,0,0,0,0,0,0,0,0,0,0,0,1150,0,94,0,0,0,0,0,0,0,0,0,0,0,0,0,1308,5444,20251,0,0,0,66485,0,0,0
TX,48013,3103,3242,0,6474,0,11,2692,0,0,0,0,0,0,392,2344,0,0,309,7949,2,0,0,0,0,0,0,0,13467,0,0,0,0,1,16,0,0,0,0,0,0,0,0,0,0,0,0,0,23,0,8636,0,32,0,0,0,0,0,0,0,0,0,0,781,0,28252,15223,2173,239,1617,24794,163,247,413823,246835,7812,133,0,29,0,0,0,0,0,0,0,0,0,0,0,0,0,0,0,0,0,1,0,0,0,0,0,0,0,0,0,0,0,0,0,0,0,0,0,0,0,0,0,0,0,0,0,3104,3242,6474,0,0,0,2345,7949,0,0
TX,48015,5809,2041,723,2529,46,0,0,0,0,0,0,0,0,0,203,0,2,0,62,0,0,0,0,0,0,0,0,13177,0,0,0,0,0,2,0,0,0,0,0,0,0,0,0,0,0,37,0,133,0,7417,0,0,0,0,0,0,0,6,0,0,0,33,2072,0,22739,2732,804,202,221,54789,13906,1422,8178,245211,35396,243,0,0,0,0,0,0,0,0,0,0,0,0,0,0,0,0,0,0,0,0,0,0,0,0,0,0,0,0,0,0,0,0,0,0,0,0,0,0,0,0,0,0,0,0,0,5809,2041,2529,48,0,0,205,62,0,0
TX,48017,1445,85694,0,21488,0,1682,337,0,0,0,0,63,0,0,45808,0,0,6,0,0,0,0,0,0,0,0,1148,8833,0,0,0,0,0,0,0,0,0,0,0,0,0,39,0,0,0,0,0,560,0,7654,0,0,0,0,0,0,0,0,0,0,0,0,117,0,29264,1428,244,111,413,3,0,0,19161,267602,4,1537,0,6966,0,0,0,0,0,0,0,0,0,0,0,0,0,0,0,0,0,509,0,0,0,0,0,0,0,0,4124,18729,0,4593,0,0,0,0,0,0,0,0,0,0,0,0,0,1954,90287,44341,0,4187,0,69639,0,0,0
TX,48019,53,42,0,350,0,4,0,0,0,0,0,0,0,6,236,0,0,0,237,2,0,0,0,0,0,0,0,985,0,0,0,0,0,0,0,0,0,0,0,0,0,0,0,0,0,0,0,2,0,976,0,0,0,0,0,0,0,0,0,0,0,0,2185,0,22424,1539,287,63,37,8562,228846,0,207794,35765,29,1,0,0,0,0,0,0,0,0,0,0,0,0,0,0,0,0,0,0,0,1,4,0,0,0,0,0,0,0,0,0,0,0,0,0,0,0,0,0,0,0,0,0,0,0,0,58,42,350,0,0,0,237,241,0,0
TX,48021,2048,109,0,1365,1,0,0,0,0,0,0,0,0,11,1444,0,0,12,1926,0,0,0,0,0,0,0,0,13481,0,0,0,0,0,0,0,0,0,0,0,0,0,0,0,0,0,0,0,215,0,482,0,0,0,0,0,0,0,739,0,0,0,0,3087,0,38544,5099,1321,350,488,85636,72862,54724,99691,163663,25920,29,0,0,0,0,0,0,0,0,0,0,0,0,0,0,0,0,0,0,0,0,0,0,0,0,0,0,0,0,0,0,0,0,0,0,0,0,0,0,0,0,0,0,0,0,0,2048,109,1365,1,0,0,1444,1926,0,0
TX,48023,0,2032,0,1331,0,0,1,0,0,0,0,5,0,0,139983,0,0,0,554,0,0,3,0,0,0,0,27,240,0,0,0,0,0,10,0,0,0,0,0,0,0,0,0,0,0,2,0,0,0,2742,0,0,0,0,0,0,0,2,0,0,0,0,16022,0,22002,1507,240,96,3418,9342,11740,17,89512,275513,51,26,0,3,0,0,0,0,0,0,0,0,0,0,0,0,0,0,0,0,0,0,0,0,0,0,0,0,0,0,0,13,0,221,0,0,0,0,0,0,0,0,0,0,0,0,0,0,2253,1344,0,5,0,140217,554,0,0
TX,48025,17551,7006,1,29374,0,1,2,0,0,0,0,0,0,793,199,0,0,0,101,0,0,0,0,0,0,0,0,18235,0,0,0,0,0,0,0,0,0,0,0,0,0,0,0,0,0,149,0,3,0,961,0,0,0,0,0,0,0,0,0,0,0,0,64,0,23254,6842,1870,312,352,21022,201,34,234250,194157,6670,19,0,1,0,0,0,0,0,0,0,0,0,0,0,0,0,0,0,0,0,0,0,0,0,0,0,0,0,0,0,6,0,0,0,0,0,0,0,0,0,0,0,0,0,0,0,17551,7006,29380,0,0,0,205,101,0,0
TX,48027,69793,3137,0,19793,2,66,0,0,0,0,0,0,0,0,31746,0,0,8,6560,0,0,0,0,0,0,0,97,33430,0,0,0,0,0,0,0,0,0,1,0,0,0,0,0,0,0,2,7,0,0,1726,0,0,0,0,0,0,0,302,0,0,0,0,19667,0,51603,19535,9666,4836,1172,53686,73948,18,18801,255738,20981,3,0,8,0,0,0,0,0,0,0,0,0,0,0,0,0,0,0,0,0,14,0,0,0,0,0,0,0,0,0,85,0,0,0,0,0,0,0,0,0,0,0,0,0,0,0,69807,3137,19878,2,0,0,31845,6560,0,0
TX,48029,9793,1263,0,13305,0,221,76,0,0,0,1,0,0,3143,5641,0,0,11,7496,0,0,0,0,0,0,0,0,11684,0,0,0,0,0,48,0,0,0,0,0,0,0,0,0,0,0,2,0,141,0,4299,0,0,0,0,0,0,0,20,0,0,0,0,6942,0,124236,89252,52189,28300,3163,46003,118252,1032,160564,97959,18726,74,0,0,0,0,0,0,0,0,0,0,0,0,0,0,0,0,0,0,0,3,0,0,0,0,0,0,0,0,0,1,0,3,0,0,0,0,0,0,0,0,0,0,0,0,0,9796,1266,13306,0,0,0,5648,7496,0,0
TX,48031,60,3,0,291,0,0,0,0,0,0,0,0,0,5,217,0,0,0,296,0,0,0,0,0,0,0,0,790,0,0,0,0,0,0,0,0,0,0,0,0,0,0,0,0,0,0,0,7,0,128,0,0,0,0,0,0,0,1,0,0,0,0,609,0,15354,1494,412,91,34,27970,123782,1,234958,50011,55,0,0,0,0,0,0,0,0,0,0,0,0,0,0,0,0,0,0,0,0,0,0,0,0,0,0,0,0,0,0,0,0,0,0,0,0,0,0,0,0,0,0,0,0,0,0,60,3,291,0,0,0,217,296,0,0
TX,48033,2,51421,0,287,0,0,0,0,0,0,0,0,0,0,9975,0,0,113,0,0,0,0,0,0,0,0,3,565,0,0,0,0,0,10,0,0,0,0,0,0,0,0,0,0,0,0,0,0,0,1315,0,0,0,0,0,0,0,10,0,0,0,0,474,0,15318,716,19,4,1173,390,209,2,302409,195101,72,8,0,0,0,0,0,0,0,0,0,0,0,0,0,0,0,0,0,0,0,0,0,0,0,0,0,0,0,0,0,13,0,260,0,0,0,0,0,0,0,0,0,0,0,0,0,2,51681,300,0,0,0,10248,0,0,0
TX,48035,887,88,0,4436,1,177,0,0,0,0,0,1,0,0,7779,0,0,0,8918,1,0,0,0,0,0,0,293,7041,0,0,0,0,0,0,0,0,0,1,0,0,0,0,0,0,0,0,0,0,0,682,0,0,0,0,0,0,0,373,0,0,0,0,10962,0,31018,2456,416,130,437,82696,102410,0,946,369428,10051,2,0,3,0,0,0,0,0,0,0,0,0,0,0,0,0,0,0,0,0,0,0,0,0,0,0,0,0,0,0,22,0,1,0,0,0,0,0,0,0,0,0,0,0,0,0,887,89,4458,1,1,0,7802,8918,0,0
TX,48037,11517,0,9,1958,4724,0,0,0,0,0,0,0,0,0,2731,0,2936,0,0,0,0,0,0,0,0,0,2,33530,0,0,0,0,0,0,0,0,0,0,0,0,0,0,0,0,0,0,173,10,0,90,0,0,0,0,0,0,0,7,0,0,0,9,25763,0,24058,33960,5301,2352,767,111761,100064,9886,32391,138476,48009,112,0,0,0,0,0,0,0,0,0,0,0,0,0,0,0,0,0,0,0,0,0,0,0,0,0,0,0,0,0,0,0,0,0,0,0,0,0,0,0,0,0,0,0,0,0,11517,0,1958,7660,0,0,5667,0,0,0
TX,48039,16755,5225,18759,27717,3587,0,0,0,0,0,0,0,0,0,87,0,3,0,0,0,0,0,0,0,0,0,194,14458,0,0,0,0,0,6,0,0,0,315,53,0,0,0,0,0,0,1,12,1079,0,62984,0,0,0,0,0,0,0,0,0,0,0,326,29401,0,53216,30935,14370,6162,3170,9724,6785,488,5493,242788,229263,139186,0,0,0,0,0,0,0,0,0,0,0,0,0,0,0,0,160,0,0,0,0,0,0,0,0,0,0,0,0,0,0,0,0,0,0,0,0,0,0,0,0,0,0,0,0,16755,5225,27717,3590,0,0,90,0,0,0
TX,48041,6338,11887,6,3045,85,1,0,0,0,0,0,0,0,0,1468,0,1,0,96,0,0,0,0,0,0,0,0,4245,0,0,0,0,0,0,0,0,0,0,0,0,0,0,0,0,0,0,0,851,0,613,0,0,0,0,0,0,0,0,0,0,0,7,3130,0,23191,12370,8693,2197,255,74294,2511,8779,15004,158357,40617,246,0,0,0,0,0,0,0,0,0,0,0,0,0,0,0,0,0,0,0,0,0,0,0,0,0,0,0,0,0,0,0,0,0,0,0,0,0,0,0,0,0,0,0,0,0,6338,11887,3045,86,0,0,1469,96,0,0
TX,48043,0,5,0,0,0,0,0,0,0,0,0,0,0,0,3,0,0,0,0,0,0,0,0,0,0,0,11,37,0,0,0,0,0,0,0,0,0,0,0,0,0,0,0,0,0,0,0,0,0,28,0,0,0,0,0,0,0,0,0,0,0,0,16,0,6157,2136,163,18,47180,503,66442,0,3744815,92975,2788,51,0,0,0,0,0,0,0,0,0,0,0,0,0,0,0,0,0,0,0,0,0,0,0,0,0,0,0,0,0,0,0,0,0,0,0,0,0,0,0,0,0,0,0,0,0,0,5,0,0,0,0,3,0,0,0
TX,48045,258,37259,0,6904,0,1,16,0,0,0,0,0,0,0,56290,0,0,45,0,50,0,0,0,0,0,0,13,9,0,0,0,0,0,0,0,0,0,0,0,0,0,0,0,0,0,0,0,0,0,5629,0,0,0,0,0,0,0,7,0,0,0,0,292,0,16232,654,48,11,5312,5175,23068,15,231789,184066,36,779,0,73,0,0,0,0,0,0,0,0,0,0,0,0,0,0,0,0,0,0,0,0,0,0,0,0,0,0,0,523,0,2465,0,0,0,0,0,0,0,0,0,0,0,0,0,258,39724,7427,0,0,0,59278,0,0,0
TX,48047,169,559,0,492,0,59,0,0,0,0,0,0,0,0,2,0,0,0,0,0,0,0,0,0,0,0,0,1151,0,0,0,0,0,0,2,0,0,0,0,0,0,0,0,0,0,8,0,0,0,203,0,0,0,0,0,0,9,0,0,0,0,0,1015,0,24339,2957,487,63,1198,27079,107,1,196383,346946,459,237,0,0,0,0,0,0,0,0,0,0,0,0,0,0,0,0,0,0,0,0,0,0,0,0,0,0,0,0,0,3,0,0,0,0,0,0,0,0,0,0,0,0,0,0,0,169,559,495,0,0,0,5,0,0,0
TX,48049,149,636,0,6097,0,2,356,0,0,0,0,124,0,0,18623,0,0,69,8539,195,0,0,0,9,0,0,1,14175,0,0,0,0,0,3,0,0,0,0,0,0,0,0,0,0,0,0,0,4,0,10019,0,4,0,0,0,0,0,350,0,0,0,0,6556,0,46067,4356,1458,884,70,18518,50555,0,336862,87273,319,0,0,47,0,0,0,0,0,0,0,0,0,0,0,0,0,0,0,0,0,3,0,0,0,0,0,0,0,0,7,109,0,4,0,0,0,0,0,0,0,0,0,0,0,0,0,152,640,6213,0,131,0,18739,8539,0,0
TX,48051,16544,13402,6,4290,426,0,0,0,0,0,0,0,0,0,3865,0,1,0,1876,0,0,0,0,0,0,0,32,9925,0,0,0,0,0,0,0,0,0,0,0,0,0,0,0,0,0,3,0,389,0,836,0,0,0,0,0,0,0,14,0,0,0,4,6135,0,16859,2515,595,182,143,106404,6721,13413,33955,172107,21811,869,0,0,0,0,0,0,0,0,0,0,0,0,0,0,0,0,0,0,0,0,0,0,0,0,0,0,0,0,0,0,0,0,0,0,0,0,0,0,0,0,0,0,0,0,0,16544,13402,4290,427,0,0,3866,1876,0,0
TX,48053,41,2,0,345,0,0,0,0,0,0,0,0,0,4,202,0,0,0,1017,0,0,0,0,0,0,0,0,593,0,0,0,0,0,0,0,0,0,0,0,0,0,0,0,0,0,0,0,0,0,506,0,0,0,0,0,0,0,2,0,0,0,0,13338,0,32825,3931,1208,451,449,57923,198617,0,199877,141791,352,0,0,0,0,0,0,0,0,0,0,0,0,0,0,0,0,0,0,0,0,0,0,0,0,0,0,0,0,0,0,5,0,0,0,0,0,0,0,0,0,0,0,0,0,0,0,41,2,350,0,0,0,207,1017,0,0
TX,48055,6941,3269,0,7424,0,0,0,0,0,0,0,0,0,508,3775,0,0,77,1658,0,0,0,0,0,0,0,0,7836,0,0,0,0,0,0,0,0,0,0,0,0,0,0,0,0,0,10,0,13,0,1017,0,0,0,0,0,0,0,32,0,0,0,0,622,0,35234,1920,489,190,81,51335,5637,15529,104095,92914,9420,4,0,0,0,0,0,0,0,0,0,0,0,0,0,0,0,0,0,0,0,0,0,0,0,0,0,0,0,0,0,0,0,0,0,0,0,0,0,0,0,0,0,0,0,0,0,6941,3269,7424,0,0,0,3775,1658,0,0
TX,48057,34043,9169,1696,17528,818,0,0,0,0,0,0,0,0,0,1453,0,0,0,1,0,0,0,0,0,0,0,0,2438,0,0,0,0,0,0,0,0,0,0,0,0,0,0,0,0,0,1,0,94,0,950,0,0,0,0,0,0,0,0,0,0,0,1048,20418,0,15219,4722,2074,911,2160,1007,478,2,17826,111760,20846,72961,0,0,0,0,0,0,0,0,0,0,0,0,0,0,0,0,0,0,0,0,0,0,0,0,0,0,0,0,0,0,0,0,0,0,0,0,0,0,0,0,0,0,0,0,0,34043,9169,17528,818,0,0,1453,1,0,0
TX,48059,2,420,0,3424,0,0,0,0,0,0,0,265,0,62,47221,0,0,2,3204,12,0,0,0,0,0,0,1,2237,0,0,0,0,0,1,0,0,0,0,0,0,0,0,0,0,0,0,0,6,0,7059,0,4,0,0,0,0,0,21,0,0,0,0,775,0,36128,1917,436,123,8,14866,33732,16,351207,72999,111,0,0,38,0,0,0,0,0,0,0,0,0,0,0,0,0,0,0,0,0,0,0,0,0,0,0,0,0,0,38,454,0,20,0,0,0,0,0,0,0,0,0,0,0,0,0,2,440,3916,0,303,0,47695,3204,0,0
TX,48061,16304,36908,2,151310,2,57,0,0,0,0,0,0,0,0,2,0,0,0,0,0,0,0,0,0,0,0,24,27218,0,0,0,0,1,1043,10588,0,0,0,1,0,0,8,0,0,0,304,0,0,0,12062,0,0,0,0,0,0,2113,0,0,0,0,24,12255,0,32540,38333,21733,5809,32196,4131,636,3,82840,36590,15427,63162,0,0,0,0,0,0,0,136,0,0,0,0,0,0,0,0,0,0,0,0,0,0,0,0,0,0,0,0,0,0,0,0,0,0,0,0,0,0,0,0,0,0,0,0,0,16304,36908,151310,2,0,0,2,0,0,0
TX,48063,106,2,19,66,103,0,0,0,0,0,0,0,0,0,33,0,12,0,0,0,0,0,0,0,0,0,0,368,0,0,0,0,0,0,0,0,0,0,0,0,0,0,0,0,0,0,0,0,0,5,0,0,0,0,0,0,0,0,0,0,0,0,4297,0,2754,5727,451,159,16,43808,7549,68,5037,46767,12676,22,0,0,0,0,0,0,0,0,0,0,0,0,0,0,0,0,0,0,0,0,0,0,0,0,0,0,0,0,0,0,0,0,0,0,0,0,0,0,0,0,0,0,0,0,0,106,2,66,115,0,0,45,0,0,0
TX,48065,16618,28909,0,38517,114,3,4,0,0,0,0,0,0,262,79133,0,0,1,0,0,0,0,0,0,0,0,214,82,0,0,0,0,0,0,0,0,0,0,0,0,0,0,0,0,0,0,0,0,0,30733,0,0,0,0,0,0,0,0,0,0,0,0,1457,0,20683,3682,431,108,73,1,0,0,69351,297746,2,112,0,184,0,0,0,0,0,0,0,0,0,0,0,0,0,0,0,0,0,97,0,0,0,0,0,0,0,0,0,2792,18,103,0,0,0,0,0,0,0,0,0,0,0,0,0,16733,29012,41309,114,18,0,82125,0,0,0
TX,48067,54,0,1,11,13,0,0,0,0,0,0,0,0,0,63,0,31,0,0,0,0,0,0,0,0,0,0,763,0,0,0,0,0,0,0,0,0,0,0,0,0,0,0,0,0,0,3,0,0,1,0,0,0,0,0,0,0,2,0,0,0,0,20637,0,20736,13340,1512,497,36,89415,193077,78512,64425,79990,51402,77,0,0,0,0,0,0,0,0,0,0,0,0,0,0,0,0,0,0,0,0,0,0,0,0,0,0,0,0,0,0,0,0,0,0,0,0,0,0,0,0,0,0,0,0,0,54,0,11,44,0,0,94,0,0,0
TX,48069,60818,33361,0,34157,0,12,0,0,0,0,0,4,0,0,146319,0,0,227,0,0,0,0,0,0,0,0,1977,3062,0,0,0,0,0,0,0,0,0,0,0,7,0,0,0,0,0,0,0,3,3,5279,0,0,0,0,0,0,0,29,0,0,0,0,307,0,28562,1686,209,88,115,85,0,1,90,246637,0,190,0,789,0,0,0,0,0,0,0,0,0,0,0,0,0,0,0,0,0,2344,12,0,0,0,0,0,0,0,20,8859,0,312,0,0,0,0,0,0,0,0,0,0,0,0,0,63174,33673,43036,0,24,0,157834,12,0,0
TX,48071,173,12,27245,6919,1897,0,0,0,0,0,0,0,0,0,972,0,0,0,0,0,0,0,0,0,0,0,0,4242,0,0,0,1,0,0,0,0,0,0,0,0,0,0,0,0,0,2,0,669,0,11526,0,0,0,0,2,0,0,0,0,0,0,324,21298,0,15876,15353,3410,1542,483,1189,1613,1099,1102,144466,49858,91800,0,0,0,0,0,0,0,0,0,0,0,0,0,0,0,0,0,0,0,0,0,0,0,0,0,0,0,0,0,0,0,0,0,0,0,0,0,0,0,0,0,0,0,0,0,173,12,6919,1897,0,0,972,0,0,0
TX,48073,5,16,0,1,2,0,8,0,0,0,0,0,0,0,8,0,0,0,13,0,0,0,0,0,0,0,0,10446,0,0,0,0,0,0,0,0,0,0,0,0,0,14,0,0,0,0,0,2,0,11,0,0,0,0,0,0,0,0,0,0,0,0,6744,0,29854,14221,1487,646,199,63081,156721,61470,69131,160928,104572,108,0,0,0,0,0,0,0,0,0,0,0,0,0,0,0,0,0,0,0,0,0,0,0,0,0,0,0,0,0,0,0,0,0,0,0,0,0,0,0,0,0,0,0,0,0,5,16,1,2,0,0,8,13,0,0
TX,48075,6,41599,0,2482,0,1,1,0,0,0,0,0,0,224,58157,0,0,62,9,0,0,0,0,0,0,0,127,104,0,0,0,0,0,1,0,0,0,0,0,0,0,0,0,0,0,0,0,0,0,6500,0,0,0,0,0,0,0,0,0,0,0,0,175,0,15180,2093,179,80,8554,6,372,3189,310883,2043,298,0,0,0,0,0,0,0,0,0,0,0,0,0,0,0,0,0,0,0,0,0,0,0,0,0,0,0,0,0,0,260,0,4126,0,0,0,0,0,0,0,0,0,0,0,0,0,6,45725,2742,0,0,0,62543,9,0,0
TX,48077,0,2,0,38,0,0,0,0,0,0,0,9,0,0,89317,0,0,14,139,0,0,36,0,0,0,0,0,4092,0,0,0,0,0,0,0,0,0,0,0,0,0,0,0,0,0,0,0,0,0,2379,0,15,0,0,0,0,0,827,0,0,0,0,10791,0,32289,3017,821,151,1306,37995,14,0,37423,492398,129,8,0,1152,0,0,0,0,0,0,0,0,0,0,0,0,0,0,0,0,0,0,0,0,0,0,0,0,0,0,0,0,0,0,0,0,0,0,0,0,0,0,0,0,0,0,0,0,2,38,0,9,0,89317,139,0,0
TX,48079,376,154343,0,6279,0,70,7573,0,0,0,0,5,0,5,14843,0,0,14,0,0,0,0,0,0,0,0,1,23498,0,0,0,0,0,0,0,0,0,0,0,0,0,174,0,0,0,0,0,7,0,5712,0,0,0,0,0,0,0,0,0,0,0,0,17,0,25804,621,75,37,119,2,0,0,202243,45458,0,33,0,140,0,0,0,0,0,0,0,0,0,0,0,0,0,0,0,0,0,0,0,0,0,0,0,0,0,0,5,3575,0,5167,0,0,0,0,0,0,0,0,0,0,0,0,0,376,159510,9859,0,10,0,23585,0,0,0
TX,48081,2,620,0,1800,0,0,0,0,0,0,0,1633,0,0,16025,0,0,0,393,2,0,5,0,0,0,0,3,43,0,0,0,0,0,6,0,0,0,0,0,0,0,0,0,0,0,0,0,0,0,5210,0,0,0,0,0,0,0,0,0,0,0,0,3878,0,22031,1316,280,44,15,12389,7143,4,480850,40065,79,0,0,4,0,0,0,0,0,0,0,0,0,0,0,0,0,0,0,0,0,0,0,0,0,0,0,0,0,0,2,62,0,4,0,0,0,0,0,0,0,0,0,0,0,0,0,2,624,1864,0,1635,0,16091,393,0,0
TX,48083,59,1815,0,19850,0,2,0,0,0,0,0,4133,0,0,67245,0,0,0,6719,1210,0,1,0,1,0,0,1,1320,0,0,0,0,0,0,0,0,0,0,0,0,0,0,0,0,0,0,0,17,0,23174,0,1,0,0,0,0,0,6,0,0,0,0,7113,0,47693,1688,572,179,4,8930,16946,0,555707,55055,339,0,0,8,0,0,0,0,0,0,0,0,0,0,0,0,0,0,0,0,0,40,0,0,0,0,0,0,0,0,2,101,0,272,0,0,0,0,0,0,0,0,0,0,0,0,0,99,2087,19953,0,4135,0,67658,6719,0,0
TX,48085,21135,27,1,15161,560,489,0,0,0,0,0,0,0,0,53683,0,0,10,2409,0,0,0,0,0,0,0,0,29142,0,0,0,0,0,0,0,0,0,0,0,0,0,0,0,0,0,2,0,2,0,734,0,0,0,0,0,0,0,1,0,0,0,0,20719,0,40198,46026,46279,11722,679,66510,757,1,13,204979,2388,2305,0,0,0,0,0,9,0,0,0,0,0,0,0,0,0,0,0,0,0,2,0,0,0,0,0,0,0,0,0,1223,0,0,0,0,0,0,0,0,0,0,0,0,0,0,0,21137,27,16384,560,0,0,54908,2409,9,0
TX,48087,13,70683,0,3141,0,0,2439,0,0,0,0,0,0,0,37643,0,0,1347,2,0,0,1,0,0,0,0,470,55,0,0,0,0,0,4,0,0,0,0,0,0,0,0,0,0,0,0,0,0,0,3975,0,0,0,0,0,0,0,0,0,0,0,0,40,0,17745,740,65,19,1780,133,10,3719,312159,128792,448,0,0,109,0,0,0,0,0,0,0,0,0,0,0,0,0,0,0,0,0,3,0,0,0,0,0,0,0,0,0,1074,0,1834,0,0,0,0,0,0,0,0,0,0,0,0,0,16,72517,4215,0,0,0,40554,2,0,0
TX,48089,16586,3660,23386,4549,1542,0,0,0,0,0,0,0,0,0,2154,0,0,0,18,0,0,0,0,0,0,0,0,11096,0,0,0,0,0,339,0,0,0,0,0,0,0,0,0,0,0,649,0,48,0,109348,0,0,0,0,0,0,0,65,0,0,0,115,4902,0,21134,3537,1051,203,503,106659,61887,1494,35405,186533,25825,311,0,0,0,0,0,0,0,0,0,0,0,0,0,0,0,0,0,0,0,0,0,0,0,0,0,0,0,0,0,0,0,0,0,0,0,0,0,0,0,0,0,0,0,0,0,16586,3660,4549,1542,0,0,2154,18,0,0
TX,48091,1067,36,0,2334,0,0,0,0,0,0,0,0,0,21,839,0,0,0,463,0,0,0,0,0,0,0,0,2222,0,0,0,0,0,0,0,0,0,0,0,0,0,0,0,0,0,0,0,0,0,276,0,0,0,0,0,0,0,6,0,0,0,0,7810,0,34160,10729,3234,1535,2437,23921,150081,56,87049,38951,719,1,0,0,0,0,0,0,0,0,0,0,0,0,0,0,0,0,0,0,0,0,8,0,0,0,0,0,0,0,0,0,0,0,0,0,0,0,0,0,0,0,0,0,0,0,0,1075,36,2334,0,0,0,839,471,0,0
TX,48093,1629,5315,0,7755,0,0,167,0,0,0,0,21,0,0,12531,0,0,238,11924,76,0,0,0,0,0,0,100,68723,0,0,0,0,0,265,0,0,0,24,0,0,0,0,0,0,0,0,0,261,0,12371,0,0,0,0,0,0,0,7271,0,0,0,0,5161,0,30732,1504,282,181,22,25130,48183,0,159456,201430,4335,137,0,690,0,0,0,0,0,0,0,0,0,0,0,0,0,0,0,0,0,0,401,0,0,0,0,0,0,0,0,30,0,177,0,0,0,0,0,0,0,0,0,0,0,0,0,2030,5492,7785,0,21,0,12738,12325,0,0
TX,48095,98,20913,0,11931,0,0,0,0,0,0,0,1292,0,0,62021,0,0,0,697,0,0,0,0,1,0,0,1,3455,0,0,0,0,0,0,0,0,0,0,0,0,0,0,0,0,0,0,0,1098,0,3287,0,0,0,0,0,0,0,0,0,0,0,0,5514,0,24508,1111,402,48,34,1624,1829,0,490445,4305,56,0,0,78,0,0,0,0,0,0,0,0,0,0,0,0,0,0,0,0,0,0,0,0,0,0,0,0,0,0,1,766,0,388,0,0,0,0,0,0,0,0,0,0,0,0,0,98,21301,12698,0,1293,0,63175,697,0,0
TX,48097,1988,13,0,9629,32,8,0,0,0,0,0,2,0,0,45189,0,0,95,3143,0,0,71,0,0,0,0,74,34351,0,0,0,0,0,1,0,0,0,0,0,0,0,0,0,0,0,0,0,0,0,1541,0,0,0,0,0,0,0,53,0,0,0,0,15492,0,27020,6234,1639,662,149,113992,4008,0,8,309522,18,136,0,72,0,0,0,0,0,0,0,0,0,0,0,0,0,0,0,0,0,1,0,0,0,0,0,0,0,0,0,9,0,0,0,0,0,0,0,0,0,0,0,0,0,0,0,1989,13,9638,32,2,0,45199,3143,0,0
TX,48099,6945,199,0,6737,0,14,0,0,0,0,0,0,0,0,22762,0,0,2,12142,0,0,0,0,0,0,0,0,6604,0,0,0,0,0,0,0,0,0,1,0,0,0,0,0,0,0,0,0,0,0,1220,0,0,0,0,0,0,0,13,0,0,0,0,583,0,30877,6514,2469,1423,755,72716,97029,4,77405,322854,6985,0,0,1,0,0,0,0,0,0,0,0,0,0,0,0,0,0,0,0,0,57,0,0,0,0,0,0,0,0,0,4,0,0,0,0,0,0,0,0,0,0,0,0,0,0,0,7002,199,6741,0,0,0,22823,12142,0,0
TX,48101,0,24941,0,8536,0,0,0,0,0,0,0,1,0,0,33292,0,0,4,9,0,0,1,0,0,0,0,7,8,0,0,0,0,0,5,0,0,0,0,0,0,0,0,0,0,0,0,0,0,0,6368,0,0,0,0,0,0,0,0,0,0,0,0,50,0,14151,798,52,6,714,6,7926,573,459205,15214,316,0,0,0,0,0,0,0,0,0,0,0,0,0,0,0,0,0,0,0,0,0,0,0,0,0,0,0,0,0,2,989,0,3852,0,0,0,0,0,0,0,0,0,0,0,0,0,0,28793,9527,0,3,0,38133,9,0,0
TX,48103,0,0,0,0,0,0,0,0,0,0,0,0,0,0,0,0,0,0,0,0,0,0,0,0,0,0,0,0,0,0,0,0,0,0,0,0,0,0,0,0,0,0,0,0,0,0,0,0,0,18,0,0,0,0,0,0,0,0,0,0,0,0,326,0,6779,930,201,24,6775,0,1,0,403404,84254,12,5,0,0,0,0,0,0,0,0,0,0,0,0,0,0,0,0,0,0,0,0,0,0,0,0,0,0,0,0,0,0,0,0,0,0,0,0,0,0,0,0,0,0,0,0,0,0,0,0,0,0,0,0,0,0,0
TX,48105,0,44,0,2,0,0,0,0,0,0,0,0,0,0,165,0,0,0,0,0,0,0,0,0,0,0,0,7,0,0,0,0,0,0,0,0,0,0,0,0,0,0,0,0,0,0,0,6,0,22,0,0,0,0,0,0,0,9,0,0,0,0,63,0,14698,3561,1054,183,50,1150,4481,0,1769624,19,1632,2,0,0,0,0,0,0,0,0,0,0,0,0,0,0,0,0,0,0,0,0,0,0,0,0,0,0,0,0,0,0,0,0,0,0,0,0,0,0,0,0,0,0,0,0,0,0,44,2,0,0,0,165,0,0,0
TX,48107,738,243688,0,3340,0,48,0,0,0,0,0,0,0,0,22843,0,0,2,0,0,0,0,0,0,0,0,15,640,0,0,0,0,0,5,0,0,0,0,0,0,0,0,0,0,0,0,0,0,0,21425,0,0,0,0,0,0,0,4,0,0,0,0,549,0,21554,1237,102,29,642,203,197,1,132774,123931,9,677,0,0,0,0,0,0,0,0,0,0,0,0,0,0,0,0,0,0,0,1,0,0,0,0,0,0,0,0,0,406,0,2022,0,0,0,0,0,0,0,0,0,0,0,0,0,739,245710,3746,0,0,0,25272,0,0,0
TX,48109,0,2514,0,518,0,0,0,0,0,0,0,0,0,0,16,0,0,596,2,0,0,0,0,0,0,0,2433,7,0,0,0,0,0,0,0,0,0,0,0,0,0,0,0,0,0,0,0,0,0,25590,0,0,0,0,0,0,0,202,0,0,0,0,23,0,4680,949,145,43,14019,5,21944,0,2312533,53232,471,0,0,3,0,0,0,0,0,0,0,0,230,0,0,0,0,0,0,0,0,0,0,0,0,0,0,0,0,0,0,0,0,12,0,0,0,0,0,0,0,0,0,0,0,0,0,0,2526,518,0,0,0,28,2,0,0
TX,48111,105864,1555,0,27812,202,303,0,0,0,0,0,0,0,3,127963,0,0,20,439,0,0,0,0,0,0,0,3570,6986,0,0,0,20,155,0,0,0,0,0,0,0,0,0,0,0,0,0,0,0,0,31791,0,0,0,0,0,0,0,0,0,0,0,0,126,0,29686,1476,350,158,246,0,0,0,2470,605008,81,16,0,3331,0,0,0,0,0,0,0,0,0,0,0,0,0,0,0,0,0,9630,143,0,5,0,0,0,0,0,0,3968,0,0,0,0,0,0,0,0,0,0,0,0,0,0,0,115637,1555,31780,202,0,0,141561,582,0,0
TX,48113,3103,1416,1,4291,2017,875,0,0,0,0,0,18,0,0,7426,0,0,0,62,0,0,0,0,0,0,0,0,8399,0,0,0,0,0,0,0,0,0,0,0,0,0,0,0,0,0,2,0,2,0,1210,0,0,0,0,0,0,0,0,0,0,0,0,22192,0,93445,132022,81561,55318,419,62392,7408,2,22,87852,8515,1481,0,0,0,0,0,0,0,0,0,0,0,0,0,0,0,0,0,0,0,3,0,0,0,0,0,0,0,0,0,2,0,0,0,0,0,0,0,0,0,0,0,0,0,0,0,3106,1416,4293,2017,18,0,7431,62,0,0
TX,48115,24,342266,0,583,0,626,3,0,0,0,0,0,0,0,12025,0,0,31,0,0,0,0,0,0,0,0,1345,97,0,0,0,0,0,52,0,0,0,0,0,0,0,0,0,0,0,0,0,3,0,1979,0,0,0,0,0,0,0,11,0,0,0,0,198,0,32590,2177,341,65,38,467,85,0,85232,81886,144,471,0,1,0,0,0,0,0,0,0,0,0,0,0,0,0,0,0,0,0,0,0,0,0,0,0,0,0,0,0,219,0,14403,0,0,0,0,0,0,0,0,0,0,0,0,0,24,356669,802,0,0,0,26647,0,0,0
TX,48117,19594,8510,0,57765,0,512,2,0,0,0,0,1,0,0,249778,0,0,9,0,0,0,0,0,0,0,0,273,127,0,0,0,0,0,0,0,0,0,0,0,0,0,0,0,0,0,0,0,30,0,33073,0,0,0,0,0,0,0,0,0,0,0,0,263,0,35854,3189,615,333,257,81,0,0,15725,523833,0,209,0,218,0,0,0,0,0,0,0,0,0,0,0,0,0,0,0,0,0,17,16,0,0,0,0,0,0,0,16,7055,1275,265,0,0,0,0,0,0,0,0,0,0,0,0,0,20902,8775,64836,0,1292,0,257115,16,0,0
TX,48119,9628,139,20,7590,6857,580,0,0,0,0,0,0,0,0,12610,0,316,6,54,0,0,0,3,0,0,0,32,29211,0,0,0,0,0,0,0,0,0,0,0,0,0,0,0,0,0,0,0,2,0,408,0,0,0,0,0,0,0,0,0,0,0,0,9591,0,5622,476,104,35,229,25710,250,2,355,58186,8261,1559,0,0,0,0,0,0,0,0,0,0,0,0,0,0,0,0,0,0,35,0,0,0,0,0,0,0,0,0,0,0,0,0,0,0,0,0,0,0,0,0,0,0,0,0,0,9628,139,7590,7173,0,0,12926,54,0,0
TX,48121,3520,10,0,13782,45,120,0,0,0,0,0,32,0,0,51878,0,0,40,987,0,0,0,0,0,0,0,0,32223,0,0,0,0,0,0,0,0,0,0,0,0,0,0,0,0,0,0,0,0,0,1466,0,0,0,0,0,0,0,0,0,0,0,0,47295,0,40051,41537,30693,9715,104,63384,179,0,5,274486,810,476,0,0,0,0,0,0,0,0,0,0,0,0,0,0,0,0,0,0,0,1,0,0,0,0,0,0,0,0,0,62,0,0,0,0,0,0,0,0,0,0,0,0,0,0,0,3521,10,13844,45,32,0,51941,987,0,0
TX,48123,7084,290,13,1046,4,0,3,0,0,0,0,0,0,0,570,0,0,0,85,0,0,0,0,0,0,0,0,8183,0,0,0,0,0,0,0,0,0,0,0,0,0,0,0,0,0,2,10,2,0,229,0,0,0,0,0,0,0,7,0,0,0,10,1009,0,27922,3031,635,196,105,105003,8777,399,123063,274449,20319,277,0,0,0,0,0,0,0,0,0,0,0,0,0,0,0,0,0,0,0,0,0,0,0,0,0,0,0,0,0,28,0,0,0,0,0,0,0,0,0,0,0,0,0,0,0,7084,290,1074,4,0,0,598,85,0,0
TX,48125,14,34985,0,1651,0,0,0,0,0,0,0,0,0,0,15059,0,0,5,93,0,0,0,0,0,0,0,163,16,0,0,0,0,0,0,0,0,0,0,0,0,0,0,0,0,0,0,0,0,0,13831,0,0,0,0,0,0,0,48,0,0,0,0,183,0,11847,513,28,9,168,720,1313,59,397396,100788,20,157,0,2,0,0,0,0,0,0,0,0,0,0,0,0,0,0,0,0,0,0,0,0,0,0,0,0,0,0,0,236,0,34,0,0,0,0,0,0,0,0,0,0,0,0,0,14,35019,1887,0,0,0,15329,93,0,0
TX,48127,874,660,0,827,0,0,4,0,33,0,0,0,0,2339,19,0,0,339,835,0,0,0,0,0,0,0,17,376,0,0,0,0,0,563,0,0,0,19,0,0,0,0,0,0,0,0,0,0,0,1202,0,0,0,0,0,0,0,252,0,0,0,0,734,0,28679,7409,997,161,64,13,1,26,595002,166108,43733,2783,0,6,0,0,0,0,0,0,0,0,0,0,0,0,0,0,0,0,0,0,0,0,0,0,0,0,0,0,0,8,0,0,0,0,0,0,0,0,0,0,0,0,0,0,0,874,660,835,0,0,0,27,835,0,0
TX,48129,1311,13775,0,4498,0,0,552,0,0,0,0,0,0,153,16490,0,0,712,0,0,0,0,0,0,0,0,1469,627,0,0,0,0,0,0,0,0,0,0,0,0,0,0,0,0,0,0,0,0,0,4829,0,0,0,0,0,0,0,0,0,0,0,0,767,0,11913,1623,115,33,4494,1836,5571,55,318418,204633,45,118,0,11,0,0,0,0,0,0,0,0,0,0,0,0,0,0,0,0,0,29,0,0,0,0,0,0,0,0,0,353,0,2671,0,0,0,0,0,0,0,0,0,0,0,0,0,1340,16446,4851,0,0,0,19543,0,0,0
TX,48131,6741,122,0,4717,0,6,1,0,0,0,0,0,0,3,21,0,0,0,286,0,0,0,0,0,0,0,0,10171,0,0,0,0,0,0,0,0,0,0,0,0,0,0,0,0,0,0,0,0,0,2246,0,0,0,0,0,0,0,0,0,0,0,0,108,0,27227,12796,1975,127,758,835,2789,166,833422,242516,1274,20,0,14,0,0,0,0,0,5,0,0,0,0,0,0,0,0,0,0,0,0,0,0,0,0,0,0,0,0,0,886,0,0,0,0,0,0,0,0,0,0,0,0,0,0,0,6741,122,5603,0,0,0,907,286,0,0
TX,48133,33,1617,0,2400,0,0,44,0,0,0,0,2,0,0,19262,0,0,39,2859,7,0,0,0,0,0,0,0,44284,0,0,0,0,0,41,0,0,0,0,0,0,0,0,0,0,0,0,0,6,0,13194,0,0,0,0,0,0,0,44,0,0,0,0,3579,0,46837,2586,762,342,24,24609,85380,1,202262,144859,663,1,0,157,0,0,0,0,0,0,0,0,0,0,0,0,0,0,0,0,0,0,437,0,0,0,0,0,0,0,0,86,0,1,0,0,0,0,0,0,0,0,0,0,0,0,0,470,1618,2486,0,2,0,19349,3296,0,0
TX,48135,0,9,0,0,0,0,19,0,0,0,0,0,0,0,51,0,0,0,0,0,0,0,0,0,0,0,86,63,0,0,0,0,0,0,0,0,0,0,0,0,0,0,0,0,0,0,0,2,0,97,0,0,0,0,0,0,0,5,0,0,0,0,45,0,17511,11734,4907,1252,2192,66,0,0,520757,17370,727,169,0,0,0,0,0,0,0,0,0,0,0,0,0,0,0,0,0,0,0,0,0,0,0,0,0,0,0,0,0,0,0,24,0,0,0,0,0,0,0,0,0,0,0,0,0,0,33,0,0,0,0,75,0,0,0
TX,48137,10,2,0,4,0,0,0,0,0,0,0,0,0,0,2,0,0,0,1,0,0,0,0,0,0,0,0,0,0,0,0,0,0,0,0,0,0,0,0,0,0,0,0,0,0,0,0,1,0,266,0,0,0,0,0,0,0,27,0,0,0,0,78,0,9650,1275,514,39,54,51274,105197,0,1186202,2116,70,6,0,0,0,0,0,0,0,0,0,0,0,0,0,0,0,0,0,0,0,0,0,0,0,0,0,0,0,0,0,1,0,0,0,0,0,0,0,0,0,0,0,0,0,0,0,10,2,5,0,0,0,3,1,0,0
TX,48139,26010,13349,0,30832,160,18307,0,0,0,0,0,119,0,0,46704,0,1,32,2365,0,0,0,0,0,0,0,4,66380,0,0,0,0,0,6,0,0,0,1,0,0,0,1,0,0,0,2,0,540,0,478,0,2,0,0,0,0,0,1,0,0,0,0,7365,0,28009,16788,5636,2968,940,70810,1479,3,23,264062,5351,120,0,0,0,0,0,0,0,0,0,0,0,0,0,0,0,0,0,0,0,4,0,0,0,0,0,0,0,0,0,139,0,0,0,0,0,0,0,0,0,0,0,0,0,0,0,26014,13349,30971,161,119,0,46848,2365,0,0
TX,48141,39,15064,0,124,0,0,0,0,0,0,0,0,0,0,42,0,0,0,0,0,0,0,0,0,0,0,6753,4,0,0,0,0,0,0,0,0,0,0,234,0,0,0,0,0,0,0,0,0,0,6590,0,0,0,0,0,0,0,16085,0,0,0,0,50,0,25385,48678,29533,10654,12114,0,854,0,458347,19151,3,0,0,0,0,0,0,0,0,0,0,0,0,0,0,0,0,0,0,0,0,0,0,0,0,0,0,0,0,0,0,0,0,1,0,0,0,0,0,0,0,0,0,0,0,0,0,39,15065,124,0,0,0,43,0,0,0
TX,48143,82,2362,0,5220,0,0,4,0,0,0,0,0,0,0,5550,0,0,9,2229,40,0,0,0,0,0,0,1,30511,0,0,0,0,0,1088,0,0,0,0,0,0,0,0,0,0,0,0,0,117,0,3930,0,4,0,0,0,0,0,332,0,0,0,0,2189,0,48227,2645,880,517,66,66496,100721,0,75873,343567,4335,0,0,168,0,0,0,0,0,0,0,0,0,0,0,0,0,0,0,0,0,0,16,0,0,0,0,0,0,0,0,285,0,0,0,0,0,0,0,0,0,0,0,0,0,0,0,98,2362,5505,0,0,0,5835,2245,0,0
TX,48145,81101,6043,0,9223,212,9,0,0,0,0,0,0,0,0,34423,0,0,0,74605,4,0,0,0,0,0,0,27,34545,0,0,0,0,0,0,0,0,0,4,0,0,0,0,0,0,0,0,0,0,0,832,0,0,0,0,0,0,0,280,0,0,0,0,2418,0,28600,1500,298,104,107,36327,4240,242,1901,165306,12387,35,0,401,0,0,0,0,0,0,0,0,0,0,0,0,0,0,0,0,0,0,0,0,0,0,0,0,0,0,0,77,0,0,0,0,0,0,0,0,0,0,0,0,0,0,0,81101,6043,9300,212,0,0,34500,74605,0,0
TX,48147,19344,129,2,7948,3833,4742,0,0,0,0,0,0,0,0,62513,0,1029,235,1254,16,0,0,0,0,0,0,23,90588,0,0,0,0,0,0,0,0,0,0,0,0,0,0,0,0,0,1,41,601,0,636,0,0,0,0,0,0,0,157,0,0,0,11,6358,0,26018,3456,789,377,445,105627,4013,16263,107,217149,1001,319,0,46,0,0,0,4,0,0,0,0,0,0,0,0,0,0,0,0,207,53,0,0,0,0,0,0,0,0,0,90,0,0,0,0,0,0,0,0,0,0,0,0,0,0,0,19397,129,8038,4862,0,0,63685,1254,4,0
TX,48149,9268,356,2,1023,8,1,0,0,0,0,0,0,0,0,261,0,0,0,86,0,0,0,0,0,0,0,4,16162,0,0,0,0,0,0,0,0,0,0,0,0,0,0,0,0,0,1,0,0,0,105,0,0,0,0,0,0,0,175,0,0,0,4,4885,0,34381,4549,1254,291,71,94267,36072,5126,85762,291016,29036,122,0,0,0,0,0,0,0,0,0,0,0,0,0,0,0,0,0,0,0,0,0,0,0,0,0,0,0,0,0,0,0,0,0,0,0,0,0,0,0,0,0,0,0,0,0,9268,356,1023,8,0,0,261,86,0,0
TX,48151,6,115321,0,7139,0,1,0,0,0,0,0,136,0,85,60299,0,0,48,207,0,0,0,0,0,0,0,6,8023,0,0,0,0,0,4,0,0,0,0,0,0,0,0,0,0,0,0,0,0,0,6689,0,0,0,0,0,0,0,2,0,0,0,0,47,0,32147,692,79,31,30,1316,1025,76,298380,43141,7,0,0,1,0,0,0,0,0,0,0,0,0,0,0,0,0,0,0,0,0,0,0,0,0,0,0,0,0,0,0,194,0,1988,0,0,0,0,0,0,0,0,0,0,0,0,0,6,117309,7333,0,136,0,62481,207,0,0
TX,48153,12988,199826,0,7079,0,942,0,0,0,0,0,0,0,0,106321,0,0,2,1,5,0,0,0,0,0,0,333,18,0,0,0,0,0,0,0,0,0,0,0,0,0,0,0,0,0,14,0,2,0,10533,0,0,0,0,0,0,0,77,0,0,0,0,413,0,24899,1534,207,61,27,387,3220,0,43815,211179,0,4505,0,20,0,0,0,0,0,0,0,0,0,0,0,0,0,0,0,0,0,432,0,0,0,0,0,0,0,0,0,1671,0,4696,0,0,0,0,0,0,0,0,0,0,0,0,0,13420,204522,8750,0,0,0,113120,1,0,0
TX,48155,1,1566,0,768,0,0,61,0,0,0,0,0,0,0,93342,0,0,2,87,0,0,13,0,0,0,0,735,273,0,0,0,0,0,27,0,0,0,0,0,0,0,0,0,0,0,0,0,0,0,1978,0,0,0,0,0,0,0,1,0,0,0,0,103,0,12497,802,45,8,73,46,5179,205,331777,2934,152,0,0,25,0,0,0,0,0,0,0,0,0,0,0,0,0,0,0,0,0,0,0,0,0,0,0,0,0,0,0,152,0,68,0,0,0,0,0,0,0,0,0,0,0,0,0,1,1634,920,0,0,0,93562,87,0,0
TX,48157,14963,32935,5713,37596,2266,0,0,0,0,0,0,0,0,0,51,0,178,0,0,0,0,0,0,0,0,0,8,20639,0,0,0,0,0,74,0,0,0,4,0,0,0,0,0,0,0,28,2,731,0,41582,0,0,0,0,0,0,0,0,0,0,0,92,7140,0,40053,30772,31163,5977,1260,10074,1568,305,4135,202191,73737,1617,0,0,0,0,0,0,0,0,0,0,0,0,0,0,0,0,0,0,0,0,0,0,0,0,0,0,0,0,0,0,0,0,0,0,0,0,0,0,0,0,0,0,0,0,0,14963,32935,37596,2444,0,0,229,0,0,0
TX,48159,201,89,11,28,210,2,0,0,0,0,0,0,0,0,236,0,0,0,449,0,0,0,3,0,0,0,34,9890,0,0,0,0,0,0,0,0,0,0,0,0,0,0,0,0,0,0,0,0,0,98,0,0,0,0,0,0,0,0,0,0,0,0,5837,0,2731,8437,477,82,12,41968,2095,3,3522,87767,24421,29,0,0,0,0,0,0,0,0,0,0,0,0,0,0,0,0,0,0,9,0,0,0,0,0,0,0,0,0,0,0,0,0,0,0,0,0,0,0,0,0,0,0,0,0,0,201,89,28,210,0,0,236,449,0,0
TX,48161,48,31,1,48,0,0,0,0,0,0,0,0,0,0,224,0,0,1,114,0,0,0,0,0,0,0,0,7267,0,0,0,0,0,0,0,0,0,0,0,0,0,0,0,0,0,0,0,0,0,13,0,0,0,0,0,0,0,0,0,0,0,0,13052,0,24509,22732,4062,808,3116,60767,11053,45397,35856,269600,70871,1390,0,0,0,0,0,0,0,0,0,0,0,0,0,0,0,0,0,0,0,0,0,0,0,0,0,0,0,0,0,0,0,0,0,0,0,0,0,0,0,0,0,0,0,0,0,48,31,48,0,0,0,224,114,0,0
TX,48163,8454,1852,0,7098,1,24,1860,0,196,0,0,0,0,3353,6475,0,0,106,6022,5,0,0,0,0,0,0,0,4318,0,0,0,0,2056,491,0,0,0,589,1,0,0,0,0,0,0,4,0,3,0,41350,0,0,0,0,0,0,0,74,0,0,0,0,310,0,32031,8776,1549,110,147,1226,708,408,435066,140737,20100,53,0,204,0,0,0,0,0,0,0,0,0,0,0,0,0,0,0,0,0,67,22,0,0,0,0,0,0,0,0,76,0,42,0,0,0,0,0,0,0,0,0,0,0,0,0,8543,1894,7174,1,0,0,6660,6044,0,0
TX,48165,28,324662,0,3603,0,6,12889,0,0,0,0,0,0,2,28105,0,0,8661,0,1,0,0,0,0,0,0,176,442,0,0,0,0,0,2,0,0,0,0,0,0,0,15,0,0,0,0,0,4,2,51335,0,0,0,0,0,0,0,869,0,0,0,0,5266,0,43633,3047,408,119,505,33,20,0,269556,159557,115,557,0,12,0,0,0,0,0,0,0,0,0,0,0,0,0,0,0,0,0,0,0,0,0,0,0,0,0,0,1,7898,0,40267,0,0,0,0,0,0,0,0,0,0,0,0,0,28,364929,11502,0,1,0,76270,0,0,0
TX,48167,289,3,2119,1326,49,0,0,0,0,0,0,0,0,0,12,0,0,0,0,0,0,0,0,0,0,0,0,643,0,0,0,0,0,0,0,0,0,1,1,0,0,0,0,0,0,0,3,150,0,15284,0,0,0,0,1,0,0,0,0,0,0,14,15445,0,35539,28238,17609,6941,3437,3043,1173,66,1077,42542,21258,61175,0,0,0,0,0,0,0,0,0,0,0,0,0,0,0,0,0,0,0,0,0,0,0,0,0,0,0,0,0,0,0,0,0,0,0,0,0,0,0,0,0,0,0,0,0,289,3,1326,49,0,0,12,0,0,0
TX,48169,1,56571,0,251,0,0,0,0,0,0,0,0,0,0,2761,0,0,1,0,0,0,0,0,0,0,0,4,962,0,0,0,0,0,6,0,0,0,0,0,0,0,0,0,0,0,0,0,0,0,3702,0,0,0,0,0,0,0,14,0,0,0,0,1944,0,12893,1725,98,15,8559,213,767,2,314469,168463,29,86,0,0,0,0,0,0,0,0,0,0,0,0,0,0,0,0,0,0,0,0,0,0,0,0,0,0,0,0,0,2,0,30,0,0,0,0,0,0,0,0,0,0,0,0,0,1,56601,253,0,0,0,2793,0,0,0
TX,48171,1236,83,0,2612,0,0,5,0,0,0,157,1,0,257,6285,0,0,2,4384,0,0,0,0,0,0,0,0,6909,0,0,0,0,0,52,0,0,0,0,0,0,0,4,0,0,0,0,0,346,0,2108,0,0,0,0,0,0,0,7,0,0,0,0,340,0,22345,1466,500,226,75,14150,156224,3,424187,35511,10,0,0,0,0,0,0,0,0,0,0,0,0,0,0,0,0,0,0,0,0,1,10,0,0,0,0,0,0,0,0,0,0,0,0,0,0,0,0,0,0,0,0,0,0,0,0,1247,83,2612,0,1,0,6286,4394,0,0
TX,48173,1,113625,0,124,0,0,0,0,0,0,0,404,0,0,5252,0,0,1,0,0,0,0,0,0,0,0,64,6,0,0,0,0,0,2,0,0,0,0,0,0,0,0,0,0,0,0,0,0,0,945,0,0,0,0,0,0,0,15,0,0,0,0,64,0,16280,538,54,10,165,49,4,0,435235,2473,58,81,0,0,0,0,0,0,0,0,0,0,0,0,0,0,0,0,0,0,0,0,0,0,0,0,0,0,0,0,0,106,0,1013,0,0,0,0,0,0,0,0,0,0,0,0,0,1,114638,230,0,404,0,6371,0,0,0
TX,48175,5077,797,7,4721,287,0,0,0,0,0,0,0,0,4,77,0,0,0,4,0,0,0,0,0,0,0,0,5665,0,0,0,0,0,0,0,0,0,0,0,0,0,0,0,0,0,8,0,2,0,449,0,0,0,0,0,0,0,1,0,0,0,36,2257,0,12331,1589,230,37,45,69542,4230,7,191092,239237,12015,160,0,0,0,0,0,0,0,0,0,0,0,0,0,0,0,0,0,0,0,0,0,0,0,0,0,0,0,0,0,1,0,0,0,0,0,0,0,0,0,0,0,0,0,0,0,5077,797,4722,287,0,0,78,4,0,0
TX,48177,4827,30,3,849,0,0,1,0,0,0,0,0,0,6,603,0,0,0,236,0,0,0,0,0,0,0,0,7521,0,0,0,0,0,0,0,0,0,1,0,0,0,0,0,0,0,0,0,2,0,170,0,0,0,0,0,0,0,47,0,0,0,1,1478,0,33395,3663,805,166,125,81049,2266,2792,240868,263377,40295,145,0,0,0,0,0,0,0,0,0,0,0,0,0,0,0,0,0,0,0,0,0,0,0,0,0,0,0,0,0,0,0,0,0,0,0,0,0,0,0,0,0,0,0,0,0,4827,30,849,0,0,0,603,236,0,0
TX,48179,6333,9571,0,16153,29,0,0,0,0,0,0,0,0,26,44695,0,0,4484,4,0,0,0,0,0,0,0,319,1084,0,0,0,0,0,0,0,0,0,0,0,0,0,0,0,0,0,0,0,0,0,15032,0,0,0,0,0,0,0,0,0,0,0,0,182,0,20141,4883,950,471,479,1200,2,2,65559,398781,261,94,0,252,0,0,0,0,0,0,0,0,0,0,0,0,0,0,0,0,0,25,0,0,0,0,0,0,0,0,0,3321,0,446,0,0,0,0,0,0,0,0,0,0,0,0,0,6358,10017,19474,29,0,0,48487,4,0,0
TX,48181,17323,184,1,12968,175,33,0,0,0,0,0,0,0,6,55575,0,102,33,683,4,0,0,0,0,0,0,2,71940,0,0,0,0,0,0,0,0,0,0,0,0,0,0,0,0,0,0,0,0,0,761,0,0,0,0,0,0,0,2,0,0,0,0,30330,0,36080,13462,4050,2142,82,114413,10695,91,60,254090,1027,281,0,0,0,0,0,0,0,0,0,0,0,0,0,0,0,0,0,0,2,2,0,0,0,0,0,0,0,0,0,0,0,0,0,0,0,0,0,0,0,0,0,0,0,0,0,17325,184,12968,277,0,0,55679,683,0,0
TX,48183,7,1,0,0,0,0,2,0,0,0,0,0,0,0,8,0,6,0,0,0,0,0,0,0,0,0,0,213,0,0,0,0,0,0,0,0,0,0,0,0,0,0,0,0,0,0,0,0,0,5,0,0,0,0,0,0,0,0,0,0,0,0,2643,0,10195,31042,8878,3499,149,35833,19538,4347,11054,26704,22716,19,0,0,0,0,0,0,0,0,0,0,0,0,0,0,0,0,0,0,0,0,0,0,0,0,0,0,0,0,0,0,0,0,0,0,0,0,0,0,0,0,0,0,0,0,0,7,1,0,6,0,0,14,0,0,0
TX,48185,1675,620,0,600,2,0,0,0,0,0,0,0,0,0,120,0,2,0,20,0,0,0,0,0,0,0,0,5314,0,0,0,0,0,0,0,0,0,0,0,0,0,0,0,0,0,2,0,56,0,603,0,0,0,0,0,0,0,0,0,0,0,2,5524,0,17694,13603,952,411,169,19958,49445,15803,24743,303037,51940,326,0,0,0,0,0,0,0,0,0,0,0,0,0,0,0,0,0,0,0,0,0,0,0,0,0,0,0,0,0,0,0,0,0,0,0,0,0,0,0,0,0,0,0,0,0,1675,620,600,4,0,0,122,20,0,0
TX,48187,19764,1269,0,22951,0,0,0,0,0,0,0,0,0,697,14616,0,0,259,3762,0,0,0,0,0,0,0,0,9393,0,0,0,0,0,0,0,0,0,0,0,0,0,0,0,0,0,0,0,7,0,2077,0,0,0,0,0,0,0,18,0,0,0,0,1730,0,39852,7008,3069,1148,454,76036,3118,1162,127156,114676,7176,8,0,0,0,0,0,0,0,0,0,0,0,0,0,0,0,0,0,0,0,11,0,0,0,0,0,0,0,0,0,14,0,0,0,0,0,0,0,0,0,0,0,0,0,0,0,19775,1269,22965,0,0,0,14641,3762,0,0
TX,48189,45217,220308,0,18612,0,784,1,0,0,0,0,1,0,0,100012,0,0,22,0,10,0,0,0,0,0,0,580,406,0,0,0,0,0,0,0,0,0,0,0,15,0,0,0,0,0,0,0,2,0,6299,0,0,0,0,0,0,0,0,0,0,0,0,822,0,35852,5541,1265,621,109,77,0,5,92,191982,4,353,0,340,0,0,0,0,0,0,0,0,0,0,0,0,0,0,0,0,0,1320,0,0,0,0,0,0,0,0,0,7915,0,4493,0,0,0,0,0,0,0,0,0,0,0,0,0,46537,224801,26527,0,1,0,113740,0,0,0
TX,48191,1,89080,0,3234,0,0,220,0,0,0,0,0,0,0,26487,0,0,1072,0,0,0,0,0,0,0,0,779,32,0,0,0,0,0,0,0,0,0,0,0,0,0,0,0,0,0,0,0,0,0,18134,0,0,0,0,0,0,0,0,0,0,0,0,70,0,12926,927,103,39,8710,270,2445,2705,330863,79417,254,0,0,13,0,0,0,0,0,0,0,0,0,0,0,0,0,0,0,0,0,0,0,0,0,0,0,0,0,0,0,337,0,493,0,0,0,0,0,0,0,0,0,0,0,0,0,1,89573,3571,0,0,0,27317,0,0,0
TX,48193,86,6,0,4231,0,0,0,0,0,0,0,211,0,1,11397,0,0,0,18005,3,0,0,0,0,0,0,0,4898,0,0,0,0,0,0,0,0,0,0,0,0,0,0,0,0,0,0,0,19,0,4980,0,0,0,0,0,0,0,24,0,0,0,0,518,0,27965,1090,232,87,11,38316,57061,1,121195,242153,2192,0,0,280,0,0,0,0,0,0,0,0,0,0,0,0,0,0,0,0,0,0,0,0,0,0,0,0,0,0,0,254,0,71,0,0,0,0,0,0,0,0,0,0,0,0,0,86,77,4485,0,211,0,11722,18005,0,0
TX,48195,37887,1871,0,19773,310,0,0,0,0,0,0,0,0,0,191952,0,0,1,27,0,0,0,0,0,0,0,732,5,0,0,0,0,1,0,0,0,0,0,0,0,0,0,0,0,0,0,0,0,0,14723,0,0,0,0,0,0,0,0,0,0,0,0,392,0,19008,2292,277,42,221,0,0,0,27154,265608,175,95,0,391,0,0,0,0,0,0,0,0,0,0,0,0,0,0,0,0,0,534,0,0,0,0,0,0,0,0,0,5417,1,167,0,0,0,0,0,0,0,0,0,0,0,0,0,38422,2038,25190,310,1,0,198070,27,0,0
TX,48197,0,5443,0,1314,0,0,269,0,0,0,0,472,0,0,106690,0,0,1,0,0,0,2282,0,0,0,0,114,175,0,0,0,0,0,26,0,0,0,0,0,0,0,0,0,0,0,0,0,0,0,14914,0,0,0,0,0,0,0,67,0,0,0,0,280,0,16944,1447,130,29,337,6,2451,1416,288596,1251,459,0,0,7,0,0,0,0,0,0,0,0,0,0,0,0,0,0,0,0,0,0,0,0,0,0,0,0,0,0,0,27,0,930,0,0,0,0,0,0,0,0,0,0,0,0,0,0,6373,1341,0,472,0,107647,0,0,0
TX,48199,2,0,783,36,11,0,0,0,0,0,0,0,0,0,3,0,6,0,0,0,0,0,0,0,0,0,0,158,0,0,0,0,0,0,0,0,0,0,0,0,0,0,0,2,0,0,0,87,0,73,0,0,0,0,1,0,0,0,0,0,0,1,2336,0,32144,11178,2159,680,375,28,128926,15480,79396,51252,247478,1752,0,0,0,0,0,0,0,0,0,0,0,0,0,0,0,0,0,0,0,0,0,0,0,0,0,0,0,0,0,0,0,0,0,0,0,0,0,0,0,0,0,0,0,0,0,2,0,36,17,0,0,9,0,0,0
TX,48201,4209,263,467,1666,860,0,0,0,0,0,0,0,0,0,45,0,584,0,6,97,0,0,0,0,0,0,0,6421,0,0,0,2,0,3,0,0,0,8,0,0,0,0,0,1,0,9,2,6851,0,20419,0,0,0,0,2,0,0,0,0,0,0,35,31537,0,178808,199601,210126,100496,2173,13478,52039,16205,6626,165572,109019,7555,0,0,0,0,0,0,0,0,0,0,0,0,0,0,0,0,0,0,0,0,0,0,0,0,0,0,0,0,0,0,0,0,0,0,0,0,0,0,0,0,0,0,0,0,0,4209,263,1666,1444,0,0,629,6,0,0
TX,48203,1,0,1,0,2,0,2,0,0,0,0,0,0,0,4,0,0,0,0,0,0,0,0,0,0,0,0,644,0,0,0,0,0,0,0,0,0,0,0,0,0,1,0,0,0,0,0,0,0,2,0,0,0,0,0,0,0,0,0,0,0,0,9689,0,29195,22280,3850,1668,1325,41416,151992,96081,72664,87307,66517,892,0,0,0,0,0,0,0,0,0,0,0,0,0,0,0,0,0,0,0,0,0,0,0,0,0,0,0,0,0,0,0,0,0,0,0,4,0,0,0,0,0,0,0,0,0,1,0,0,2,0,0,4,0,0,0
TX,48205,109797,204,0,25219,68,0,0,0,0,0,0,0,0,0,76766,0,0,0,22,0,0,0,0,0,0,0,8976,295,0,0,0,391,3138,0,0,0,0,0,0,0,0,0,0,0,0,0,0,0,0,19160,0,0,0,0,0,0,0,0,0,0,0,0,86,0,18181,1608,239,50,460,0,0,0,64230,597838,17,3,0,720,0,0,0,0,0,0,0,0,0,0,0,0,0,0,0,0,0,6510,24,0,85,0,0,0,0,0,0,2344,0,0,0,0,0,0,0,0,0,0,0,0,0,0,0,116331,204,27563,68,0,0,85620,46,0,0
TX,48207,5,69110,0,7921,0,2,228,0,0,0,0,14,0,0,219374,0,0,360,100,1,0,0,0,0,0,0,12,796,0,0,0,0,0,417,0,0,0,0,0,0,0,0,0,0,0,385,0,0,2,7099,0,0,0,0,0,0,0,0,0,0,0,0,2066,0,31298,983,193,95,9,7203,2092,588,127017,98000,14,0,0,0,0,0,0,0,0,0,0,0,0,0,0,0,0,0,0,0,0,0,0,0,0,0,0,0,0,0,0,798,0,6386,0,0,0,0,0,0,0,0,0,0,0,0,0,5,75496,8719,0,14,0,226558,100,0,0
TX,48209,3853,1581,0,2802,0,1,0,0,0,0,0,0,0,52,2781,0,0,0,435,0,0,0,0,0,0,0,0,2752,0,0,0,0,0,0,0,0,0,1,0,0,0,0,0,0,0,0,0,2,0,495,0,0,0,0,0,0,0,6,0,0,0,0,1047,0,33790,6700,2979,1368,818,39794,141878,132,129878,59859,1788,0,0,0,0,0,0,0,0,0,0,0,0,0,0,0,0,0,0,0,0,0,0,0,0,0,0,0,0,0,0,1,0,0,0,0,0,0,0,0,0,0,0,0,0,0,0,3853,1581,2803,0,0,0,2782,435,0,0
TX,48211,13,127,0,1160,0,0,0,0,0,0,0,0,0,0,11977,0,0,11,1,0,0,0,0,0,0,0,41,1570,0,0,0,0,0,0,0,0,0,0,0,0,0,0,0,0,0,0,0,0,0,3631,0,0,0,0,0,0,0,0,0,0,0,0,228,0,5996,1845,159,31,438,26,5,38,117638,432043,5189,0,0,78,0,0,0,0,0,0,0,0,0,0,0,0,0,0,0,0,0,32,0,0,0,0,0,0,0,0,0,1441,0,3,0,0,0,0,0,0,0,0,0,0,0,0,0,45,130,2601,0,0,0,13453,1,0,0
TX,48213,494,44,0,357,374,2464,0,0,0,0,0,1,0,0,1901,0,0,6,17,0,0,0,0,0,0,0,0,8363,0,0,0,0,0,0,0,7,0,0,0,0,0,0,0,0,0,0,0,2,0,37,0,0,0,0,0,0,0,0,0,0,0,0,49911,0,21256,22627,2574,997,213,91274,16116,14786,27260,268971,77225,165,0,0,0,0,0,0,0,0,0,0,0,0,0,0,0,0,0,0,0,0,0,0,0,0,0,0,0,0,0,0,0,0,0,0,0,12,0,0,0,0,0,0,0,0,0,494,44,357,374,1,0,1901,17,0,0
TX,48215,17887,16726,0,178068,51,11744,0,0,0,145,0,0,0,30,3,0,0,0,4,0,0,0,0,0,0,0,838,14544,0,0,12,0,236,88,16659,0,0,642,5488,0,0,42,0,0,0,11447,0,0,0,55022,0,1,0,0,0,0,5480,0,0,0,0,0,8445,0,64770,69118,33293,8604,3247,2865,63,28,184455,289638,10249,533,0,0,90,0,0,0,0,1551,0,0,0,0,0,125,0,0,0,0,0,0,0,0,0,0,0,0,0,0,0,0,0,0,0,0,0,0,684,0,0,0,0,0,0,0,0,17887,16726,178068,51,0,0,3,4,0,0
TX,48217,67117,10866,0,37370,7,2444,0,0,0,0,0,0,0,0,54301,0,57,9,5120,2,0,0,0,0,0,0,0,40889,0,0,0,0,0,0,0,0,0,7,0,0,0,0,0,0,0,0,0,0,0,281,0,0,0,0,0,0,0,220,0,0,0,0,17769,0,37873,4533,1050,514,729,47728,16786,0,12,269356,15787,11,0,1,0,0,0,1,0,0,0,0,0,0,0,0,0,0,0,0,0,95,0,0,0,0,0,0,0,0,0,47,0,0,0,0,0,0,0,0,0,0,0,0,0,0,0,67212,10866,37417,64,0,0,54500,5120,1,0
TX,48219,1870,307849,0,3912,0,2,39,0,0,0,0,19,0,3,9379,0,0,11,0,2,0,0,0,0,0,0,162,2112,0,0,0,0,0,112,0,0,0,0,0,0,0,0,0,0,0,0,0,37,0,4541,0,0,0,0,0,0,0,0,0,0,0,0,86,0,42073,3771,551,214,224,42,0,0,60778,140299,0,505,0,72,0,0,0,0,0,0,0,0,0,0,0,0,0,0,0,0,0,24,0,0,0,0,0,0,0,0,5,793,0,2010,0,0,0,0,0,0,0,0,0,0,0,0,0,1894,309859,4710,0,24,0,12206,0,0,0
TX,48221,2,2,0,129,0,0,0,0,0,0,0,0,0,0,2148,0,0,1,180,0,0,0,0,0,0,0,8,1497,0,0,0,0,0,17,0,0,0,0,0,0,0,0,0,0,0,0,0,0,0,544,0,2,0,0,0,0,0,3,0,0,0,0,8934,0,28832,4970,1331,549,111,31680,32996,0,1314,162675,1577,12,0,1,0,0,0,2,0,0,0,0,0,0,0,0,0,0,0,0,0,0,0,0,0,0,0,0,0,0,0,0,0,0,0,0,0,0,0,0,0,0,0,0,0,0,0,2,2,129,0,0,0,2148,180,2,0
TX,48223,2494,8,100,475,242,9,0,0,0,0,0,0,0,0,1762,0,0,1,52,0,0,0,16,0,0,0,25,62924,0,0,0,0,0,0,0,0,0,0,0,0,0,5,0,0,0,0,15,2,0,408,0,0,0,0,0,0,0,0,0,0,0,6,11246,0,8443,21402,1698,609,203,83216,868,8,2880,269103,38485,636,0,13,0,0,0,0,0,0,0,0,0,0,0,0,0,0,0,0,11,0,0,0,0,0,0,0,0,0,0,1,0,0,0,0,0,0,0,0,0,0,0,0,0,0,0,2494,8,476,242,0,0,1763,52,0,0
TX,48225,1263,2060,5,86,1,0,1,0,0,0,0,0,0,0,1878,0,0,0,77,0,0,0,0,0,0,0,0,12350,0,0,0,0,0,0,0,0,0,0,0,0,0,6,0,0,0,0,0,4,0,2783,0,0,0,1,0,0,0,23,0,0,0,1,5585,0,21874,14208,847,331,130,19097,204862,26024,70065,303811,103759,445,0,0,0,0,0,0,0,0,0,0,0,0,0,0,0,0,0,0,0,0,0,0,0,0,0,0,0,0,0,0,0,0,0,0,0,0,0,0,0,0,0,0,0,0,0,1263,2060,86,1,0,0,1878,77,0,0
TX,48227,0,152228,0,338,0,8,1,0,0,0,0,0,0,0,7603,0,0,2,0,0,0,0,0,0,0,0,108,18,0,0,0,0,0,0,0,0,0,0,0,0,0,0,0,0,0,0,0,0,0,3549,0,0,0,0,0,0,0,12,0,0,0,0,2322,0,24672,7694,1145,389,643,2210,124,1,298515,76912,156,5,0,0,0,0,0,0,0,0,0,0,0,0,0,0,0,0,0,0,0,0,0,0,0,0,0,0,0,0,0,10,0,24,0,0,0,0,0,0,0,0,0,0,0,0,0,0,152252,348,0,0,0,7637,0,0,0
TX,48229,3,7806,0,389,0,0,0,0,0,0,0,0,0,1,279,0,0,0,1529,0,0,0,0,0,0,0,14171,1601,0,0,0,0,0,0,0,0,0,0,0,0,0,0,0,0,0,0,0,0,0,15316,0,0,0,0,0,0,0,292,0,0,0,0,596,0,10966,3194,254,57,117884,0,6803,0,2717209,21554,4221,63,0,212,0,0,0,0,0,0,0,0,1651,0,0,0,0,0,0,0,0,0,0,0,0,0,0,0,0,0,0,0,0,0,0,0,0,0,0,0,0,0,0,0,0,0,0,3,7806,389,0,0,0,279,1529,0,0
TX,48231,5025,498,0,13319,4395,526,0,0,0,0,0,0,0,0,32790,0,2,4,398,0,0,0,0,0,0,0,1,33956,0,0,0,0,0,0,0,5,0,0,0,0,0,0,0,0,0,0,245,352,0,1201,0,0,0,0,0,0,0,12,0,0,0,0,22845,0,27774,14626,2710,1187,687,95920,272,203,1983,294148,8108,1129,0,92,0,0,0,7,0,0,0,0,0,0,0,0,0,0,0,0,0,6,0,0,0,0,0,0,0,0,0,175,0,0,0,0,0,0,0,0,0,0,0,0,0,0,0,5031,498,13494,4397,0,0,32973,398,7,0
TX,48233,6270,278,0,8598,65,0,0,0,0,0,0,0,0,0,60570,0,0,1,0,0,0,0,0,0,0,0,170,1,0,0,0,0,0,0,0,0,0,0,0,0,0,0,0,0,0,0,0,0,0,4716,0,0,0,0,0,0,0,0,0,0,0,0,3931,0,13129,8082,1468,795,967,3,0,1,200241,259600,1087,155,0,14,0,0,0,0,0,0,0,0,0,0,0,0,0,0,0,0,0,782,0,0,0,0,0,0,0,0,0,1814,19,4,0,0,0,0,0,0,0,0,0,0,0,0,0,7071,282,10412,65,19,0,63170,0,0,0
TX,48235,12,1456,0,85,0,0,0,0,0,0,0,0,0,0,1390,0,0,0,10,0,0,0,0,0,0,0,0,0,0,0,0,0,0,0,0,0,0,0,0,0,0,0,0,0,0,0,0,3,0,291,0,0,0,0,0,0,0,2,0,0,0,0,52,0,12387,2395,527,43,11,1425,491,0,652099,5,209,0,0,0,0,0,0,0,0,0,0,0,0,0,0,0,0,0,0,0,0,0,0,0,0,0,0,0,0,0,0,124,0,6,0,0,0,0,0,0,0,0,0,0,0,0,0,12,1462,209,0,0,0,1520,10,0,0
TX,48237,0,4,0,37,0,0,0,0,0,0,0,0,0,0,15266,0,0,1,30,0,0,0,0,0,0,0,0,908,0,0,0,0,0,0,0,0,0,0,0,0,0,0,0,0,0,0,0,0,0,714,0,0,0,0,0,0,0,1,0,0,0,0,1873,0,36443,1806,469,140,125,122399,10846,0,28573,368878,345,15,0,1,0,0,0,0,0,0,0,0,0,0,0,0,0,0,0,0,0,0,0,0,0,0,0,0,0,0,0,0,0,0,0,0,0,0,0,0,0,0,0,0,0,0,0,0,4,37,0,0,0,15266,30,0,0
TX,48239,109494,10906,9607,13445,1381,0,0,0,0,0,0,0,0,0,5831,0,0,16,0,0,0,0,0,0,0,0,0,12823,0,0,0,0,0,0,0,0,0,0,0,0,0,0,0,0,0,19,0,415,0,10828,0,0,0,0,0,0,0,3,0,0,0,1003,13601,0,19713,2853,673,205,210,33874,24340,304,21727,209226,29505,13571,0,0,0,0,0,0,0,0,0,0,0,0,0,0,0,0,0,0,0,0,0,0,0,0,0,0,0,0,0,0,0,0,0,0,1,0,0,0,0,0,0,0,0,0,0,109495,10906,13445,1382,0,0,5831,0,0,0
TX,48241,2,0,102,3,12,0,0,0,0,0,0,0,0,0,3,0,3,0,1,0,0,0,0,0,0,0,0,116,0,0,0,0,0,0,0,0,0,0,0,0,0,1,0,4,0,0,0,2,0,8,0,0,0,0,0,0,0,0,0,0,0,1,17850,0,27654,11194,2028,809,334,184,210337,7405,76903,64770,197266,3566,0,0,0,0,0,0,0,0,0,0,0,0,0,0,0,0,0,0,0,0,0,0,0,0,0,0,0,0,0,0,0,0,0,0,0,0,0,0,0,0,0,0,0,0,0,2,0,3,15,0,0,6,1,0,0
TX,48243,0,13,0,0,0,0,0,0,0,0,0,0,0,0,0,0,0,0,0,0,0,0,0,0,0,0,2,0,0,0,0,0,0,0,0,0,0,0,0,0,0,0,0,0,0,0,0,0,0,34,0,0,0,0,0,0,0,4,0,0,0,0,0,0,2924,391,20,2,149,591,220559,0,1100646,124028,24,0,0,0,0,0,0,0,0,0,0,0,0,0,0,0,0,0,0,0,0,0,0,0,0,0,0,0,0,0,0,0,0,0,0,0,0,0,0,0,0,0,0,0,0,0,0,0,13,0,0,0,0,0,0,0,0
TX,48245,1,7,29063,3704,2558,0,0,0,0,0,0,0,0,0,718,0,0,0,0,0,0,0,0,0,0,0,0,5739,0,0,0,0,0,0,0,0,0,0,0,0,0,0,0,0,0,0,0,1881,0,8894,0,0,0,0,16,0,0,0,0,0,0,1800,42463,0,25783,54050,17894,9435,744,14,1874,1475,3532,174437,69598,178092,0,0,0,0,0,0,0,0,0,0,0,0,0,0,0,0,0,0,0,0,0,0,0,0,0,0,0,0,0,0,0,0,0,0,0,0,0,0,0,0,0,0,0,0,0,1,7,3704,2558,0,0,718,0,0,0
TX,48247,1,5,0,85,0,2,0,0,0,0,0,0,0,0,0,0,0,0,0,0,0,0,0,0,0,0,0,638,0,0,0,0,0,0,0,0,0,0,0,0,0,0,0,0,0,0,0,0,0,12,0,0,0,0,0,0,0,0,0,0,0,0,14,0,24565,2681,328,33,534,126,649,5,190611,506697,171,7,0,0,0,0,0,0,0,0,0,0,0,0,0,0,0,0,0,0,0,0,0,0,0,0,0,0,0,0,0,0,0,0,0,0,0,0,0,0,0,0,0,0,0,0,0,1,5,85,0,0,0,0,0,0,0
TX,48249,62486,23879,1,18992,0,2167,0,0,0,0,0,0,0,631,4,0,0,0,1,0,0,0,0,0,0,0,0,13067,0,0,0,0,0,0,3,0,0,0,0,0,0,0,0,0,0,0,0,0,0,8110,0,0,0,0,0,0,0,6,0,0,0,0,1514,0,27074,7093,2311,463,277,6391,10,0,227011,151494,2537,101,0,43,0,0,0,0,0,0,0,0,0,0,0,0,0,0,0,0,0,0,0,0,0,0,0,0,0,0,0,18,0,0,0,0,0,0,0,0,0,0,0,0,0,0,0,62486,23879,19010,0,0,0,22,1,0,0
TX,48251,4950,221,0,14340,0,205,0,0,0,0,0,17,0,0,22867,0,0,0,2254,0,0,0,0,0,0,0,1,25230,0,0,0,0,0,0,0,0,0,0,0,0,0,0,0,0,0,0,0,0,0,2109,0,0,0,0,0,0,0,3,0,0,0,0,3160,0,35450,11779,3527,1599,982,48519,19372,0,143,267194,5908,5,0,2,0,0,0,0,0,0,0,0,0,0,0,0,0,0,0,0,0,0,0,0,0,0,0,0,0,0,0,0,0,0,0,0,0,0,0,0,0,0,0,0,0,0,0,4950,221,14340,0,17,0,22867,2254,0,0
TX,48253,60,81489,0,11566,0,49,4,0,0,0,0,1354,0,4,193034,0,0,61,125,0,0,0,0,0,0,0,4,1759,0,0,0,0,0,193,0,0,0,0,0,0,0,0,0,0,0,55,0,0,0,6531,0,0,0,0,0,0,0,0,0,0,0,0,2781,0,34616,2289,638,240,13,3296,2328,33,198222,55293,29,0,0,2,0,0,0,0,0,0,0,0,0,0,0,0,0,0,0,0,0,0,0,0,0,0,0,0,0,0,0,875,0,2824,0,0,0,0,0,0,0,0,0,0,0,0,0,60,84313,12441,0,1354,0,196733,125,0,0
TX,48255,12205,534,0,5683,0,0,15,0,0,0,0,0,0,14,6798,0,0,0,326,0,0,0,0,0,0,0,0,30931,0,0,0,0,0,0,0,0,0,0,0,0,0,0,0,0,0,0,38,2,0,2137,0,0,0,0,0,0,0,3,0,0,0,0,712,0,14445,8704,1484,171,122,2444,288,2228,182170,201799,8993,9,0,5,0,0,0,0,0,0,0,0,0,0,0,0,0,0,0,0,0,0,0,0,0,0,0,0,0,0,0,10,0,0,0,0,0,0,0,0,0,0,0,0,0,0,0,12205,534,5693,0,0,0,6808,326,0,0
TX,48257,3454,338,0,4225,3889,697,0,0,0,0,0,1,0,0,23803,0,1,1,303,0,0,0,0,0,0,0,1,7124,0,0,0,0,0,191,0,0,0,0,0,0,0,0,0,0,0,2,0,52,0,3389,0,0,0,0,0,0,0,0,0,0,0,0,16016,0,22395,13730,4139,1344,174,68108,218,208,1895,327200,13137,439,0,0,0,0,0,0,0,0,0,0,0,0,0,0,0,0,0,0,0,0,0,0,0,0,0,0,0,0,0,0,0,0,0,0,0,0,0,0,0,0,0,0,0,0,0,3454,338,4225,3890,1,0,23804,303,0,0
TX,48259,66,3,0,700,0,0,0,0,0,0,8,0,0,8,385,0,0,0,1048,0,0,0,0,0,0,0,0,645,0,0,0,0,0,1,0,0,0,0,0,0,0,0,0,0,0,0,0,1,0,393,0,0,0,0,0,0,0,9,0,0,0,0,522,0,13055,1338,494,226,110,13400,143294,9,208285,40343,20,0,0,0,0,0,0,0,0,0,0,0,0,0,0,0,0,0,0,0,0,0,8,0,0,0,0,0,0,0,0,0,0,0,0,0,0,0,0,0,0,0,0,0,0,0,0,74,3,700,0,0,0,385,1056,0,0
TX,48261,2,492,0,1638,1,1,0,0,0,0,0,0,0,0,0,0,0,0,0,0,0,0,0,0,0,0,0,590,0,0,0,0,0,8,0,0,0,0,0,0,0,0,0,0,0,8,0,0,0,316,0,0,0,0,0,0,6,0,0,0,0,0,941,0,21610,3268,329,14,31961,12776,57941,0,208645,543781,7224,14593,0,0,0,0,0,0,0,0,0,0,0,0,0,0,0,0,0,0,0,0,0,0,0,0,0,0,0,0,0,0,0,0,0,0,0,0,0,0,0,0,0,0,0,0,0,2,492,1638,1,0,0,0,0,0,0
TX,48263,0,9561,0,1863,0,0,0,0,0,0,0,2,0,0,11550,0,0,1,2,0,0,0,0,0,0,0,3,12,0,0,0,0,0,0,0,0,0,0,0,0,0,0,0,0,0,0,0,0,0,6568,0,0,0,0,0,0,0,3,0,0,0,0,383,0,8721,518,21,5,835,124,2737,142,479543,55143,15,0,0,0,0,0,0,0,0,0,0,0,0,0,0,0,0,0,0,0,0,0,0,0,0,0,0,0,0,0,0,73,0,46,0,0,0,0,0,0,0,0,0,0,0,0,0,0,9607,1936,0,2,0,11669,2,0,0
TX,48265,40,8,0,474,0,0,0,0,0,0,0,0,0,1,227,0,0,0,835,0,0,0,0,0,0,0,0,1261,0,0,0,0,0,0,0,0,0,0,0,0,0,0,0,0,0,0,0,3,0,789,0,0,0,0,0,0,0,1,0,0,0,0,875,0,26962,3768,1469,532,66,31553,212511,1,409458,18051,14,0,0,0,0,0,0,0,0,0,0,0,0,0,0,0,0,0,0,0,0,9,3,0,0,0,0,0,0,0,0,0,0,0,0,0,0,0,0,0,0,0,0,0,0,0,0,52,8,474,0,0,0,236,838,0,0
TX,48267,6,26,0,47,0,0,0,0,0,0,0,10,0,2,155,0,0,0,1037,0,0,0,0,0,0,0,3,368,0,0,0,0,0,0,0,0,0,0,0,0,0,0,0,0,0,0,0,1,0,904,0,0,0,0,0,0,0,1,0,0,0,0,523,0,13723,2002,714,93,32,65141,79646,0,628918,7182,61,5,0,0,0,0,0,0,0,0,0,0,0,0,0,0,0,0,0,0,0,0,0,0,0,0,0,0,0,0,0,4,0,0,0,0,0,0,0,0,0,0,0,0,0,0,0,6,26,51,0,10,0,159,1037,0,0
TX,48269,0,4165,0,1174,0,0,0,0,0,0,0,0,0,0,13257,0,0,0,0,0,0,0,0,0,0,0,0,4,0,0,0,0,0,0,0,0,0,0,0,0,0,0,0,0,0,0,0,0,0,779,0,0,0,0,0,0,0,0,0,0,0,0,83,0,7657,782,12,2,127,18,47203,139,501536,7523,46,0,0,0,0,0,0,0,0,0,0,0,0,0,0,0,0,0,0,0,0,0,0,0,0,0,0,0,0,0,0,19,0,7,0,0,0,0,0,0,0,0,0,0,0,0,0,0,4172,1193,0,0,0,13283,0,0,0
TX,48271,345,467,0,106,0,0,0,0,0,0,0,0,0,386,808,0,0,4,102,0,0,0,0,0,0,0,0,644,0,0,0,0,0,11,0,0,0,2,1,0,0,0,0,0,0,3,0,0,0,1518,0,0,0,0,0,0,0,0,0,0,0,0,284,0,13588,6085,918,49,623,9894,36786,0,697595,96491,6560,525,0,0,0,0,0,0,0,0,0,0,0,0,0,0,0,0,0,0,0,2,1,0,0,0,0,0,0,0,0,0,0,1,0,0,0,0,0,0,0,0,0,0,0,0,0,348,468,106,0,0,0,811,103,0,0
TX,48273,123,41962,0,45335,0,5,0,0,0,0,0,0,0,19,591,0,0,0,11,0,0,0,0,0,0,0,0,5577,0,0,0,0,0,48,3,0,0,2,0,0,0,0,0,0,0,22,0,0,0,457,0,0,0,0,0,0,6,0,0,0,0,0,1905,0,21566,4970,2316,629,10966,3574,64,0,184802,212795,6777,22653,0,0,0,0,0,0,0,11,0,0,0,0,0,0,0,0,0,0,0,0,0,0,0,0,0,0,0,0,0,0,0,0,0,0,0,0,0,0,0,0,0,0,0,0,0,123,41962,45335,0,0,0,591,11,0,0
TX,48275,0,16839,0,1254,0,0,3,0,0,0,0,0,0,0,188380,0,0,12,240,9,0,2,0,0,0,0,24,258,0,0,0,0,0,437,0,0,0,0,0,0,0,0,0,0,0,1,0,0,0,1699,0,0,0,0,0,0,0,1,0,0,0,0,1647,0,17267,874,81,24,37,741,17594,872,283945,12416,167,1,0,98,0,0,0,0,0,0,0,0,0,0,0,0,0,0,0,0,0,0,0,0,0,0,0,0,0,0,0,723,0,1837,0,0,0,0,0,0,0,0,0,0,0,0,0,0,18676,1977,0,0,0,190940,240,0,0
TX,48277,21637,485,47,6481,6517,1707,0,0,0,0,0,0,0,0,31367,0,1037,87,65,0,0,40,0,0,0,0,760,132207,0,0,0,0,0,0,0,0,0,0,0,0,0,0,0,0,0,0,0,83,0,1774,0,0,0,0,0,0,0,419,0,0,0,136,11325,0,24194,6917,1483,770,213,148881,2699,47,1794,182160,11020,133,0,0,0,0,0,0,0,0,0,0,0,0,0,0,0,0,0,0,164,153,0,0,0,0,0,0,0,0,0,0,0,0,0,0,0,0,0,0,0,0,0,0,0,0,0,21790,485,6481,7554,0,0,32557,65,0,0
TX,48279,30275,207798,0,20591,0,17,9,0,0,0,0,13,0,0,49515,0,0,1204,0,0,0,0,0,0,0,0,1784,5420,0,0,0,0,0,0,0,0,0,0,0,34,0,0,0,0,0,0,0,1,2,3093,0,0,0,0,0,0,0,0,0,0,0,0,453,0,42511,3024,324,108,175,53,0,4,354,277255,3,1109,0,632,0,0,0,0,0,0,0,0,0,0,0,0,0,0,0,0,0,502,1,0,0,0,0,0,0,0,8,4219,0,857,0,0,0,0,0,0,0,0,0,0,0,0,0,30778,208655,24818,0,21,0,55093,1,0,0
TX,48281,271,19,0,2011,0,0,0,0,0,0,0,10,0,0,2089,0,0,0,4399,0,0,0,0,0,0,0,0,2100,0,0,0,0,0,0,0,0,0,0,0,0,0,0,0,0,0,0,0,0,0,1197,0,0,0,0,0,0,0,11,0,0,0,0,503,0,17536,2101,677,191,115,22613,84099,0,211454,105115,167,0,0,13,0,0,0,0,0,0,0,0,0,0,0,0,0,0,0,0,0,0,0,0,0,0,0,0,0,0,0,14,0,0,0,0,0,0,0,0,0,0,0,0,0,0,0,271,19,2025,0,10,0,2103,4399,0,0
TX,48283,914,109,0,2894,0,0,79,0,0,0,0,0,0,112,517,0,0,6,199,0,0,0,0,0,0,0,0,55,0,0,0,0,19,1,0,0,0,41,0,0,0,0,0,0,0,4,0,4,0,7567,0,0,0,0,0,0,0,12,0,0,0,0,722,0,17252,16819,3045,82,60,12,21,13,687831,199635,13733,4457,0,93,0,0,0,0,0,0,0,0,0,0,0,0,0,0,0,0,0,0,0,0,0,0,0,0,0,0,0,2,0,0,0,0,0,0,0,0,0,0,0,0,0,0,0,914,109,2896,0,0,0,519,199,0,0
TX,48285,3263,24,2369,1414,451,0,0,0,0,0,0,0,0,0,471,0,1,78,107,0,0,0,0,0,0,0,0,11347,0,0,0,0,0,0,0,0,0,0,0,0,0,0,0,0,0,2,0,1,0,9723,0,0,0,0,0,0,0,83,0,0,0,8,455,0,32540,2490,550,165,74,124270,45589,392,49095,297514,38545,58,0,0,0,0,0,0,0,0,0,0,0,0,0,0,0,0,0,0,0,0,0,0,0,0,0,0,0,0,0,0,0,0,0,0,0,0,0,0,0,0,0,0,0,0,0,3263,24,1414,452,0,0,472,107,0,0
TX,48287,841,48,1,305,2,0,0,0,0,0,0,0,0,5,165,0,0,0,376,0,0,0,0,0,0,0,0,8848,0,0,0,0,0,0,0,0,0,0,0,0,0,0,0,0,0,0,0,0,0,125,0,0,0,0,0,0,0,47,0,0,0,0,1069,0,20400,2343,796,200,163,74322,11336,12742,54545,195817,20799,465,0,0,0,0,0,0,0,0,0,0,0,0,0,0,0,0,0,0,0,0,0,0,0,0,0,0,0,0,0,0,0,0,0,0,0,0,0,0,0,0,0,0,0,0,0,841,48,305,2,0,0,165,376,0,0
TX,48289,1074,336,2,1199,0,0,0,0,0,0,0,0,0,0,1562,0,0,3,623,0,0,0,0,0,0,0,0,6430,0,0,0,0,0,0,0,0,0,0,0,0,0,0,0,0,0,0,0,1,0,177,0,0,0,0,0,0,0,2,0,0,0,0,7402,0,21059,18403,1705,364,2715,79498,18861,91940,54231,309682,73839,383,0,0,0,0,0,0,0,0,0,0,0,0,0,0,0,0,0,0,0,0,0,0,0,0,0,0,0,0,0,0,0,0,0,0,0,0,0,0,0,0,0,0,0,0,0,1074,336,1199,0,0,0,1562,623,0,0
TX,48291,4557,41,7416,13302,5414,0,0,0,0,0,0,0,0,0,27,0,9,0,0,0,0,0,0,0,0,0,0,15279,0,0,0,118,0,0,0,0,0,0,0,0,0,0,0,10,0,0,0,1902,0,7780,0,0,0,0,16,0,0,0,0,0,0,108,7510,0,34526,15296,2228,1010,1399,1686,57755,29196,40012,197658,302507,6122,0,0,0,0,0,0,0,0,0,0,0,0,0,0,0,0,0,0,0,0,0,0,0,0,0,0,0,0,0,0,0,0,0,0,0,0,0,0,0,0,0,0,0,0,0,4557,41,13302,5423,0,0,36,0,0,0
TX,48293,10873,1706,0,6685,35,55,0,0,0,0,0,11,0,0,11920,0,1,1,10291,20,0,0,0,0,0,0,2,20702,0,0,0,0,0,0,0,0,0,2,0,0,0,0,0,0,0,0,0,1,0,86,0,0,0,0,0,0,0,8,0,0,0,0,11923,0,23540,6223,1694,499,1218,97582,5593,14150,11990,352625,7686,103,0,0,0,0,0,0,0,0,0,0,0,0,0,0,0,0,0,0,0,0,0,0,0,0,0,0,0,0,0,2,0,0,0,0,0,0,0,0,0,0,0,0,0,0,0,10873,1706,6687,36,11,0,11923,10291,0,0
TX,48295,1776,15,0,2870,144,0,0,0,0,0,0,0,0,0,34061,0,0,2,510,0,0,0,0,0,0,0,84,253,0,0,0,0,0,0,0,0,0,0,0,0,0,0,0,0,0,0,0,0,0,6898,0,0,0,0,0,0,0,0,0,0,0,0,28,0,12059,1280,97,13,1003,1,2,0,46502,483901,550,0,0,734,0,0,0,0,0,0,0,0,0,0,0,0,0,0,0,0,0,1811,0,0,0,0,0,0,0,0,0,1971,0,55,0,0,0,0,0,0,0,0,0,0,0,0,0,3587,70,4841,144,0,0,37898,510,0,0
TX,48297,10412,1005,0,8584,0,1,24,0,0,0,0,0,0,69,548,0,0,0,71,0,0,0,0,0,0,0,0,37949,0,0,0,0,0,0,0,0,0,0,0,0,0,0,0,0,0,0,0,0,0,2324,0,0,0,0,0,0,0,1,0,0,0,0,21751,0,12873,17493,3122,170,335,1976,12,1,393515,170874,7046,139,0,188,0,0,0,0,0,0,0,0,0,0,0,0,0,0,0,0,0,0,0,0,0,0,0,0,0,0,0,0,0,0,0,0,0,0,0,0,0,0,0,0,0,0,0,10412,1005,8584,0,0,0,548,71,0,0
TX,48299,7,0,0,68,0,0,2,0,0,0,1,0,0,2,139,0,0,0,212,0,0,0,0,0,0,0,0,1410,0,0,0,0,0,1,0,0,0,0,0,0,0,0,0,0,0,0,0,122,0,309,0,0,0,0,0,0,0,17,0,0,0,0,14918,0,20961,1820,559,192,5,9969,156357,0,279982,130897,12,0,0,0,0,0,0,0,0,0,0,0,0,0,0,0,0,0,0,0,0,0,0,0,0,0,0,0,0,0,0,1,0,0,0,0,0,0,0,0,0,0,0,0,0,0,0,7,0,69,0,0,0,140,212,0,0
TX,48301,0,0,0,0,0,0,0,0,0,0,0,0,0,0,0,0,0,0,0,0,0,0,0,0,0,0,0,0,0,0,0,0,0,0,0,0,0,0,0,0,0,0,0,0,0,0,0,0,0,16,0,0,0,0,0,0,0,0,0,0,0,0,1500,0,440,19,6,1,693,0,0,0,430151,205,154,0,0,0,0,0,0,0,0,0,0,0,0,0,0,0,0,0,0,0,0,0,0,0,0,0,0,0,0,0,0,0,0,0,0,0,0,0,0,0,0,0,0,0,0,0,0,0,0,0,0,0,0,0,0,0,0
TX,48303,3042,339190,0,2810,0,154,0,0,0,0,0,0,0,1,13479,0,0,5,0,0,0,0,0,0,0,0,143,1434,0,0,0,0,0,48,0,0,0,0,0,0,0,0,0,0,0,0,0,0,0,28335,0,0,0,0,0,0,0,58,0,0,0,0,760,0,36593,27305,8073,3967,73,795,10,0,4944,103869,0,116,0,0,0,0,0,0,0,0,0,0,0,0,0,0,0,0,7,0,0,19,9,0,0,0,0,0,0,0,0,229,0,965,0,0,0,0,0,0,0,0,0,0,0,0,0,3070,340155,3039,0,0,0,14692,9,0,0
TX,48305,801,386077,0,2091,0,4,0,0,0,0,0,0,0,0,7517,0,0,4,0,0,0,0,0,0,0,0,188,209,0,0,0,0,0,336,0,0,0,0,0,0,0,0,0,0,0,0,0,0,0,5124,0,0,0,0,0,0,0,2,0,0,0,0,3030,0,26919,1287,83,18,34,573,31,0,33221,101077,18,1768,0,0,0,0,0,0,0,0,0,0,0,0,0,0,0,0,0,0,0,25,22,0,0,0,0,0,0,0,0,61,0,1293,0,0,0,0,0,0,0,0,0,0,0,0,0,848,387370,2152,0,0,0,8896,22,0,0
TX,48307,667,7894,0,4602,0,0,0,0,0,0,0,743,0,0,53151,0,0,0,3053,84,0,130,0,305,0,0,2,6182,0,0,0,0,0,0,0,0,0,0,0,0,0,0,0,0,0,0,0,1648,0,9144,0,0,0,0,0,0,0,3,0,0,0,0,1846,0,32369,1510,302,151,41,18700,52017,0,456994,34261,2,0,0,41,0,0,0,0,0,0,0,0,0,0,0,0,0,0,0,0,0,20,0,0,0,0,0,0,0,0,0,111,0,982,0,0,0,0,0,0,0,0,0,0,0,0,0,687,8876,4713,0,743,0,54264,3053,0,0
TX,48309,61171,5274,0,17311,21,42,0,0,0,0,0,0,0,0,48831,0,0,0,18205,0,0,0,0,0,0,0,2,29838,0,0,0,0,0,0,0,0,0,56,0,0,0,2,0,0,0,0,0,0,0,1463,0,0,0,0,0,0,0,577,0,0,0,0,15722,0,54304,14221,6800,4064,376,31938,23362,2,71,315938,28605,113,0,57,0,0,0,0,0,0,0,0,0,0,0,0,0,0,0,0,0,51,0,0,0,0,0,0,0,0,0,122,0,0,0,0,0,0,0,0,0,0,0,0,0,0,0,61222,5274,17433,21,0,0,49004,18205,0,0
TX,48311,69,51,0,2076,0,0,0,0,0,0,0,0,0,2,31,0,0,0,36,0,0,0,0,0,0,0,0,482,0,0,0,0,0,0,0,0,0,0,0,0,0,0,0,0,0,1,0,0,0,2167,0,0,0,0,0,0,0,11,0,0,0,0,10897,0,5204,17081,2389,25,262,37,9,7,531813,152693,5381,403,0,159,0,0,0,0,0,0,0,0,0,0,0,0,0,0,0,0,0,0,0,0,0,0,0,0,0,0,0,0,0,0,0,0,0,0,0,0,0,0,0,0,0,0,0,69,51,2076,0,0,0,31,36,0,0
TX,48313,275,187,0,307,3,0,0,0,0,0,0,0,0,0,430,0,0,0,265,0,0,0,0,0,0,0,0,4505,0,0,0,0,0,0,0,0,0,0,0,0,0,0,0,0,0,0,0,2,0,273,0,0,0,0,0,0,0,9,0,0,0,4,1599,0,6791,8644,710,150,111,11506,3804,8468,6746,199967,47470,147,0,0,0,0,0,0,0,0,0,0,0,0,0,0,0,0,0,0,0,0,0,0,0,0,0,0,0,0,0,0,0,0,0,0,0,0,0,0,0,0,0,0,0,0,0,275,187,307,3,0,0,430,265,0,0
TX,48315,0,0,0,0,0,0,0,0,0,0,0,0,0,0,0,0,0,0,0,0,0,0,0,0,0,0,0,39,0,0,0,0,0,0,0,0,0,0,0,0,0,0,0,0,0,0,0,0,0,0,0,0,0,0,0,0,0,0,0,0,0,0,19917,0,10311,4532,356,98,14,24715,74405,34165,32248,20171,45572,2451,0,0,0,0,0,0,0,0,0,0,0,0,0,0,0,0,0,0,0,0,0,0,0,0,0,0,0,0,0,0,0,0,0,0,0,0,0,0,0,0,0,0,0,0,0,0,0,0,0,0,0,0,0,0,0
TX,48317,1,216547,0,246,0,4,4,0,0,0,0,0,0,0,6978,0,0,6,0,0,0,0,0,0,0,0,515,38,0,0,0,0,0,324,0,0,0,0,0,0,0,0,0,0,0,0,0,111,0,1359,0,0,0,0,0,0,0,14,0,0,0,0,530,0,22630,1224,101,31,200,318,56,22,317684,15809,362,36,0,0,0,0,0,0,0,0,0,0,0,0,0,0,0,0,0,0,0,0,0,0,0,0,0,0,0,0,0,26,0,829,0,0,0,0,0,0,0,0,0,0,0,0,0,1,217376,272,0,0,0,7833,0,0,0
TX,48319,4,10,0,162,0,0,0,0,0,0,0,11,0,0,872,0,0,0,965,0,0,0,0,0,0,0,0,2791,0,0,0,0,0,1,0,0,0,0,0,0,0,0,0,0,0,0,0,399,0,1942,0,0,0,0,0,0,0,2,0,0,0,0,762,0,19765,225,69,49,10,21325,95898,0,404965,46548,1,0,0,0,0,0,0,0,0,0,0,0,0,0,0,0,0,0,0,0,0,7,0,0,0,0,0,0,0,0,0,2,0,2,0,0,0,0,0,0,0,0,0,0,0,0,0,11,12,164,0,11,0,883,965,0,0
TX,48321,55345,21512,2569,43808,9052,0,0,0,0,0,0,0,0,0,1053,0,5,0,0,0,0,0,0,0,0,0,0,17576,0,0,0,0,0,1,0,0,0,0,0,0,0,0,0,0,0,30,3,8617,0,10926,0,0,0,0,0,0,0,0,0,0,0,2788,20489,0,25113,7363,1819,545,3657,6391,8179,108,10430,256958,100317,114194,0,0,0,0,0,0,0,0,0,0,0,0,0,0,0,0,0,0,0,0,0,0,0,0,0,0,0,0,0,0,0,0,0,0,0,0,0,0,0,0,0,0,0,0,0,55345,21512,43808,9057,0,0,1058,0,0,0
TX,48323,469,580,0,3864,0,0,0,0,0,0,0,0,0,10,604,0,0,81,56,0,0,0,0,0,0,0,0,142,0,0,0,0,0,83,0,0,0,3,561,0,0,0,0,0,0,0,0,0,0,222,0,48,0,0,0,0,0,779,0,0,0,0,2799,0,16960,24299,9177,2113,187,242,51,5,592265,165594,4711,658,0,16,0,0,0,0,0,0,0,0,0,0,0,0,0,0,0,0,0,87,0,0,0,0,0,0,0,0,0,17,0,26,0,0,0,0,0,0,0,0,0,0,0,0,0,556,606,3881,0,0,0,734,56,0,0
TX,48325,33147,10235,0,14464,0,321,26,0,8,0,0,0,0,141,21486,0,0,2,5890,17,0,0,0,0,0,0,0,12785,0,0,0,0,2,514,0,0,0,0,0,0,0,0,0,0,0,85,0,6,0,13069,0,0,0,0,0,0,0,22,0,0,0,0,3024,0,50526,5571,1169,255,187,21525,184030,62,374201,95832,4551,14,0,38,0,0,0,0,0,0,0,0,0,0,0,0,0,0,0,0,0,456,235,0,0,0,0,0,0,0,0,122,0,72,0,0,0,0,0,0,0,0,0,0,0,0,0,33838,10307,14586,0,0,0,22136,6125,0,0
TX,48327,25,72,0,1190,0,0,0,0,0,0,0,93,0,0,2503,0,0,0,203,2,0,0,0,0,0,0,0,739,0,0,0,0,0,0,0,0,0,0,0,0,0,0,0,0,0,0,0,54,0,1225,0,0,0,0,0,0,0,163,0,0,0,0,213,0,11295,333,110,69,6,7020,4958,0,544258,2560,213,0,0,1,0,0,0,0,0,0,0,0,0,0,0,0,0,0,0,0,0,100,0,0,0,0,0,0,0,0,0,28,0,14,0,0,0,0,0,0,0,0,0,0,0,0,0,125,86,1218,0,93,0,2645,203,0,0
TX,48329,0,30561,0,331,0,6,18,0,0,0,0,0,0,37,2230,0,0,0,0,0,0,0,0,0,0,0,272,1244,0,0,0,0,0,2,0,0,0,0,0,0,0,0,0,0,0,0,0,35,0,4316,0,0,0,0,0,0,0,90,0,0,0,0,238,0,19702,15680,3755,1627,358,143,5,381,489484,4388,1756,50,0,0,0,0,0,0,0,0,0,0,0,0,0,0,0,0,0,0,0,0,0,0,0,0,0,0,0,0,0,26,0,567,0,0,0,0,0,0,0,0,0,0,0,0,0,0,31128,357,0,0,0,2823,0,0,0
TX,48331,42164,6856,10,16638,448,1,0,0,0,0,0,0,0,1,25341,0,1,1,13904,0,0,0,0,0,0,0,22,37666,0,0,0,0,0,0,0,0,0,0,0,0,0,0,0,0,0,1,0,0,0,305,0,0,0,0,0,0,0,201,0,0,0,0,4383,0,36891,2394,668,221,518,131785,9032,16008,69003,215992,23530,70,0,2,0,0,0,0,0,0,0,0,0,0,0,0,0,0,0,0,0,0,0,0,0,0,0,0,0,0,0,85,0,0,0,0,0,0,0,0,0,0,0,0,0,0,0,42164,6856,16723,449,0,0,25427,13904,0,0
TX,48333,4,7,0,2735,0,0,0,0,0,0,0,5,0,2,5957,0,0,38,8481,0,0,0,0,0,0,0,0,3325,0,0,0,0,0,1,0,0,0,0,0,0,0,0,0,0,0,0,0,3,0,2235,0,0,0,0,0,0,0,1426,0,0,0,0,1131,0,24218,771,257,66,6,15012,55883,0,260013,98087,85,0,0,163,0,0,0,0,0,0,0,0,0,0,0,0,0,0,0,0,0,0,0,0,0,0,0,0,0,0,0,17,0,0,0,0,0,0,0,0,0,0,0,0,0,0,0,4,7,2752,0,5,0,5974,8481,0,0
TX,48335,232,68409,0,3926,0,1,0,0,0,0,0,0,0,0,33293,0,0,26,55,0,0,0,0,0,0,0,1,1663,0,0,0,0,0,0,0,0,0,0,0,0,0,0,0,0,0,0,0,0,0,8415,0,0,0,0,0,0,0,14,0,0,0,0,2550,0,23507,1896,953,183,411,712,185,16,337804,99846,9,0,0,0,0,0,0,0,0,0,0,0,0,0,0,0,0,0,0,0,0,0,0,0,0,0,0,0,0,0,0,587,0,1488,0,0,0,0,0,0,0,0,0,0,0,0,0,232,69897,4513,0,0,0,35368,55,0,0
TX,48337,2,0,0,23,0,0,0,0,0,0,0,0,0,0,21839,0,0,481,306,0,0,124,0,0,0,0,17,14985,0,0,0,0,0,0,0,0,0,0,0,0,0,0,0,0,0,0,1,0,0,2733,0,0,0,0,0,0,0,4,0,0,0,0,4220,0,32170,7098,1049,240,207,133765,64,0,10970,370268,11,16,0,0,0,0,0,0,0,0,0,0,0,0,0,0,0,0,0,0,0,0,0,0,0,0,0,0,0,0,0,2,0,0,0,0,0,0,0,0,0,0,0,0,0,0,0,2,0,25,0,0,0,21841,306,0,0
TX,48339,63,8,12,28,18,0,0,0,0,0,0,0,0,0,17,0,12,0,1,5,0,0,0,0,0,0,0,593,0,0,0,0,0,0,0,0,0,0,0,0,0,0,0,11,0,0,0,13,0,755,0,0,0,0,0,0,0,0,0,0,0,1,22392,0,76439,58945,17649,4896,1636,1025,151168,75067,60794,104653,112040,795,0,0,0,0,0,0,0,0,0,0,0,0,0,0,0,0,0,0,0,0,0,0,0,0,0,0,0,0,0,0,0,0,0,0,0,0,0,0,0,0,0,0,0,0,0,63,8,28,30,0,0,29,1,0,0
TX,48341,26931,1616,0,28391,1,0,0,0,0,0,0,0,0,0,111708,0,0,0,170,0,0,4,0,0,0,0,437,47,0,0,0,11,6,0,0,0,0,0,0,0,0,0,0,0,0,0,0,0,0,10198,0,0,0,0,0,0,0,0,0,0,0,0,2605,0,18291,3974,764,314,276,20,0,0,62801,307232,1662,382,0,14,0,0,0,0,0,0,0,0,0,0,0,0,0,0,0,0,0,1148,0,0,20,0,0,0,0,0,0,3130,0,0,0,0,0,0,0,0,0,0,0,0,0,0,0,28079,1616,31521,1,0,0,115986,170,0,0
TX,48343,106,0,1,5,38,0,0,0,0,0,0,0,0,0,29,0,2,0,0,0,0,0,0,0,0,0,0,371,0,0,0,0,0,0,0,0,0,0,0,0,0,0,0,0,0,0,0,0,0,12,0,0,0,0,0,0,0,0,0,0,0,0,3553,0,2844,8527,1001,244,134,52038,12091,334,6951,55272,21878,106,0,0,0,0,0,0,0,0,0,0,0,0,0,0,0,0,0,0,0,0,0,0,0,0,0,0,0,0,0,0,0,0,0,0,0,0,0,0,0,0,0,0,0,0,0,106,0,5,40,0,0,31,0,0,0
TX,48345,30,25608,0,1866,0,4,146,0,0,0,0,0,0,1,15452,0,0,40,224,0,0,0,0,0,0,0,11,13,0,0,0,0,0,0,0,0,0,0,0,0,0,0,0,0,0,0,0,0,0,7722,0,0,0,0,0,0,0,5,0,0,0,0,224,0,12669,340,26,12,3418,1333,3683,131,399648,159826,42,52,0,10,0,0,0,0,0,0,0,0,0,0,0,0,0,0,0,0,0,0,0,0,0,0,0,0,0,0,1,74,0,872,0,0,0,0,0,0,0,0,0,0,0,0,0,30,26480,1941,0,1,0,16398,224,0,0
TX,48347,0,0,0,0,0,0,12,0,0,0,0,0,0,0,1,0,0,0,1,0,0,0,0,0,0,0,0,1050,0,0,0,0,0,0,0,0,0,0,0,0,0,24,0,0,0,0,0,0,0,1,0,0,0,0,0,0,0,0,0,0,0,0,15228,0,24133,13671,2157,812,356,18129,174454,42383,68548,131458,132026,3596,0,0,0,0,0,0,0,0,0,0,0,0,0,0,0,0,0,0,0,0,0,0,0,0,0,0,0,0,0,0,0,0,0,0,0,0,0,0,0,0,0,0,0,0,0,0,0,0,0,0,0,1,1,0,0
TX,48349,13404,11542,0,18164,68,2816,0,0,0,0,0,5,0,0,15876,0,0,450,2837,12,0,0,0,0,0,0,0,41438,0,0,0,0,0,1,0,0,0,0,0,0,0,0,0,0,0,0,0,12,0,131,0,0,0,0,0,0,0,123,0,0,0,0,46375,0,34539,7561,2044,1158,243,92166,1166,259,3820,391240,7301,346,0,0,0,0,0,0,0,0,0,0,0,0,0,0,0,0,0,0,0,1,0,0,0,0,0,0,0,0,0,16,0,0,0,0,0,0,0,0,0,0,0,0,0,0,0,13405,11542,18180,68,5,0,15893,2837,0,0
TX,48351,1,0,155,3,12,0,0,0,0,0,0,0,0,0,2,0,5,0,0,0,0,0,0,0,0,0,0,53,0,0,0,0,0,0,0,0,0,0,0,0,0,0,0,4,0,0,0,2,0,10,0,0,0,0,0,0,0,0,0,0,0,27,5007,0,18314,10294,655,148,649,242,213972,8347,87315,49001,204001,3067,0,0,0,0,0,0,0,0,0,0,0,0,0,0,0,0,0,0,0,0,0,0,0,0,0,0,0,0,0,0,0,0,0,0,0,0,0,0,0,0,0,0,0,0,0,1,0,3,17,0,0,7,0,0,0
TX,48353,376,60040,0,3970,0,2,0,0,0,0,0,111,0,2,18224,0,0,0,61,0,0,0,0,0,0,0,0,451,0,0,0,0,0,5,0,0,0,0,0,0,0,0,0,0,0,0,0,0,0,4675,0,0,0,0,0,0,0,0,0,0,0,0,305,0,30245,4450,1825,545,236,11274,13774,20,418665,14408,83,1,0,2,0,0,0,0,0,0,0,0,0,0,0,0,0,0,0,0,0,0,0,0,0,0,0,0,0,0,0,64,0,1105,0,0,0,0,0,0,0,0,0,0,0,0,0,376,61145,4034,0,111,0,19393,61,0,0
TX,48355,8454,148775,2,170352,0,166,0,0,0,0,0,0,0,1684,2511,0,0,0,4,0,0,0,0,0,0,0,0,16317,0,0,0,0,0,4,2,0,0,0,0,0,0,0,0,0,0,27,0,132,0,1807,0,0,0,0,0,0,0,2,0,0,0,0,7334,0,29933,18546,24325,9647,6625,4189,112,0,36696,29976,7652,12908,0,0,0,0,0,0,0,0,0,0,0,0,0,0,0,0,0,0,0,0,0,0,0,0,0,0,0,0,0,0,0,0,0,0,0,0,0,0,0,0,0,0,0,0,0,8454,148775,170352,0,0,0,2511,4,0,0
TX,48357,23407,2944,0,52158,908,0,2,0,0,0,0,0,0,0,165232,0,0,0,0,0,0,0,0,0,0,0,531,254,0,0,0,0,0,0,0,0,0,0,0,0,0,0,0,0,0,0,0,0,0,44465,0,0,0,0,0,0,0,0,0,0,0,0,179,0,16964,2755,355,82,201,2,0,0,38104,230025,225,174,0,681,0,0,0,0,0,0,0,0,0,0,0,0,0,0,0,0,0,855,0,0,0,0,0,0,0,0,0,6755,0,338,0,0,0,0,0,0,0,0,0,0,0,0,0,24262,3282,58913,908,0,0,173180,0,0,0
TX,48359,436,1568,0,7133,2,0,0,0,0,0,0,0,0,0,49879,0,0,0,0,0,0,0,0,0,0,0,7,10,0,0,0,0,0,0,0,0,0,0,0,0,0,0,0,0,0,0,0,0,0,7337,0,0,0,0,0,0,0,0,0,0,0,0,1124,0,7533,2212,155,18,260,41,0,0,508233,373916,16,201,0,3,0,0,0,0,0,0,0,0,0,0,0,0,0,0,0,0,0,2,0,0,0,0,0,0,0,0,0,843,0,0,0,0,0,0,0,0,0,0,0,0,0,0,0,438,1568,7976,2,0,0,50724,0,0,0
TX,48361,0,4,373,126,1,0,0,0,0,0,0,0,0,0,20,0,0,0,0,0,0,0,0,0,0,0,0,90,0,0,0,0,0,0,0,0,0,0,0,0,0,0,0,0,0,0,0,4,0,136,0,0,0,0,1,0,0,0,0,0,0,3,24968,0,22286,20568,4394,1988,24,26,7467,9615,4881,31658,92086,22196,0,0,0,0,0,0,0,0,0,0,0,0,0,0,0,0,0,0,0,0,0,0,0,0,0,0,0,0,0,0,0,0,0,0,0,0,0,0,0,0,0,0,0,0,0,0,4,126,1,0,0,20,0,0,0
TX,48363,0,2,0,132,0,0,0,0,0,0,0,0,0,0,12494,0,0,3,292,0,0,2,0,0,0,0,8,1297,0,0,0,0,0,0,0,0,0,0,0,0,0,0,0,0,0,0,0,0,0,1163,0,0,0,0,0,0,0,2,0,0,0,0,19375,0,43447,3538,926,469,121,47127,193278,0,26507,279472,1088,4,0,1,0,0,0,2,0,0,0,0,0,0,0,0,0,0,0,0,0,0,1,0,0,0,0,0,0,0,0,0,0,0,0,0,0,0,0,0,0,0,0,0,0,0,0,1,2,132,0,0,0,12494,293,2,0
TX,48365,5,0,1,3,3,0,5,0,0,0,0,0,0,0,4,0,0,0,0,0,0,0,0,0,0,0,0,637,0,0,0,0,0,0,0,0,0,0,0,0,0,3,0,13,0,0,0,0,0,0,0,0,0,0,0,0,0,0,0,0,0,0,7603,0,17751,9854,1174,361,1364,21826,134182,64720,55955,101761,107804,590,0,0,0,0,0,0,0,0,0,0,0,0,0,0,0,0,0,0,0,0,0,0,0,0,0,0,0,0,0,0,0,0,0,0,0,11,0,0,0,0,0,0,0,0,0,5,0,3,3,0,0,4,0,0,0
TX,48367,4,1,0,320,0,0,0,0,0,0,0,0,0,0,5839,0,0,57,224,0,0,0,0,0,0,0,8,5392,0,0,0,0,0,0,0,0,0,10,0,0,0,0,0,0,0,0,0,4,0,641,0,24,0,0,0,0,0,0,0,0,0,0,4093,0,34434,12690,2936,1279,92,93384,14152,0,4208,401411,1204,8,0,0,0,0,0,4,0,0,0,0,0,0,0,0,0,0,0,0,0,0,0,0,0,0,0,0,0,0,0,0,0,0,0,0,0,0,0,0,0,0,0,0,0,0,0,4,1,320,0,0,0,5839,224,4,0
TX,48369,38577,19273,0,42451,0,13,60,0,0,0,0,1590,0,1,214447,0,0,184,0,0,0,0,0,0,0,0,1195,3305,0,0,0,0,0,0,0,0,0,0,0,0,0,0,0,0,0,0,0,146,0,7747,0,0,0,0,0,0,0,0,0,0,0,0,380,0,32516,2107,331,99,116,25,0,1,537,174106,1,171,0,1235,0,0,0,0,0,0,0,0,0,0,0,0,0,0,0,0,0,2377,1,0,0,0,0,0,0,0,1029,21333,0,1112,0,0,0,0,0,0,0,0,0,0,0,0,0,40955,20385,64813,0,2619,0,239269,1,0,0
TX,48371,0,2985,0,65,0,27,243,0,0,0,0,0,0,0,357,0,0,23,188,0,0,0,0,0,0,0,3460,361,0,0,0,0,0,0,0,0,0,180,0,0,0,0,0,0,0,0,0,1,0,26412,0,0,0,0,0,0,0,532,0,0,0,0,519,0,24361,5547,785,166,5453,6,3735,0,2965367,5704,2099,302,0,207,0,0,0,0,0,0,0,0,98,0,0,0,0,0,0,0,0,0,0,0,0,0,0,0,0,0,0,269,0,22,0,0,0,0,0,0,0,0,0,0,0,0,0,0,3007,334,0,0,0,648,188,0,0
TX,48373,3,0,8,7,3,0,3,0,0,0,0,0,0,0,0,0,3,0,0,0,0,0,0,0,0,0,0,1068,0,0,0,3,0,0,0,0,0,0,0,0,0,0,0,0,0,0,0,4,0,5,0,0,0,0,0,0,0,0,0,0,0,0,33397,0,35221,12037,1558,515,312,120,234157,13174,97454,89902,190532,788,0,0,0,0,0,0,0,0,0,0,0,0,0,0,0,0,0,0,0,0,0,0,0,0,0,0,0,0,0,0,0,0,0,0,0,0,0,0,0,0,0,0,0,0,0,3,0,7,6,0,0,3,0,0,0
TX,48375,348,873,0,2743,0,0,0,0,0,0,0,0,0,0,15284,0,0,0,0,0,0,0,0,0,0,0,47,1,0,0,0,0,0,0,0,0,0,0,0,0,0,0,0,0,0,0,0,0,0,3663,0,0,0,0,0,0,0,0,0,0,0,0,1311,0,13332,16541,4854,3388,287,292,10,0,213313,308797,1967,2648,0,4,0,0,0,0,0,0,0,0,0,0,0,0,0,0,0,0,0,0,0,0,0,0,0,0,0,0,0,287,1,66,0,0,0,0,0,0,0,0,0,0,0,0,0,349,939,3030,0,1,0,15637,0,0,0
TX,48377,0,45,0,9,0,0,0,0,0,0,0,0,0,0,0,0,0,0,0,0,0,0,0,0,0,0,176,0,0,0,0,0,0,0,0,0,0,0,0,0,0,0,0,0,0,0,0,0,0,2483,0,0,0,0,0,0,0,0,0,0,0,0,2,0,6202,3341,348,67,4356,709,11704,0,2167325,262482,8708,0,0,2,0,0,0,0,0,0,0,0,0,0,0,0,0,0,0,0,0,0,0,0,0,0,0,0,0,0,0,1,0,0,0,0,0,0,0,0,0,0,0,0,0,0,0,0,45,10,0,0,0,1,0,0,0
TX,48379,1,0,0,18,5,0,0,0,0,0,0,0,0,0,95,0,0,0,0,0,0,0,0,0,0,0,0,4930,0,0,0,0,0,0,0,4,0,0,0,0,0,1,0,0,0,0,0,0,0,39,0,0,0,0,0,0,0,0,0,0,0,0,15884,0,2680,7310,306,70,388,29736,129,17,1907,84724,17264,161,0,0,0,0,0,0,0,0,0,0,0,0,0,0,0,0,0,0,0,0,0,0,0,0,0,0,0,0,0,0,0,0,0,0,0,0,0,0,0,0,0,0,0,0,0,1,0,18,5,0,0,95,0,0,0
TX,48381,1874,3478,0,17950,0,8,1,0,0,0,0,0,0,0,120183,0,0,0,0,0,0,0,0,0,0,0,874,3,0,0,0,0,0,0,0,0,0,0,0,0,0,0,0,0,0,0,0,0,0,17566,0,0,0,0,0,0,0,1,0,0,0,0,839,0,24267,14156,3468,1303,208,431,848,0,21827,357080,6,98,0,1077,0,0,0,0,0,0,0,0,0,0,0,0,0,0,0,0,0,55,0,0,0,0,0,0,0,0,0,2324,2,438,0,0,0,0,0,0,0,0,0,0,0,0,0,1931,3916,20274,0,2,0,123000,0,0,0
TX,48383,0,38191,0,260,0,0,0,0,0,0,0,128,0,0,9180,0,0,0,0,0,0,0,0,0,0,0,59,11,0,0,0,0,0,0,0,0,0,0,0,0,0,0,0,0,0,0,0,0,0,1629,0,0,0,0,0,0,0,13,0,0,0,0,18,0,13817,1795,229,33,28,213,49,0,681398,31,4343,102,0,0,0,0,0,0,0,0,0,0,0,0,0,0,0,0,0,0,0,0,0,0,0,0,0,0,0,0,44,996,0,75,0,0,0,0,0,0,0,0,0,0,0,0,0,0,38266,1300,0,172,0,10251,0,0,0
TX,48385,10,6,0,13,0,0,0,0,0,0,0,0,0,8,4,0,0,0,42,0,0,0,0,0,0,0,0,17,0,0,0,0,0,0,0,0,0,0,0,0,0,0,0,0,0,0,0,0,0,172,0,0,0,0,0,0,0,0,0,0,0,0,57,0,4269,440,131,38,7,23926,180825,0,233549,4430,77,10,0,0,0,0,0,0,0,0,0,0,0,0,0,0,0,0,0,0,0,0,0,0,0,0,0,0,0,0,0,0,0,0,0,0,0,0,0,0,0,0,0,0,0,0,0,10,6,13,0,0,0,4,42,0,0
TX,48387,9527,219,10,3530,2369,482,0,0,0,0,0,0,0,0,20900,0,1896,1,141,0,0,1,52,0,0,0,22,21388,0,0,0,0,0,0,0,0,0,0,0,0,0,0,0,0,0,0,0,7,0,141,0,0,0,0,0,0,0,92,0,0,0,33,6908,0,6007,17536,674,162,387,182213,27141,71,15867,262192,96688,155,0,0,0,0,0,0,0,0,0,0,0,0,0,0,0,0,0,0,2,39,0,0,0,0,0,0,0,0,0,5,0,0,0,0,0,0,0,0,0,0,0,0,0,0,0,9566,219,3535,4265,0,0,22840,141,0,0
TX,48389,0,2513,0,473,0,0,395,0,0,0,0,0,0,0,171,0,0,10,3,0,0,0,0,0,0,0,5288,372,0,0,0,0,0,0,0,0,0,7,0,0,0,0,0,0,0,0,0,0,0,112627,0,0,0,0,0,0,0,199,0,0,0,0,2439,0,12167,3933,1871,331,5733,0,1195,0,1537704,36,1689,15,76,963,0,0,0,0,0,0,0,0,17,0,0,0,0,0,0,0,0,0,0,0,0,0,0,0,0,0,0,172,0,457,0,0,0,0,0,0,0,0,0,0,0,0,0,0,2970,645,0,0,0,800,3,0,0
TX,48391,6630,21552,18,54404,482,0,0,0,0,0,0,0,0,0,268,0,0,3,15,0,0,0,0,0,0,0,0,5689,0,0,0,0,0,21,0,0,0,0,0,0,0,0,0,0,0,551,0,52,0,1947,0,0,0,0,0,0,0,0,0,0,0,52,2381,0,16652,2618,519,81,690,11816,1278,19,162929,162190,19264,26228,0,0,0,0,0,0,0,0,0,0,0,0,0,0,0,0,0,0,0,0,0,0,0,0,0,0,0,0,0,0,0,0,0,0,0,0,0,0,0,0,0,0,0,0,0,6630,21552,54404,482,0,0,268,15,0,0
TX,48393,2431,667,0,3365,1,0,0,0,0,0,0,0,0,0,9708,0,0,2,138,0,0,0,0,0,0,0,3,7,0,0,0,0,0,0,0,0,0,0,0,0,0,0,0,0,0,0,0,0,0,3949,0,0,0,0,0,0,0,0,0,0,0,0,133,0,6486,926,30,4,226,2,0,2,150637,409288,3200,7,0,14,0,0,0,0,0,0,0,0,0,0,0,0,0,0,0,0,0,10,0,0,0,0,0,0,0,0,0,223,0,15,0,0,0,0,0,0,0,0,0,0,0,0,0,2441,682,3588,1,0,0,9956,138,0,0
TX,48395,9486,9871,2,8961,1001,0,0,0,0,0,0,0,0,0,10473,0,487,0,2379,0,0,0,0,0,0,0,233,13450,0,0,0,0,0,0,0,0,0,0,0,0,0,0,0,0,0,120,0,2,0,220,0,0,0,0,0,0,0,6,0,0,0,0,5952,0,22656,3887,1259,303,755,147233,5734,33645,28359,225636,21304,202,0,0,0,0,0,0,0,0,0,0,0,0,0,0,0,0,0,0,0,0,0,0,0,0,0,0,0,0,0,0,0,0,0,0,0,0,0,0,0,0,0,0,0,0,0,9486,9871,8961,1488,0,0,10960,2379,0,0
TX,48397,1449,7,0,3500,147,10,0,0,0,0,0,0,0,0,6550,0,0,0,14,0,0,0,0,0,0,0,0,1002,0,0,0,0,0,1,0,0,0,0,0,0,0,0,0,0,0,1,0,0,0,2076,0,0,0,0,0,0,0,0,0,0,0,0,13264,0,6566,6711,4554,925,48,6609,25,1,79,41325,29,78,0,0,0,0,0,1,0,0,0,0,0,0,0,0,0,0,0,0,0,1,0,0,0,0,0,0,0,0,0,229,0,0,0,0,0,0,0,0,0,0,0,0,0,0,0,1450,7,3729,147,0,0,6780,14,1,0
TX,48399,151,35662,0,17758,2,0,0,0,0,0,0,1526,0,0,156784,0,0,2,1053,19,0,1,0,0,0,0,163,3379,0,0,0,0,0,2,0,0,0,0,0,0,0,0,0,0,0,78,0,60,0,7709,0,0,0,0,0,0,0,0,0,0,0,0,1764,0,39836,1866,776,233,44,3268,2941,2,374521,25538,58,0,0,265,0,0,0,0,0,0,0,0,0,0,0,0,0,0,0,0,0,145,0,0,0,0,0,0,0,0,88,793,0,81,0,0,0,0,0,0,0,0,0,0,0,0,0,296,35743,18639,2,1614,0,157803,1053,0,0
TX,48401,0,2,0,0,1,0,55,0,0,0,0,0,0,0,8,0,0,0,0,0,0,0,0,0,0,0,0,1831,0,0,0,0,0,0,0,0,0,0,0,0,0,3,0,0,0,0,0,0,0,11,0,0,0,0,0,0,0,0,0,0,0,0,9059,0,21112,18649,2107,802,1117,57027,127902,78877,63983,157257,60845,55,0,0,0,0,0,0,0,0,0,0,0,0,0,0,0,0,0,0,0,0,0,0,0,0,0,0,0,0,0,0,0,0,0,0,0,0,0,0,0,0,0,0,0,0,0,0,2,0,1,0,0,8,0,0,0
TX,48403,0,0,0,0,0,0,0,0,0,0,0,0,0,0,1,0,0,0,0,0,0,0,0,0,0,0,0,70,0,0,0,0,0,0,0,0,0,0,0,0,0,0,0,0,0,0,0,0,0,0,0,0,0,0,0,0,0,0,0,0,0,0,48630,0,13113,2171,284,94,62,936,155277,2824,30506,23768,85162,6139,0,0,0,0,0,0,0,0,0,0,0,0,0,0,0,0,0,0,0,0,0,0,0,0,0,0,0,0,0,0,0,0,0,0,0,0,0,0,0,0,0,0,0,0,0,0,0,0,0,0,0,1,0,0,0
TX,48405,0,0,2,0,0,0,0,0,0,0,0,0,0,0,2,0,0,0,0,0,0,0,0,0,0,0,0,103,0,0,0,0,0,0,0,0,0,0,0,0,0,0,0,0,0,0,0,0,0,1,0,0,0,0,0,0,0,0,0,0,0,0,32459,0,14297,3026,239,60,310,2227,152764,5801,38794,38435,83570,6924,0,0,0,0,0,0,0,0,0,0,0,0,0,0,0,0,0,0,0,0,0,0,0,0,0,0,0,0,0,0,0,0,0,0,0,0,0,0,0,0,0,0,0,0,0,0,0,0,0,0,0,2,0,0,0
TX,48407,12,1,13,15,5,0,0,0,0,0,0,0,0,0,3,0,1,0,0,0,0,0,0,0,0,0,0,3318,0,0,0,4,0,0,0,0,0,0,0,0,0,0,0,3,0,0,0,1,0,5,0,0,0,0,0,0,0,0,0,0,0,0,35886,0,21093,5369,454,100,173,195,124094,31054,28357,54154,96781,774,0,0,0,0,0,0,0,0,0,0,0,0,0,0,0,0,0,0,0,0,0,0,0,0,0,0,0,0,0,0,0,0,0,0,0,0,0,0,0,0,0,0,0,0,0,12,1,15,6,0,0,4,0,0,0
TX,48409,14823,68146,1,160202,0,0,0,0,0,0,0,0,0,182,60,0,0,0,7,0,0,0,0,0,0,0,0,12308,0,0,0,0,0,5,7,0,0,0,0,0,0,0,0,0,0,355,0,11,0,841,0,0,0,0,0,0,1,0,0,0,0,5,6551,0,15681,9271,5145,1373,3802,12358,41,0,57320,47206,5952,29047,0,0,0,0,0,0,0,0,0,0,0,0,0,0,0,0,0,0,0,0,0,0,0,0,0,0,0,0,0,0,0,0,0,0,0,0,0,0,0,0,0,0,0,0,0,14823,68146,160202,0,0,0,60,7,0,0
TX,48411,22,6,0,806,0,0,0,0,0,0,0,8,0,0,25364,0,0,0,2661,5,0,0,0,0,0,0,0,2067,0,0,0,0,0,0,0,0,0,0,0,0,0,0,0,0,0,0,0,10,0,3641,0,0,0,0,0,0,0,2153,0,0,0,0,1628,0,26423,467,125,62,7,16924,159025,0,386742,100599,62,0,0,8,0,0,0,0,0,0,0,0,0,0,0,0,0,0,0,0,0,0,2,0,0,0,0,0,0,0,0,1,0,0,0,0,0,0,0,0,0,0,0,0,0,0,0,24,6,807,0,8,0,25365,2663,0,0
TX,48413,4,9004,0,514,0,0,0,0,0,0,0,715,0,0,2174,0,0,0,770,0,0,0,0,0,0,0,0,4,0,0,0,0,0,0,0,0,0,0,0,0,0,0,0,0,0,0,0,264,0,978,0,0,0,0,0,0,0,15,0,0,0,0,34,0,10811,934,261,59,2,980,272,0,810556,24,27,0,0,242,0,0,0,0,0,0,0,0,0,0,0,0,0,0,0,0,0,0,0,0,0,0,0,0,0,0,0,2,0,184,0,0,0,0,0,0,0,0,0,0,0,0,0,4,9188,516,0,715,0,2360,770,0,0
TX,48415,22,101415,0,4519,0,0,0,0,0,0,0,0,0,0,20271,0,0,280,2,0,0,0,0,0,0,0,19,4546,0,0,0,0,0,3,0,0,0,0,0,0,0,0,0,0,0,0,0,0,0,13246,0,0,0,0,0,0,0,9,0,0,0,0,914,0,23605,3911,443,166,757,582,1519,83,185037,218932,35,1,0,90,0,0,0,0,0,0,0,0,0,0,0,0,0,0,0,0,0,0,0,0,0,0,0,0,0,0,0,115,0,298,0,0,0,0,0,0,0,0,0,0,0,0,0,22,101713,4634,0,0,0,20684,2,0,0
TX,48417,0,1601,0,2033,0,0,0,0,0,0,0,25,0,0,28895,0,0,0,130,0,0,0,0,0,0,0,0,248,0,0,0,0,0,1,0,0,0,0,0,0,0,0,0,0,0,0,0,0,0,2568,0,0,0,0,0,0,0,0,0,0,0,0,504,0,26865,1086,242,53,42,12244,4598,0,191565,313037,7,0,0,15,0,0,0,0,0,0,0,0,0,0,0,0,0,0,0,0,0,0,0,0,0,0,0,0,0,0,0,132,0,65,0,0,0,0,0,0,0,0,0,0,0,0,0,0,1666,2165,0,25,0,29092,130,0,0
TX,48419,0,0,0,0,0,0,21,0,0,0,0,0,0,0,11,0,0,0,0,0,0,0,0,0,0,0,0,534,0,0,0,0,0,0,0,0,0,0,0,0,0,5,0,8,0,0,0,0,0,2,0,0,0,0,0,0,0,0,0,0,0,0,17559,0,18045,6157,755,271,240,10567,158309,24053,59842,107187,125980,4554,0,0,0,0,0,0,0,0,0,0,0,0,0,0,0,0,0,0,0,0,0,0,0,0,0,0,0,0,0,0,0,0,0,0,0,1,0,0,0,0,0,0,0,0,0,0,0,0,0,0,0,11,0,0,0
TX,48421,56247,4340,0,28243,33,0,0,0,0,0,0,0,0,116,126279,0,0,0,35,0,0,38,0,0,0,0,283,3,0,0,0,0,27,0,0,0,0,0,0,0,0,0,0,0,0,0,0,0,0,10230,0,0,0,0,0,0,0,0,0,0,0,0,197,0,22223,1842,143,35,214,5,0,0,16011,314112,19,208,0,641,0,0,0,0,0,0,0,0,0,0,0,0,0,0,0,0,0,6944,0,0,6,0,0,0,0,0,0,2374,0,0,0,0,0,0,0,0,0,0,0,0,0,0,0,63191,4340,30617,33,0,0,135597,35,0,0
TX,48423,3,3,0,2,0,0,9,0,0,0,0,0,0,0,8,0,6,0,0,0,0,0,0,0,0,0,0,2018,0,0,0,0,0,0,0,0,0,0,0,0,0,5,0,0,0,0,0,6,0,23,0,0,0,2,0,0,0,0,0,0,0,0,14785,0,25753,45278,9844,4000,237,140799,49879,18589,47910,176886,71428,40,0,0,0,0,0,0,0,0,0,0,0,0,0,0,0,0,0,0,0,0,0,0,0,0,0,0,0,0,0,0,0,0,0,0,0,0,0,0,0,0,0,0,0,0,0,3,3,2,6,0,0,14,0,0,0
TX,48425,21,0,0,277,0,0,0,0,0,0,0,0,0,0,161,0,0,0,22,0,0,0,0,0,0,0,2,955,0,0,0,0,0,0,0,0,0,0,0,0,0,0,0,0,0,0,0,0,0,49,0,0,0,0,0,0,0,1,0,0,0,0,3173,0,8817,1334,355,203,99,18349,31070,0,153,56374,1496,0,0,0,0,0,0,0,0,0,0,0,0,0,0,0,0,0,0,0,0,0,0,0,0,0,0,0,0,0,0,1,0,0,0,0,0,0,0,0,0,0,0,0,0,0,0,21,0,278,0,0,0,162,22,0,0
TX,48427,2721,2064,0,49271,0,6144,0,0,0,0,0,0,0,2,1,0,0,0,0,0,0,0,0,0,0,0,0,20899,0,0,0,0,0,0,530,0,0,155,33,0,0,0,0,0,0,156,0,0,0,8777,0,0,0,0,0,0,6,0,0,0,0,0,2169,0,29308,14056,3840,463,402,799,60,114,408700,221193,14693,197,0,0,0,0,0,0,0,2,0,0,0,0,0,0,0,0,0,0,0,0,0,0,0,0,0,0,0,0,0,0,0,0,0,0,0,0,0,0,0,0,0,0,0,0,0,2721,2064,49271,0,0,0,1,0,0,0
TX,48429,0,10,0,1143,0,0,0,0,0,0,0,0,0,3,15531,0,0,0,554,3,0,0,0,0,0,0,0,607,0,0,0,0,0,0,0,0,0,0,0,0,0,0,0,0,0,0,0,0,0,6859,0,0,0,0,0,0,0,6,0,0,0,0,10683,0,39635,1546,371,181,29,43269,70265,1,78689,320191,132,0,0,42,0,0,0,0,0,0,0,0,0,0,0,0,0,0,0,0,0,0,0,0,0,0,0,0,0,0,0,2,0,0,0,0,0,0,0,0,0,0,0,0,0,0,0,0,10,1145,0,0,0,15533,554,0,0
TX,48431,0,48,0,43,0,0,0,0,0,0,0,2,0,0,4503,0,0,0,2,0,0,0,0,0,0,0,1,2,0,0,0,0,0,0,0,0,0,0,0,0,0,0,0,0,0,0,0,0,0,103,0,0,0,0,0,0,0,14,0,0,0,0,22,0,18175,3257,466,59,51,1838,143,0,548810,13461,21,0,0,0,0,0,0,0,0,0,0,0,0,0,0,0,0,0,0,0,0,0,0,0,0,0,0,0,0,0,12,5,0,2,0,0,0,0,0,0,0,0,0,0,0,0,0,0,50,60,0,14,0,4510,2,0,0
TX,48433,1,13909,0,1616,0,4,0,0,0,0,0,211,0,0,43182,0,0,2,161,0,0,0,0,0,0,0,6,519,0,0,0,0,0,18,0,0,0,0,0,0,0,0,0,0,0,67,0,0,0,8433,0,0,0,0,0,0,0,0,0,0,0,0,165,0,12668,816,39,8,198,525,22304,337,461915,20830,86,0,0,0,0,0,0,0,0,0,0,0,0,0,0,0,0,0,0,0,0,0,0,0,0,0,0,0,0,0,90,320,0,521,0,0,0,0,0,0,0,0,0,0,0,0,0,1,14430,2026,0,301,0,44023,161,0,0
TX,48435,0,24,0,6,0,0,0,0,0,0,0,0,0,0,211,0,0,0,28,0,0,0,0,0,0,0,0,3,0,0,0,0,0,0,0,0,0,0,0,0,0,0,0,0,0,0,0,0,0,114,0,0,0,0,0,0,0,1,0,0,0,0,36,0,26496,3221,1925,202,6,4575,1276,0,892652,36,14,0,0,0,0,0,0,0,0,0,0,0,0,0,0,0,0,0,0,0,0,0,0,0,0,0,0,0,0,0,0,4,0,0,0,0,0,0,0,0,0,0,0,0,0,0,0,0,24,10,0,0,0,215,28,0,0
TX,48437,8930,75742,0,17838,0,5,0,0,0,0,0,0,0,0,160497,0,0,2,0,0,0,0,0,0,0,0,91,21,0,0,0,0,0,0,0,0,0,0,0,36,0,0,0,0,0,0,0,826,0,9083,0,0,0,0,0,0,0,0,0,0,0,0,828,0,27232,2272,424,79,4,45,8,0,1300,256075,0,309,0,19,0,0,0,0,0,0,0,0,0,0,0,0,0,0,0,0,0,269,0,0,0,0,0,0,0,0,0,5983,0,8514,0,0,0,0,0,0,0,0,0,0,0,0,0,9199,84256,23821,0,0,0,175263,0,0,0
TX,48439,808,0,0,1454,2,10,0,0,0,0,0,0,0,0,5468,0,0,0,81,1,0,0,0,0,0,0,0,1093,0,0,0,0,0,0,0,0,0,0,0,0,0,0,0,0,0,0,0,0,0,811,0,0,0,0,0,0,0,0,0,0,0,0,23328,0,91001,128888,67385,35700,65,55734,208,0,16,161715,265,489,0,4,0,0,0,0,0,0,0,0,0,0,0,0,0,0,0,0,0,0,0,0,0,0,0,0,0,0,0,0,0,0,0,0,0,0,0,0,0,0,0,0,0,0,0,808,0,1454,2,0,0,5468,81,0,0
TX,48441,0,17707,0,7256,0,5,0,0,0,0,0,245,0,182,96558,0,0,1,188,8,0,0,0,0,0,0,0,1527,0,0,0,0,0,1,0,0,0,0,0,0,0,0,0,0,0,0,0,0,0,4844,0,0,0,0,0,0,0,0,0,0,0,0,1250,0,44806,12960,5771,3377,265,17213,49806,10,304462,19043,19,0,0,6,0,0,0,0,0,0,0,0,0,0,0,0,0,0,0,0,0,0,0,0,0,0,0,0,0,0,3,272,0,538,0,0,0,0,0,0,0,0,0,0,0,0,0,0,18245,7531,0,248,0,97368,188,0,0
TX,48443,0,0,0,0,0,0,0,0,0,0,0,0,0,0,0,0,0,0,0,0,0,0,0,0,0,0,0,10,0,0,0,0,0,0,0,0,0,0,0,0,0,0,0,0,0,0,0,0,0,16,0,0,0,0,0,0,0,6,0,0,0,0,26,0,2788,1469,127,18,1281,15,1182,0,1499958,0,2070,6,0,0,0,0,0,0,0,0,0,0,0,0,0,0,0,0,0,0,0,0,0,0,0,0,0,0,0,0,0,0,0,0,0,0,0,0,0,0,0,0,0,0,0,0,0,0,0,0,0,0,0,0,0,0,0
TX,48445,1091,306143,0,3861,0,5,827,0,0,0,0,0,0,58,30372,0,0,17,0,0,0,0,0,0,0,0,784,12354,0,0,0,0,0,2,0,0,0,0,0,0,0,179,0,0,0,0,0,1,0,23562,0,0,0,38,0,0,0,154,0,0,0,0,1827,0,30469,2111,310,130,84,51,2,0,102336,40666,1,53,0,22,0,0,0,0,0,0,0,0,0,0,0,0,0,0,0,0,0,199,0,0,0,0,0,0,0,0,4,1312,0,11173,0,0,0,0,0,0,0,0,0,0,0,0,0,1290,317316,5177,0,4,0,43056,0,0,0
TX,48447,0,284,0,2713,0,0,0,0,0,0,0,0,0,22,79733,0,0,0,74,0,0,1286,0,0,0,0,0,91,0,0,0,0,0,0,0,0,0,0,0,0,0,0,0,0,0,0,0,0,0,3184,0,0,0,0,0,0,0,0,0,0,0,0,989,0,27810,495,104,29,27,15271,6480,4,65940,381135,66,0,0,9,0,0,0,0,0,0,0,0,0,0,0,0,0,0,0,0,0,0,0,0,0,0,0,0,0,0,0,145,0,10,0,0,0,0,0,0,0,0,0,0,0,0,0,0,294,2858,0,0,0,79888,74,0,0
TX,48449,164,0,26,11,46,0,0,0,0,0,0,0,0,0,176,0,3,0,140,0,0,0,0,0,0,0,1,3748,0,0,0,0,0,0,0,0,0,0,0,0,0,0,0,0,0,0,0,0,0,183,0,0,0,0,0,0,0,0,0,0,0,3,11111,0,4111,14565,1984,780,109,67291,3580,43,4856,124389,35072,48,0,0,0,0,0,0,0,0,0,0,0,0,0,0,0,0,0,0,1,0,0,0,0,0,0,0,0,0,0,0,0,0,0,0,0,0,0,0,0,0,0,0,0,0,0,164,0,11,49,0,0,179,140,0,0
TX,48451,2031,76254,0,28081,0,0,0,0,0,0,0,467,0,0,70233,0,0,0,118,2,0,18,0,0,0,0,0,186,0,0,0,0,0,0,0,0,0,0,0,0,0,0,0,0,0,0,0,0,0,1189,0,0,0,0,0,0,0,4,0,0,0,0,3209,0,49909,11101,6240,2931,150,5655,2853,1,716971,4393,981,0,0,208,0,0,0,0,0,0,0,0,0,0,0,0,0,0,0,0,0,0,0,0,0,0,0,0,0,0,119,884,0,1768,0,0,0,0,0,0,0,0,0,0,0,0,0,2031,78022,29084,0,586,0,72885,118,0,0
TX,48453,18684,724,0,11557,1,0,0,0,0,0,0,0,0,110,6258,0,139,18,1292,0,0,0,0,0,0,0,0,15649,0,0,0,0,0,0,0,0,0,0,0,0,0,0,0,0,0,1,0,16,0,1320,0,0,0,0,0,0,0,125,0,0,0,0,19997,0,86145,47058,30300,13841,1136,52231,146341,3870,109404,77698,11009,4,0,0,0,0,0,0,0,0,0,0,0,0,0,0,0,0,0,0,0,0,0,0,0,0,0,0,0,0,0,1,0,0,0,0,0,0,0,0,0,0,0,0,0,0,0,18684,724,11558,140,0,0,6398,1292,0,0
TX,48455,6,1,5,2,6,0,0,0,0,0,0,0,0,0,2,0,0,0,4,0,0,0,0,0,0,0,0,378,0,0,0,0,0,0,0,0,0,0,0,0,0,0,0,0,0,0,0,2,0,2,0,0,0,0,0,0,0,1,0,0,0,0,11525,0,16555,7758,437,115,48,519,214530,5997,49699,83990,63459,1943,0,0,0,0,0,0,0,0,0,0,0,0,0,0,0,0,0,0,0,0,0,0,0,0,0,0,0,0,0,0,0,0,0,0,0,0,0,0,0,0,0,0,0,0,0,6,1,2,6,0,0,2,4,0,0
TX,48457,2,0,62,1,0,0,0,0,0,0,0,0,0,0,5,0,7,0,0,0,0,0,0,0,0,0,0,109,0,0,0,0,0,0,0,0,0,0,0,0,0,0,0,0,0,0,0,1,0,4,0,0,0,0,0,0,0,0,0,0,0,2,6217,0,28890,6511,560,171,188,121,207139,8086,88051,63797,186990,1944,0,0,0,0,0,0,0,0,0,0,0,0,0,0,0,0,0,0,0,0,0,0,0,0,0,0,0,0,0,0,0,0,0,0,0,0,0,0,0,0,0,0,0,0,0,2,0,1,7,0,0,12,0,0,0
TX,48459,2,0,0,5,12,0,0,0,0,0,0,0,0,0,17,0,1,0,0,0,0,0,0,0,0,0,0,561,0,0,0,0,0,0,0,0,0,0,0,0,0,0,0,0,0,0,1,0,0,9,0,0,0,0,0,0,0,0,0,0,0,0,4361,0,7713,16940,1143,334,40,154265,32786,611,30270,103005,26662,620,0,0,0,0,0,0,0,0,0,0,0,0,0,0,0,0,0,0,0,0,0,0,0,0,0,0,0,0,0,0,0,0,0,0,0,0,0,0,0,0,0,0,0,0,0,2,0,5,13,0,0,18,0,0,0
TX,48461,0,13209,0,30,0,3,0,0,0,0,0,0,0,0,9585,0,0,4,0,0,0,0,0,0,0,0,0,395,0,0,0,0,0,0,0,0,0,0,0,0,0,0,0,0,0,0,0,0,0,2117,0,0,0,0,0,0,0,131,0,0,0,0,5,0,14952,647,123,12,502,0,9,0,748472,1084,3311,7,0,0,0,0,0,0,0,0,0,0,0,0,0,0,0,0,0,0,0,0,0,0,0,0,0,0,0,0,0,10,0,175,0,0,0,0,0,0,0,0,0,0,0,0,0,0,13384,40,0,0,0,9770,0,0,0
TX,48463,23888,6813,0,11563,0,0,0,0,48,0,0,0,0,6269,19758,0,0,1636,8771,0,0,0,0,0,0,0,1,2445,0,0,0,0,0,23,0,0,0,6,102,38,0,0,0,0,0,1962,0,0,0,21697,0,0,0,0,0,0,0,161,0,0,0,0,252,0,37789,3714,929,474,1049,10410,147322,0,640007,43761,3193,37,0,0,0,0,0,0,0,0,0,0,0,0,0,0,0,0,0,0,0,498,2036,0,0,0,0,0,0,0,0,705,0,174,0,0,0,0,0,0,0,0,0,0,0,0,0,26422,6987,12268,0,0,0,21135,10807,0,0
TX,48465,4,30,0,4,0,0,0,0,0,0,0,0,0,0,229,0,0,0,0,0,0,0,0,0,0,0,0,5,0,0,0,0,0,0,0,0,0,0,0,0,0,0,0,0,0,0,0,0,0,33,0,0,0,0,0,0,0,0,0,0,0,0,35039,0,11137,6805,2185,495,711,12223,3553,0,1986061,4114,5954,165,0,0,0,0,0,0,0,0,0,0,0,0,0,0,0,0,0,0,0,3,0,0,0,0,0,0,0,0,0,0,0,0,0,0,0,0,0,0,0,0,0,0,0,0,0,7,30,4,0,0,0,232,0,0,0
TX,48467,2,1,2,14,0,0,0,0,0,0,0,0,0,0,93,0,0,0,0,0,0,0,0,0,0,0,0,3294,0,0,0,0,0,0,0,137,0,0,0,0,0,0,0,0,0,0,0,0,0,48,0,0,0,0,0,0,0,0,0,0,0,0,10149,0,9009,30154,1971,531,339,100265,2876,619,9128,344967,36441,29,0,2,0,0,0,0,0,0,0,0,0,0,0,0,0,0,0,0,0,0,0,0,0,0,0,0,0,0,0,0,0,0,0,0,0,1,0,0,0,0,0,0,0,0,0,2,1,14,0,0,0,93,0,0,0
TX,48469,41639,8186,308,18924,943,0,0,0,0,0,0,0,0,0,1607,0,0,287,239,0,0,0,0,0,0,0,0,7184,0,0,0,0,0,22,0,0,0,0,0,0,0,0,0,0,0,2,0,215,0,1485,0,0,0,0,0,0,0,30,0,0,0,606,3952,0,28913,6924,4707,1496,294,36167,11686,35,43162,301063,41014,7546,0,0,0,0,0,0,0,0,0,0,0,0,0,0,0,0,0,0,0,0,0,0,0,0,0,0,0,0,0,0,0,0,0,0,274,0,0,0,0,0,0,0,0,0,0,41913,8186,18924,1217,0,0,1607,239,0,0
TX,48471,12,32,2,26,11,0,0,0,0,0,0,0,0,0,44,0,2,0,5,0,0,0,0,0,0,0,0,1452,0,0,0,0,0,0,0,0,0,0,0,0,0,0,0,0,0,0,0,1,0,91,0,0,0,0,0,0,0,2,0,0,0,0,8133,0,20253,12408,2198,760,375,970,179303,16726,41621,161395,66209,897,0,0,0,0,0,0,0,0,0,0,0,0,0,0,0,0,0,0,0,0,0,0,0,0,0,0,0,0,0,0,0,0,0,0,0,0,0,0,0,0,0,0,0,0,0,12,32,26,13,0,0,46,5,0,0
TX,48473,5510,1530,4045,703,133,0,0,0,0,0,0,0,0,0,315,0,113,0,33,0,0,0,0,0,0,0,0,9463,0,0,0,0,0,34,0,0,0,0,0,0,0,0,0,0,0,41,0,989,0,14750,0,0,0,0,0,0,0,1,0,0,0,28,2399,0,17443,4476,1180,396,290,21131,17089,2370,8617,185854,32690,271,0,0,2,0,0,0,0,0,0,0,0,0,0,0,0,0,0,0,0,0,0,0,0,0,0,0,0,0,0,0,0,0,0,0,0,0,0,0,0,0,0,0,0,0,0,5510,1530,703,246,0,0,428,33,0,0
TX,48475,0,68,0,0,0,0,0,0,0,0,0,0,0,0,4,0,0,0,0,0,0,0,0,0,0,0,44,1,0,0,0,0,0,0,0,0,0,0,0,0,0,0,0,0,0,0,0,0,0,6883,0,0,0,0,0,0,0,5,0,0,0,0,37,0,6675,2867,851,134,4125,1,0,0,501692,11415,127,0,0,0,0,0,0,0,0,0,0,0,0,0,0,0,0,0,0,0,0,0,0,0,0,0,0,0,0,0,0,1,0,0,0,0,0,0,0,0,0,0,0,0,0,0,0,0,68,1,0,0,0,5,0,0,0
TX,48477,925,694,2,797,18,0,0,0,0,0,0,0,0,0,564,0,5,0,73,0,0,0,0,0,0,0,0,11903,0,0,0,0,0,0,0,0,0,0,0,0,0,0,0,0,0,1,0,70,0,1916,0,0,0,0,0,0,0,6,0,0,0,5,6128,0,20673,3612,1547,384,115,62131,7328,1793,18815,233325,24480,580,0,0,0,0,0,0,0,0,0,0,0,0,0,0,0,0,0,0,0,0,0,0,0,0,0,0,0,0,0,0,0,0,0,0,0,0,0,0,0,0,0,0,0,0,0,925,694,797,23,0,0,569,73,0,0
TX,48479,14,42,0,133,0,0,0,0,0,0,0,0,0,1,8,0,0,37,1,0,0,0,0,0,0,0,0,342,0,0,0,0,0,0,0,0,0,13,0,0,0,0,0,0,0,0,0,0,0,412,0,0,0,0,0,0,1,123,0,0,0,0,3458,0,50217,42334,17815,5514,2578,8,2445,41,1611621,400433,21286,1496,0,0,0,0,0,0,0,2,0,0,0,0,0,0,0,0,0,0,0,0,0,0,0,0,0,0,0,0,0,0,0,0,0,0,0,0,0,0,0,0,0,0,0,0,0,14,42,133,0,0,0,8,1,0,0
TX,48481,104535,55828,27901,51538,7522,0,0,0,0,0,0,0,0,0,3839,0,205,1,2,0,0,0,0,0,0,0,4,45740,0,0,0,0,0,436,0,0,0,1,0,0,0,0,0,0,0,308,0,4818,0,159475,0,0,0,0,0,0,0,6,0,0,0,1124,2296,0,31324,4847,1391,383,236,9997,5600,286,3986,138416,38071,293,0,0,0,0,0,0,0,0,0,0,0,0,0,0,0,0,0,0,0,0,0,0,0,0,0,0,0,0,0,0,0,0,0,0,0,0,0,0,0,0,0,0,0,0,0,104535,55828,51538,7727,0,0,4044,2,0,0
TX,48483,375,10010,0,3943,0,0,49,0,0,0,0,0,0,0,27275,0,0,5372,27,0,0,0,0,0,0,0,1776,3144,0,0,0,0,0,0,0,0,0,0,0,0,0,0,0,0,0,0,0,0,139,6125,0,0,0,0,0,0,0,0,0,0,0,0,192,0,11197,2074,534,56,1746,547,14,729,136266,369068,1065,1,0,2722,0,0,0,0,0,0,0,0,0,0,0,0,0,0,0,0,0,218,0,0,0,0,0,0,0,0,0,187,0,965,0,0,0,0,0,0,0,0,0,0,0,0,0,593,10975,4130,0,0,0,28645,27,0,0
TX,48485,0,5388,0,668,0,0,0,0,0,0,0,234,0,0,117217,0,0,0,151,0,0,791,0,0,0,0,6,807,0,0,0,0,0,12,0,0,0,0,0,0,0,0,0,0,0,743,0,0,0,1429,0,12,0,0,0,0,0,33,0,0,0,0,2695,0,18609,13927,7412,3534,3681,6525,7,0,14802,204872,55,5,0,1139,0,0,0,0,0,0,0,0,0,0,0,0,0,0,0,0,0,0,0,0,0,0,0,0,0,0,0,278,0,2,0,0,0,0,0,0,0,0,0,0,0,0,0,0,5390,946,0,234,0,117497,151,0,0
TX,48487,295,13047,0,4523,0,0,446,0,0,0,0,22,0,0,189824,0,0,0,85,0,0,1716,0,0,0,0,2172,1691,0,0,0,0,0,1850,0,0,0,0,0,0,0,0,0,0,0,824,0,0,0,4948,0,0,0,0,0,0,0,57,0,0,0,0,2332,0,27579,2558,426,268,2476,1095,67,114,149503,215120,395,9,0,1729,0,0,0,0,0,0,0,0,0,0,0,0,0,0,0,0,0,0,0,0,0,0,0,0,0,0,0,359,0,444,0,0,0,0,0,0,0,0,0,0,0,0,0,295,13491,4882,0,22,0,190627,85,0,0
TX,48489,301,34850,1,149898,3,13,0,0,0,0,0,0,0,14,2,0,0,0,0,0,0,0,0,0,0,0,5,8378,0,0,0,0,0,69,2660,0,0,81,9,0,0,16,0,0,0,54,0,0,0,3170,0,0,0,0,0,0,116,0,0,0,0,0,2584,0,9485,4316,906,159,9299,251,2186,19,60839,74346,2353,17514,0,0,2,0,0,0,0,33,0,0,0,0,0,1,0,0,0,0,0,0,0,0,0,0,0,0,0,0,0,0,0,0,0,0,0,0,0,0,0,0,0,0,0,0,0,301,34850,149898,3,0,0,2,0,0,0
TX,48491,102585,7831,0,19044,1,4,0,0,0,0,0,0,0,4,20765,0,0,2,6512,0,0,0,0,0,0,0,0,34934,0,0,0,0,0,0,0,0,0,2,0,0,0,0,0,0,0,0,0,0,0,2735,0,0,0,0,0,0,0,19,0,0,0,0,6837,0,68596,21071,13997,4081,3578,55052,70115,677,41472,234368,11771,3,0,2,0,0,0,0,0,0,0,0,0,0,0,0,0,0,0,0,0,0,0,0,0,0,0,0,0,0,0,8,0,0,0,0,0,0,0,0,0,0,0,0,0,0,0,102585,7831,19052,1,0,0,20773,6512,0,0
TX,48493,8982,1310,0,12968,0,0,276,0,0,0,0,0,0,181,4668,0,0,15,4727,0,0,0,0,0,0,0,0,18790,0,0,0,0,0,0,0,0,0,0,0,0,0,0,0,0,0,0,0,0,0,2760,0,0,0,0,0,0,0,8,0,0,0,0,427,0,25913,6925,927,161,355,45174,534,1069,158689,211656,10660,131,0,0,0,0,0,0,0,0,0,0,0,0,0,0,0,0,0,0,0,0,0,0,0,0,0,0,0,0,0,81,0,0,0,0,0,0,0,0,0,0,0,0,0,0,0,8982,1310,13049,0,0,0,4749,4727,0,0
TX,48495,0,8,0,0,0,0,0,0,0,0,0,0,0,0,9,0,0,0,0,0,0,0,0,0,0,0,629,0,0,0,0,0,0,0,0,0,0,0,0,0,0,0,0,0,0,0,0,0,0,9,0,0,0,0,0,0,0,0,0,0,0,0,13,0,3819,1173,441,104,22623,0,0,0,424377,85076,115,0,0,1,0,0,0,0,0,0,0,0,0,0,0,0,0,0,0,0,0,0,0,0,0,0,0,0,0,0,0,0,0,0,0,0,0,0,0,0,0,0,0,0,0,0,0,0,8,0,0,0,0,9,0,0,0
TX,48497,242,1,0,3303,1,0,0,0,0,0,0,0,0,0,12475,0,0,19,467,0,0,3,0,0,0,0,229,28687,0,0,0,0,0,0,0,0,0,119,0,0,0,0,0,0,0,0,0,0,0,2310,0,1,0,0,0,0,0,1,0,0,0,0,11433,0,34340,12363,2998,746,2070,90308,466,0,662,387049,127,67,0,0,0,0,0,49,0,0,0,0,0,0,0,0,0,0,0,0,0,8,0,0,0,0,0,0,0,0,0,7,0,0,0,0,0,0,0,0,0,0,0,0,0,0,0,250,1,3310,1,0,0,12490,467,49,0
TX,48499,3,0,0,17,4,0,0,0,0,0,0,0,0,0,28,0,0,0,0,0,0,0,0,0,0,0,0,4930,0,0,0,0,0,0,0,0,0,0,0,0,0,1,0,0,0,0,0,0,0,49,0,0,0,0,0,0,0,0,0,0,0,0,28860,0,9363,26067,1643,420,9,133985,14594,33,25563,144011,55742,44,0,0,0,0,0,0,0,0,0,0,0,0,0,0,0,0,0,0,0,0,0,0,0,0,0,0,0,0,0,0,0,0,0,0,0,0,0,0,0,0,0,0,0,0,0,3,0,17,4,0,0,28,0,0,0
TX,48501,508,161406,0,1567,0,749,6488,0,0,0,0,0,0,9,17822,0,0,661,0,0,0,0,0,0,0,0,5,1078,0,0,0,0,0,2,0,0,0,0,0,0,0,0,0,0,0,0,0,18,0,5743,0,0,0,0,0,0,0,497,0,0,0,0,154,0,24861,1461,264,117,681,20,0,0,246533,24018,2,15,0,54,0,0,0,0,0,0,0,0,0,0,0,0,0,0,0,0,0,0,0,0,0,0,0,0,0,0,0,8398,0,8707,0,0,0,0,0,0,0,0,0,0,0,0,0,508,170113,9965,0,0,0,34927,0,0,0
TX,48503,0,333,0,2340,0,0,0,0,0,0,0,0,0,46,78745,0,0,2,139,0,0,0,0,0,0,0,0,2320,0,0,0,0,0,0,0,0,0,0,0,0,0,0,0,0,0,0,219,0,0,3141,0,0,0,0,0,0,0,38,0,0,0,0,5468,0,39359,2851,775,436,93,52071,24392,0,35428,346727,382,4,0,316,0,0,0,0,0,0,0,0,0,0,0,0,0,0,0,0,0,0,0,0,0,0,0,0,0,0,0,121,0,0,0,0,0,0,0,0,0,0,0,0,0,0,0,0,333,2461,0,0,0,78866,139,0,0
TX,48505,3,7,0,969,0,18,0,0,0,0,0,0,0,0,8,0,0,0,2,0,0,0,0,0,0,0,0,3064,0,0,0,0,0,0,0,0,0,0,0,0,0,0,0,0,0,0,0,0,0,411,0,0,0,0,0,0,0,0,0,0,0,0,19663,0,11250,17849,2928,152,1662,17,59,4,353171,257882,7661,392,0,0,0,0,0,0,0,5,0,0,0,0,0,0,0,0,0,0,0,0,0,0,0,0,0,0,0,0,0,1,0,0,0,0,0,0,0,0,0,0,0,0,0,0,0,3,7,970,0,0,0,9,2,0,0
TX,48507,8244,3341,0,4187,0,0,5,0,12,0,0,0,0,7724,12102,0,0,3957,5400,0,0,0,0,0,0,0,34,1596,0,0,0,0,0,1512,0,0,0,222,121,11,0,0,0,0,0,719,0,0,0,12440,0,0,0,0,0,0,0,1586,0,0,0,0,349,0,35215,5719,937,135,51,679,139,99,635253,65832,22553,242,0,1390,0,0,0,0,0,0,0,0,0,0,0,0,0,0,0,0,0,933,39,0,0,0,0,0,0,0,0,138,0,177,0,0,0,0,0,0,0,0,0,0,0,0,0,9216,3518,4325,0,0,0,13350,5439,0,0
UT,49001,2206,0,0,15,0,0,0,0,0,0,0,88,0,103,165,0,0,0,211,0,0,0,0,0,0,0,23940,2738,0,0,0,0,0,5,0,0,0,0,0,0,0,0,0,0,0,0,0,1,0,7910,0,0,0,0,0,0,0,0,0,0,0,0,914,0,7464,5123,2275,56,4229,18454,567867,7963,945614,61682,10,13,0,4,0,0,0,0,0,0,0,0,0,0,0,0,0,0,0,0,0,0,0,0,0,0,0,0,0,0,0,0,0,0,0,0,0,0,0,0,0,0,0,0,0,0,0,2206,0,15,0,88,0,165,211,0,0
UT,49003,16138,0,0,8,0,0,0,0,99,0,0,3431,0,2462,53627,0,0,220,1245,0,0,24,0,10624,0,0,72781,21624,0,0,0,95,0,2339,0,0,0,0,1230,0,0,2,0,0,0,64,0,9846,0,53526,87,325,2,0,15,0,0,0,0,0,0,0,518185,0,19593,8917,2565,217,1023253,29367,191739,17,1824162,390816,4200,43547,0,185,0,0,0,0,0,0,0,0,0,0,0,0,0,0,0,19,0,13,0,0,5,0,0,0,0,0,0,3,0,0,0,0,0,0,0,0,0,0,0,0,0,0,0,16151,0,11,0,3431,0,53643,1245,0,0
UT,49005,8483,0,0,41,0,0,0,0,11,0,0,12058,0,2606,18926,0,0,0,599,0,0,0,0,7990,0,0,66911,21932,0,0,0,0,266,185,0,0,0,0,3,0,64,458,0,1,0,0,0,89,0,9238,2,0,0,0,0,0,0,0,0,0,0,0,4451,0,14614,11306,3732,1266,1068,205592,131921,1956,180395,35416,2794,5878,0,470,0,0,0,0,0,0,0,0,0,0,0,0,0,0,0,0,0,0,0,0,2,0,0,0,0,0,0,32,0,0,0,0,0,0,0,0,0,0,0,0,0,0,0,8483,0,73,0,12058,0,18958,599,0,0
UT,49007,137,0,0,6,0,0,0,0,0,0,0,218,0,104,46,0,0,0,113,0,0,0,0,0,0,0,6398,265,0,0,0,0,0,0,0,0,0,0,0,0,0,0,0,0,0,0,0,0,0,3,0,0,0,0,0,0,0,0,0,0,0,0,3305,0,6495,4024,984,23,15295,102221,361189,1830,435889,9484,2099,2,0,1,0,0,0,0,0,0,0,0,0,0,0,0,0,0,0,0,0,0,0,0,0,0,0,0,0,0,0,0,0,0,0,0,0,0,0,0,0,0,0,0,0,0,0,137,0,6,0,218,0,46,113,0,0
UT,49009,6,0,0,0,0,0,0,0,0,0,0,5,0,0,1,0,0,0,18,0,0,0,0,0,0,0,323,1112,0,0,0,0,0,0,0,0,0,0,0,0,0,0,0,0,0,0,0,0,0,14,0,0,0,0,0,0,0,0,0,0,0,0,12252,0,3260,873,12,0,2310,2657,237895,200,188481,11086,1440,811,0,0,0,0,0,0,0,0,0,0,0,0,0,0,0,0,0,0,0,0,0,0,0,0,0,0,0,0,0,0,0,0,0,0,0,0,0,0,0,0,0,0,0,0,0,6,0,0,0,5,0,1,18,0,0
UT,49011,1370,0,0,1,0,0,0,0,115,0,0,204,0,3,1113,0,0,0,64,0,0,0,0,26,0,0,4831,1916,0,0,0,33,0,15,0,0,0,0,228,0,0,0,0,0,0,0,0,1,0,129,1,0,0,0,0,0,0,0,0,0,0,0,200233,0,13078,22349,14247,4904,21302,33982,9862,46,19072,33393,2512,19965,0,9,0,0,10,0,0,0,0,0,10,0,0,0,0,0,0,0,0,0,0,0,426,0,0,0,0,0,0,0,74,0,0,0,0,0,46,0,0,0,0,0,0,0,0,1444,0,1,0,278,0,1113,64,0,0
UT,49013,3768,0,0,68,0,0,0,0,0,0,0,167,0,5,21,0,0,0,983,0,0,0,0,0,0,0,21650,31164,0,0,0,0,0,0,0,0,0,0,0,0,0,0,0,0,0,0,0,0,0,481,0,1,0,0,0,0,0,0,0,0,0,0,9452,48,19995,5603,359,31,151149,74958,811537,2594,818765,119125,11303,438,0,87,0,0,0,0,0,0,0,0,0,0,0,0,0,0,0,0,0,0,0,0,0,0,0,0,0,0,0,0,0,0,0,0,0,0,0,0,0,0,0,0,0,0,0,3768,0,68,0,167,0,21,983,0,0
UT,49015,1096,0,0,410,0,0,0,0,0,0,0,172,0,24,63,0,0,0,753,0,0,0,0,0,0,0,28972,1819,0,0,0,0,0,0,0,0,0,44,0,0,0,0,0,0,0,0,0,0,0,327,0,0,0,0,0,0,0,0,0,0,0,0,5043,0,13164,6155,1319,49,325552,43395,275858,3473,1660330,477617,9773,1,0,8,0,0,0,0,0,0,0,0,0,0,0,0,0,0,0,0,0,0,0,0,0,0,0,0,0,0,0,0,0,0,0,0,0,0,0,0,0,0,0,0,0,0,0,1096,0,410,0,172,0,63,753,0,0
UT,49017,15,0,0,1,0,0,0,0,0,0,0,22,0,1,2,0,0,0,86,0,0,0,0,0,0,0,11899,196,0,0,0,0,0,0,0,0,0,0,0,0,0,0,0,0,0,0,0,0,0,91,0,0,0,0,0,0,0,0,0,0,0,0,11342,0,22384,6326,2219,54,413162,61734,1081776,38112,1496656,181707,5417,0,0,6,0,0,0,0,0,0,0,0,0,0,0,0,0,0,0,0,0,0,0,0,0,0,0,0,0,0,0,0,0,0,0,0,0,0,0,0,0,0,0,0,0,0,0,15,0,1,0,22,0,2,86,0,0
UT,49019,757,0,0,0,0,0,0,0,0,0,0,2,0,0,9,0,0,0,16,0,0,0,0,0,0,0,4357,178,0,0,0,1,0,0,0,0,0,66,0,0,0,0,0,0,0,0,0,0,0,128,0,0,0,0,0,0,0,0,0,0,0,0,6860,0,7014,4233,2199,154,86123,82652,602715,1910,1492159,56869,15688,33,0,3,0,0,0,0,0,0,0,0,0,0,0,0,0,0,0,0,0,0,0,0,0,0,0,0,0,0,0,0,0,0,0,0,0,0,0,0,0,0,0,0,0,0,0,757,0,0,0,2,0,9,16,0,0
UT,49021,1949,0,0,7,0,0,0,0,0,0,0,9,0,645,32,0,0,59,372,0,0,0,0,0,0,0,38942,407,0,0,0,0,0,1,0,0,0,0,0,0,0,0,0,0,0,0,0,0,0,1550,0,0,0,0,0,0,0,0,0,0,0,0,1046,0,17709,8722,4667,566,15211,60732,700249,22776,1133874,103365,80,3,0,206,0,0,0,0,0,0,0,0,0,0,0,0,0,0,0,0,0,0,0,0,0,0,0,0,0,0,0,0,0,0,0,0,0,0,0,0,0,0,0,0,0,0,0,1949,0,7,0,9,0,32,372,0,0
UT,49023,2083,0,0,3,0,0,0,0,0,0,0,1365,0,850,2735,1,0,13,628,0,0,0,0,685,0,0,17320,1204,0,0,0,0,0,0,0,0,0,0,0,0,0,0,0,0,0,0,0,0,0,6779,6,36,13,0,0,0,0,0,0,0,0,0,5574,8,8863,6321,1525,172,112637,55586,256629,240,1553194,139632,715,4442,0,740,0,0,0,0,0,0,0,0,0,0,0,0,0,0,0,0,0,0,0,0,0,0,0,0,0,0,0,0,0,0,0,0,0,0,0,0,0,0,0,0,0,0,0,2083,0,3,0,1365,0,2735,628,0,0
UT,49025,2,0,0,0,0,0,0,0,0,0,0,0,0,8,0,0,0,1,146,0,0,0,0,0,0,0,1792,1,0,0,0,0,0,0,0,0,0,0,0,0,0,0,0,0,0,0,0,0,0,1,0,0,0,0,0,0,0,0,0,0,0,0,49304,0,14823,3360,495,0,339583,47315,622692,4034,1409168,132640,4223,27,0,8,0,0,0,0,0,0,0,0,0,0,0,0,0,0,0,0,0,0,0,0,0,0,0,0,0,0,0,0,0,0,0,0,0,0,0,0,0,0,0,0,0,0,0,2,0,0,0,0,0,0,146,0,0
UT,49027,16375,0,0,230,0,0,0,0,13,0,0,6689,0,3961,2159,335,0,2,1754,0,0,0,0,35,0,0,72991,2345,0,0,0,0,0,2,0,0,0,0,4,0,0,0,0,0,0,0,0,109,0,22414,2,0,0,0,0,0,0,0,0,0,0,0,14019,0,17590,11891,1899,97,317549,54398,388743,358,3199908,229961,2064,270,0,1460,0,0,0,0,0,0,0,0,0,0,0,0,0,0,0,0,0,0,0,0,4,0,0,0,0,0,79,0,120,0,0,0,0,0,0,0,0,0,0,0,0,0,0,16495,0,309,0,6888,0,2159,1754,0,0
UT,49029,390,0,0,0,0,0,0,0,1,0,0,1273,0,12,31,0,0,0,75,0,0,0,0,3,0,0,7560,1340,0,0,0,0,0,7,0,0,0,0,0,0,0,0,0,0,0,0,18,0,0,37,0,0,0,0,0,0,0,0,0,0,0,0,837,0,3325,975,299,6,38,204350,32430,93,131987,5398,340,5,0,20,0,0,0,0,0,0,0,0,0,0,0,0,0,0,0,0,0,0,0,0,0,0,0,0,0,0,24,0,16,0,0,0,0,0,0,0,0,0,0,0,0,0,0,406,0,24,0,1313,0,31,75,0,0
UT,49031,34,0,0,2,0,0,0,0,0,0,0,36,0,26,3,0,0,0,168,0,0,0,0,0,0,0,9443,1703,0,0,0,0,0,0,0,0,0,0,0,0,0,0,0,0,0,0,0,0,0,419,0,0,0,0,0,0,0,0,0,0,0,0,4010,0,4834,3277,645,16,4170,21685,208806,8801,215505,6114,66,0,0,322,0,0,0,0,0,0,0,0,0,0,0,0,0,0,0,0,0,0,0,0,0,0,0,0,0,0,0,0,0,0,0,0,0,0,0,0,0,0,0,0,0,0,0,34,0,2,0,36,0,3,168,0,0
UT,49033,22,0,0,2,0,0,0,0,0,0,0,156,0,2,2,0,0,0,271,0,0,0,0,8,0,0,5572,50432,0,0,0,0,1,0,0,0,0,0,0,0,1,1,0,16,0,0,0,0,0,7,0,0,0,0,0,0,0,0,0,0,0,0,35999,0,5115,997,166,14,124,51891,50442,818,473299,18669,415,775,0,1,0,0,0,0,0,0,0,0,0,0,0,0,0,0,0,0,0,0,0,0,2,0,0,0,0,0,0,0,0,0,0,0,0,0,0,0,0,0,0,0,0,0,0,22,0,2,0,156,0,2,271,0,0
UT,49035,448,0,0,1,0,0,0,0,12,0,0,69,0,8,4368,0,0,3,7,0,0,0,0,59,0,0,2162,355,0,0,0,1,0,2,0,0,0,0,2,0,0,0,0,0,0,0,0,5,0,13517,20,3,1,0,0,0,0,0,0,0,0,0,31483,0,26699,63483,50257,21337,20653,81694,57491,145,98607,24664,2634,16622,0,6,0,0,0,0,0,0,0,0,0,0,0,0,0,0,0,0,0,0,0,0,19,0,0,0,0,0,0,0,0,0,0,0,0,0,0,0,0,0,0,0,0,0,0,448,0,1,0,69,0,4368,7,0,0
UT,49037,39,0,0,0,0,742,0,0,0,0,0,45,0,572,44824,0,0,0,416,0,0,0,0,4384,0,0,6686,97,0,0,0,912,0,0,0,0,0,0,0,0,0,0,0,0,0,0,0,152,0,46489,0,0,0,0,0,0,0,0,0,0,0,0,47546,0,23286,2270,244,18,542634,120807,882363,7200,2927628,387213,30665,35,0,0,0,0,0,0,0,0,0,0,0,0,0,0,0,0,0,0,0,0,0,0,0,0,0,0,0,0,0,0,0,0,0,0,0,0,0,0,0,0,0,0,0,0,0,39,0,0,0,45,0,44824,416,0,0
UT,49039,3843,0,0,73,0,1,0,0,0,0,0,1757,0,100,1092,0,0,306,4627,0,0,0,0,0,0,0,44431,34439,0,0,0,0,0,0,0,0,0,0,0,0,0,0,0,0,0,0,0,0,0,1675,0,0,5,0,0,0,0,0,0,0,0,0,6568,0,20008,4138,367,8,9045,170709,302809,13799,369353,31035,3498,581,0,1320,0,0,0,0,0,0,0,0,0,0,0,0,0,0,0,0,0,0,0,0,109,0,0,0,0,0,0,0,0,0,0,0,0,0,0,0,0,0,0,0,0,0,0,3843,0,73,0,1757,0,1092,4627,0,0
UT,49041,5621,0,0,72,0,0,0,0,8,0,0,1150,0,26,81,0,0,38,1370,0,0,0,0,0,0,0,27652,2625,0,0,0,0,0,0,0,0,0,0,0,0,0,0,0,0,0,0,0,0,0,917,0,0,0,0,0,0,0,0,0,0,0,0,4799,14,16513,7369,2046,89,14450,142501,506147,28339,431580,32966,1114,8,0,191,0,0,0,0,0,0,0,0,0,0,0,0,0,0,0,0,0,0,0,0,15,0,0,0,0,0,0,0,0,0,0,0,0,0,0,0,0,0,0,0,0,0,0,5621,0,72,0,1150,0,81,1370,0,0
UT,49043,17,0,0,0,0,0,0,0,0,0,0,109,0,1,2,0,0,0,36,0,0,0,0,8,0,0,2679,2411,0,0,0,0,0,2,0,0,0,0,0,0,0,0,0,0,0,0,0,0,0,12,0,0,0,0,0,0,0,0,0,0,0,0,5272,13,13619,4158,1869,109,47212,299247,440376,9146,335486,38676,1142,2973,0,10,0,0,0,0,0,0,0,0,0,0,0,0,0,0,0,0,0,0,0,0,0,0,0,0,0,0,0,0,0,0,0,0,0,0,0,0,0,0,0,0,0,0,0,17,0,0,0,109,0,2,36,0,0
UT,49045,468,0,0,5,0,0,0,0,2,0,0,334,0,40,747,0,0,14,52,0,0,0,0,10,0,0,8409,3533,0,0,0,0,0,3,0,0,0,0,7,0,0,0,0,0,0,0,0,100,0,1573,35,1,0,0,0,0,0,0,0,0,0,0,187914,0,13229,14556,4383,554,1833214,18756,325411,19,1772739,461929,542,14470,0,14,0,0,0,0,0,0,0,0,0,0,0,0,0,0,0,0,0,0,0,0,2,0,0,0,0,0,0,0,2,0,0,0,0,0,0,0,0,0,0,0,0,0,0,470,0,5,0,336,0,747,52,0,0
UT,49047,3116,0,0,18,0,0,0,0,0,0,0,293,0,515,3,0,0,0,1537,0,0,0,0,1,0,0,21171,5275,0,0,0,0,0,0,0,0,0,1,0,0,0,0,0,0,0,0,0,0,0,755,0,0,0,0,0,0,0,0,0,0,0,0,12884,3,12402,7741,796,149,82564,34120,716955,909,1843562,86286,48205,12,0,56,0,0,0,0,0,0,0,0,0,0,0,0,0,0,0,0,0,0,0,0,0,0,0,0,0,0,0,0,0,0,0,0,0,0,0,0,0,0,0,0,0,0,0,3116,0,18,0,293,0,3,1537,0,0
UT,49049,6771,0,0,14,0,0,0,0,120,0,0,2880,0,355,19655,0,0,3,501,0,0,0,0,1454,0,0,31263,5435,0,0,0,1,0,38,0,0,0,0,5,0,0,0,0,13,0,0,0,1,0,35417,4050,358,438,0,43,0,0,0,0,0,0,0,90461,0,22710,32551,24056,7078,9225,376001,238993,779,337210,107120,3962,10844,0,67,0,0,0,0,0,0,0,0,0,0,0,0,0,0,0,0,0,0,1,0,127,0,0,0,0,0,0,0,76,0,0,0,0,0,0,0,0,0,0,0,0,0,0,6848,0,14,0,2956,0,19655,502,0,0
UT,49051,57,0,0,0,0,0,0,0,0,0,0,39,0,5,4,0,0,0,40,0,0,0,0,0,0,0,2657,683,0,0,0,0,0,0,0,0,0,0,0,0,0,0,0,0,0,0,0,0,0,11,0,0,0,0,0,0,0,0,0,0,0,0,20102,0,10762,2056,581,24,2046,350925,168104,4884,199345,11602,92,10,0,1,0,0,0,0,0,0,0,0,0,0,0,0,0,0,0,0,0,0,0,0,0,0,0,0,0,0,0,0,0,0,0,0,0,0,0,0,0,0,0,0,0,0,0,57,0,0,0,39,0,4,40,0,0
UT,49053,348,0,0,15,0,0,0,0,0,0,0,2,0,27,205,0,0,382,84,0,0,0,0,0,0,0,3246,109,0,0,0,0,0,0,0,0,0,0,0,0,0,0,0,0,0,0,0,0,0,332,0,0,0,0,0,0,0,0,0,0,0,0,2164,0,17099,13256,2605,63,27946,47763,544791,589,860377,30932,2399,11,0,194,0,0,0,0,0,0,0,0,0,0,0,0,0,0,0,0,0,0,0,0,0,0,0,0,0,0,0,0,0,0,0,0,0,0,0,0,0,0,0,0,0,0,0,348,0,15,0,2,0,205,84,0,0
UT,49055,37,0,0,2,0,0,0,0,2,0,0,1030,0,1,2,0,0,0,128,0,0,0,0,0,0,0,10519,724,0,0,0,0,0,0,0,0,0,0,0,0,0,0,0,0,0,0,0,0,0,223,0,0,0,0,0,0,0,0,0,0,0,0,1637,0,6520,3973,666,4,287257,4791,168780,5709,818535,262902,5087,4,0,10,0,0,0,0,0,0,0,0,0,0,0,0,0,0,0,0,0,0,0,0,0,0,0,0,0,0,0,0,0,0,0,0,0,0,0,0,0,0,0,0,0,0,0,37,0,2,0,1030,0,2,128,0,0
UT,49057,2938,0,0,0,0,0,0,0,43,0,0,456,0,70,2109,0,0,26,87,0,0,0,0,29,0,0,14463,5928,0,0,0,1,0,13,0,0,0,0,518,0,0,0,0,0,0,0,0,73,0,184,3,0,0,0,0,0,0,0,0,0,0,0,54663,0,12889,19691,11259,4157,21410,130935,23970,140,72918,26272,2678,13816,0,247,0,0,5,0,0,0,0,0,2,0,0,0,0,0,0,0,0,4,6,0,77,0,0,0,0,0,0,0,53,0,0,0,0,0,14,0,0,0,0,0,0,0,0,3001,0,0,0,509,0,2113,93,0,0
VT,50001,28629,0,0,0,1797,0,0,0,5,0,0,11,0,31,165,0,0,1,41,0,0,0,0,0,0,0,747,109103,0,0,0,0,1,0,0,0,72,0,0,0,0,3,0,0,0,0,0,0,0,557,0,0,14,0,1,7,0,0,0,0,0,0,23941,0,10115,3876,1412,194,256,183287,33703,36577,9487,52574,19229,1975,0,0,0,0,0,0,0,0,0,0,0,0,0,0,0,0,3,0,0,0,0,0,0,0,0,0,0,0,0,0,0,0,0,0,0,0,0,0,0,0,0,0,0,0,0,28629,0,0,1797,11,0,165,41,0,0
VT,50003,1486,0,0,0,1,0,0,0,1,0,0,0,0,0,0,0,0,0,0,0,0,0,0,0,0,0,7062,637,0,0,0,0,1,3,0,0,0,0,0,0,0,0,0,0,0,0,0,0,0,921,0,1,3,0,1,0,0,0,0,0,0,0,1258,0,11736,4284,2334,323,372,278813,38596,49804,4090,25079,6600,454,0,0,0,0,0,0,0,0,0,0,0,0,0,0,0,1,4,0,0,0,0,0,0,0,0,0,0,0,0,0,0,0,0,0,0,6,0,0,0,0,0,0,0,0,0,1486,0,0,1,0,0,0,0,0,0
VT,50005,3949,0,0,0,2,0,0,0,0,0,0,2,0,0,1,0,0,0,7,0,0,0,0,0,0,0,31,35094,0,0,0,0,0,0,0,0,1,0,0,0,0,0,0,0,0,0,0,0,0,22,0,0,0,0,27,0,0,0,0,0,0,0,4412,0,15146,6510,2360,399,560,142374,75469,112919,7107,9796,3011,99,0,0,0,0,0,0,0,0,0,0,0,0,0,0,0,0,0,0,0,0,0,0,0,0,0,0,0,0,0,0,0,0,0,0,0,0,0,0,0,0,0,0,0,0,0,3949,0,0,2,2,0,1,7,0,0
VT,50007,6431,0,0,0,202,0,0,0,5,0,0,0,0,3,187,0,0,0,21,0,0,0,0,0,0,0,315,30310,0,0,0,0,0,0,0,0,52,0,0,0,0,0,0,0,0,0,3,3,0,71,0,0,2,0,0,60,0,0,0,0,0,0,52002,0,18008,11304,6944,2477,280,132249,31357,47349,3256,41243,8449,1664,0,0,0,0,0,0,0,0,0,0,0,0,0,0,0,0,1,0,0,0,0,0,0,0,0,0,0,0,0,0,0,0,0,0,0,0,0,0,0,0,0,0,0,0,0,6431,0,0,202,0,0,187,21,0,0
VT,50009,1658,0,0,0,1,0,0,0,0,0,0,4,0,0,0,0,0,2,2,0,0,0,0,0,0,0,2,7089,0,0,0,0,24,0,0,0,0,0,0,0,0,0,0,0,0,0,0,0,0,4,0,0,0,0,0,0,0,0,0,0,0,0,6035,0,5309,1670,352,60,90,202046,62192,123104,8869,771,11386,272,0,0,0,0,0,0,0,0,0,0,0,0,0,0,0,0,0,0,0,0,0,0,0,0,0,0,0,0,0,0,0,0,0,0,0,0,0,0,0,0,0,0,0,0,0,1658,0,0,1,4,0,0,2,0,0
VT,50011,28754,0,0,0,387,0,0,0,10,0,0,0,0,4,6,0,0,8,83,0,0,0,0,0,0,0,30,63189,0,0,0,0,6,0,0,0,16,0,0,0,0,0,0,0,0,0,1,0,0,123,0,0,3,0,3,10769,0,0,0,0,0,0,35686,0,11176,7353,2338,626,424,140492,38263,54480,1633,32320,13372,2537,0,18,0,0,0,0,0,0,0,0,0,0,0,0,0,0,3,0,0,0,0,0,0,0,0,0,0,0,0,0,0,0,0,0,0,0,0,0,0,0,0,0,0,0,0,28754,0,0,387,0,0,6,83,0,0
VT,50013,3769,0,0,0,227,0,0,0,0,0,0,0,0,0,0,0,0,0,0,0,0,0,0,0,0,0,14,14070,0,0,0,0,0,0,0,0,4,0,0,0,0,0,0,0,0,0,0,0,0,24,0,0,22,0,0,2,0,0,0,0,0,0,72322,0,2770,1471,265,26,12,9075,1510,356,493,7486,10115,840,0,0,0,0,0,0,0,0,0,0,0,0,0,0,0,0,0,0,0,0,0,0,0,0,0,0,0,0,0,0,0,0,0,0,0,0,0,0,0,0,0,0,0,0,0,3769,0,0,227,0,0,0,0,0,0
VT,50015,2835,0,0,0,39,0,0,0,5,0,0,0,0,1,10,0,0,0,15,0,0,0,0,0,0,0,61,14597,0,0,0,0,0,1,0,0,1,0,0,0,0,0,0,0,0,0,72,8,0,32,0,0,0,0,2,536,0,0,0,0,0,0,2060,0,8532,3075,915,255,398,133294,41355,69086,1577,13893,3050,313,0,0,0,0,0,0,0,0,0,0,0,0,0,0,0,0,1,0,0,0,0,0,0,0,0,0,0,0,0,0,0,0,0,0,0,0,0,0,0,0,0,0,0,0,0,2835,0,0,39,0,0,10,15,0,0
VT,50017,3898,0,0,0,2,0,0,0,2,0,0,0,0,1,1,0,0,2,46,0,0,0,0,0,0,0,169,32361,0,0,0,0,1,0,0,0,6,0,0,0,0,0,0,0,0,0,0,0,0,53,0,0,0,0,0,0,0,0,0,0,0,0,2318,0,16218,5986,1600,208,213,160084,76143,117783,5319,17904,2196,145,0,0,0,0,0,0,0,0,0,0,0,0,0,0,0,0,0,0,0,0,0,0,121,0,0,0,0,0,0,0,0,0,0,0,0,0,0,0,0,0,0,0,0,0,0,3898,0,0,2,0,0,1,46,0,0
VT,50019,8613,0,0,0,4,0,0,0,0,0,0,8,0,1,1,0,0,1,6,0,0,0,0,0,0,0,155,52300,0,0,0,0,3,0,0,0,2,0,0,0,0,0,0,0,0,0,0,1,0,634,0,0,0,0,93,8,0,0,0,0,0,0,16383,0,13495,5595,1450,230,503,147259,72700,104261,5765,20316,9556,275,0,0,0,0,0,0,0,0,0,0,0,0,0,0,0,0,0,0,0,0,0,0,0,0,0,0,0,0,0,0,0,0,0,0,0,0,0,0,0,0,0,0,0,0,0,8613,0,0,4,8,0,1,6,0,0
VT,50021,5980,0,0,0,260,0,0,0,6,0,0,0,0,8,7,0,0,27,23,0,0,0,0,0,0,0,25696,5755,0,0,0,0,12,0,0,0,14,0,0,0,0,0,0,0,0,0,0,0,0,4750,0,0,5,0,0,13,0,0,0,0,0,0,9023,0,16851,7009,3865,802,849,294368,82270,70003,12618,43779,18502,1750,0,0,0,0,0,0,0,0,0,0,0,0,0,0,0,0,5,0,0,0,0,0,1,0,0,0,0,0,0,0,0,0,0,0,0,0,0,0,0,0,0,0,0,0,0,5980,0,0,260,0,0,7,23,0,0
VT,50023,2661,0,0,0,6,0,0,0,2,0,0,0,0,0,1,0,0,1,15,0,0,0,0,0,0,0,735,17456,0,0,0,0,0,0,0,0,17,0,0,0,0,0,0,0,0,0,17,0,0,128,0,0,0,0,41,5,0,0,0,0,0,0,4111,0,15057,6364,2656,815,594,177366,65530,126791,4809,21648,2763,223,0,0,0,0,0,0,0,0,0,0,0,0,0,0,0,0,2,0,0,0,0,0,10,0,0,0,0,0,0,0,0,0,0,0,0,0,0,0,0,0,0,0,0,0,0,2661,0,0,6,0,0,1,15,0,0
VT,50025,2171,0,0,0,0,0,0,1,30,0,0,1,0,0,0,0,0,9,1,0,0,0,0,0,0,0,1083,9495,0,0,0,0,28,2,0,0,1,0,0,0,0,0,0,0,0,0,0,19,0,151,0,2,174,0,0,1,0,0,0,0,0,0,6892,0,16863,5918,2700,460,816,198878,114187,121091,2614,22390,3838,758,0,0,0,0,0,0,0,0,0,0,0,0,0,0,0,12,91,0,0,0,0,0,13,0,0,0,0,0,0,0,0,0,0,0,0,22,0,0,0,0,0,0,0,0,0,2171,0,0,0,1,0,0,1,0,0
VT,50027,2441,0,0,0,1,0,0,1,2,0,0,0,0,1,0,0,0,0,9,0,0,0,0,0,0,0,284,24239,0,0,0,0,0,0,0,0,3,0,0,0,0,0,0,0,0,0,0,0,0,74,0,0,6,0,1,8,0,0,0,0,0,0,3457,0,22565,9533,3549,425,592,254559,119482,135903,6222,38605,1970,453,0,0,0,0,0,0,0,0,0,0,0,0,0,0,0,0,43,0,0,0,0,0,0,0,0,0,0,0,0,0,0,0,0,0,0,1,0,0,0,0,0,0,0,0,0,2441,0,0,1,0,0,0,9,0,0
VA,51001,24630,42,0,334,17613,0,2,0,1,0,0,4,0,0,119,0,20673,0,0,3,0,0,0,0,0,0,37,9,0,0,0,0,1129,9,0,0,0,0,0,70,0,0,0,0,0,0,0,0,0,10059,0,0,0,0,0,0,0,0,0,0,0,0,12880,0,12846,3171,1187,330,2076,2812,10385,1397,3364,5902,87018,49762,0,0,0,0,0,0,0,0,0,0,0,0,0,0,0,0,0,0,0,117,0,0,0,0,0,0,0,0,0,23,0,0,0,0,0,0,0,0,0,0,0,0,0,0,1413,24747,42,357,39699,1417,0,20932,0,0,0
VA,51003,2447,0,0,141,1870,0,0,0,0,0,0,13,0,0,119,0,848,0,0,8,0,0,0,0,0,0,36,20041,0,0,0,0,0,2,0,0,0,0,0,0,0,0,0,0,0,0,0,0,0,338,0,0,26,0,0,0,0,0,0,0,0,0,2338,0,32400,8376,1864,765,32,265619,37484,11665,152,78071,43,2,0,0,0,0,0,0,0,0,0,0,0,0,0,0,0,0,0,0,0,4,0,0,0,0,0,0,0,0,1,4,23,0,0,0,0,0,0,0,0,0,0,0,0,0,44,2474,0,146,2762,81,0,975,0,0,0
VA,51005,356,0,0,0,3,0,0,0,0,0,0,0,0,0,2,0,0,0,0,0,0,0,0,0,0,0,43,4128,0,0,0,0,0,0,0,0,0,0,0,0,0,0,0,0,0,0,0,0,0,145,0,0,17,0,0,0,0,0,0,0,0,0,987,0,10732,4192,1052,225,25,249735,8339,667,16,6543,0,0,0,0,0,0,0,0,0,0,0,0,0,0,0,0,0,0,0,0,0,0,1,0,1,0,0,0,0,0,0,0,0,0,0,0,0,0,0,0,0,0,0,0,0,0,0,357,0,0,3,0,0,2,1,0,0
VA,51007,6723,3,0,100,5508,0,2,61,0,0,0,27,0,0,223,0,2057,17,2,0,0,0,0,0,0,0,33,12993,0,0,0,0,0,4,0,0,0,0,0,0,0,0,0,0,0,0,0,3,0,370,0,0,0,3,0,0,0,0,0,0,0,0,1498,0,5293,693,128,39,69,109465,47201,1682,2349,26429,5468,19,0,0,0,0,0,0,0,0,0,0,0,0,0,0,0,0,0,0,0,3,0,0,1,0,0,0,0,0,5,63,34,0,0,4,0,0,0,0,0,0,0,0,0,0,795,6760,3,168,8364,861,0,2346,6,0,0
VA,51009,272,0,0,0,208,0,0,0,0,0,0,2,0,0,17,0,27,0,0,1,0,0,0,0,0,0,10,16186,0,0,0,0,0,0,0,0,0,0,0,0,0,0,0,0,0,0,0,0,0,116,0,0,11,0,0,0,0,0,0,0,0,0,2138,0,16610,5496,891,225,3,212206,21558,3172,338,26919,3,0,0,0,0,0,0,0,0,0,0,0,0,0,0,0,0,0,0,0,0,2,0,0,6,0,0,0,0,0,0,0,8,0,0,0,0,0,0,0,0,0,0,0,0,0,0,282,0,0,235,10,0,46,0,0,0
VA,51011,597,0,0,6,1112,0,0,9,0,0,0,36,0,0,232,0,707,6,1,9,0,0,0,0,0,0,1,25173,0,0,0,0,0,0,0,0,0,0,0,0,0,0,0,0,0,0,0,0,0,368,0,0,0,0,0,0,0,0,0,0,0,0,813,0,6619,1263,252,71,83,115689,28200,2716,3032,27127,61,2,0,1,0,0,0,0,0,0,0,0,0,0,0,0,0,0,0,0,0,10,0,0,19,0,0,0,0,0,0,0,5,0,0,0,0,0,0,0,0,0,0,0,0,0,7,612,0,6,1826,48,0,949,1,0,0
VA,51013,0,0,0,0,3,0,0,0,0,0,0,0,0,0,0,0,0,0,0,0,0,0,0,0,0,0,0,3,0,0,0,0,0,0,0,0,0,0,0,0,0,0,0,0,0,0,0,0,0,0,0,0,0,0,0,0,0,0,0,0,0,0,99,0,4434,5980,3275,1349,1,1502,10,2,2,7,37,15,0,0,0,0,0,0,0,0,0,0,0,0,0,0,0,0,0,0,0,0,0,0,0,0,0,0,0,0,0,0,0,0,0,0,0,0,0,0,0,0,0,0,0,0,0,0,0,0,3,0,0,0,0,0,0
VA,51015,21456,0,0,316,5194,7,0,1,0,0,0,323,0,0,1560,0,136,5,2,10,0,0,0,0,0,0,478,36315,0,0,0,0,0,2,0,0,7,0,0,0,0,0,0,0,0,0,0,2,0,2356,0,0,15,0,0,0,0,0,0,0,0,0,502,0,36039,13486,1802,614,144,314900,33912,13580,17,136779,4,0,0,0,0,0,0,0,0,0,0,0,0,0,0,0,0,2,0,0,0,105,0,0,7,0,0,0,0,0,19,19,768,0,0,0,0,0,0,0,0,0,0,0,0,0,484,22329,0,354,5814,1594,0,1820,2,0,0
VA,51017,931,0,0,5,11,0,0,0,0,0,0,0,0,0,0,0,1,0,0,0,0,0,0,0,0,0,65,4886,0,0,0,0,0,0,0,0,0,0,0,0,0,0,0,0,0,0,0,0,0,386,0,0,0,0,1,0,0,0,0,0,0,0,2734,0,10871,819,193,41,28,286879,19366,2097,0,12794,0,0,0,0,0,0,0,0,0,0,0,0,0,0,0,0,0,0,0,0,0,0,0,0,0,0,0,0,0,0,1,0,0,0,0,0,0,0,0,0,0,0,0,0,0,0,1,931,0,6,13,2,0,1,0,0,0
VA,51019,1265,0,0,157,287,0,0,1,0,0,0,247,0,0,725,0,102,61,20,7,0,0,0,0,0,0,132,43891,0,0,0,0,0,0,0,0,0,0,0,0,0,0,0,0,0,0,0,0,0,577,0,0,15,0,0,0,0,0,0,0,0,0,9963,0,24333,10650,1030,281,15,283175,23473,2766,388,88406,0,0,0,2,0,0,0,0,0,0,0,0,0,0,0,0,0,0,3,0,0,59,11,0,0,0,0,0,0,0,58,0,122,0,0,0,0,0,0,0,0,0,0,0,0,0,166,1457,0,215,555,593,0,886,31,0,0
VA,51021,859,0,0,32,0,0,0,0,0,0,0,0,0,0,21,0,2,0,20,0,0,0,0,0,0,0,360,7784,0,0,0,0,0,0,0,0,0,0,0,0,0,0,0,0,0,0,0,0,0,6,0,0,0,0,7,0,0,0,0,0,0,0,53,0,6400,1042,303,24,23,166141,5744,3244,435,37066,30,0,0,6,0,0,0,0,0,0,0,0,0,0,0,0,0,0,0,0,0,0,0,0,0,0,0,0,0,0,0,0,0,0,0,0,0,0,0,0,0,0,0,0,0,0,0,859,0,32,2,0,0,23,20,0,0
VA,51023,2943,0,0,36,197,0,0,0,0,0,0,16,0,0,48,0,11,43,1,21,0,0,0,0,0,0,804,19551,0,0,0,0,0,0,0,0,5,0,0,0,0,0,0,0,0,0,0,0,0,834,0,105,213,0,0,0,0,0,0,0,0,0,1997,0,18072,6916,1031,310,37,240662,18125,1950,22,35398,0,0,0,0,0,0,0,0,0,0,0,0,0,0,0,0,0,0,5,0,0,14,8,0,2,0,0,0,0,0,4,1,7,0,0,0,0,0,0,0,0,0,0,0,0,0,10,2972,0,41,218,37,0,74,9,0,0
VA,51025,750,94,0,79,5899,0,41,349,0,0,0,2,0,0,41,0,2953,2,1,7,0,0,0,0,0,0,176,8047,0,0,0,0,0,0,0,10,0,0,0,0,0,0,0,0,0,0,0,1,0,1326,0,0,0,0,0,0,0,0,0,0,0,0,2348,0,15542,3097,267,43,150,134736,134841,1577,4544,43753,3215,19,0,0,0,0,0,0,0,0,0,0,0,0,0,0,0,0,0,0,0,1,0,0,48,0,0,0,0,0,1,350,1,0,0,72,0,0,0,0,0,0,0,0,0,0,25,752,94,430,8949,29,0,3345,73,0,0
VA,51027,2,0,0,0,0,0,0,0,0,0,0,0,0,0,0,0,0,0,0,0,0,0,0,0,0,0,0,127,0,0,0,0,0,0,0,0,0,0,0,0,0,0,0,0,0,0,0,0,0,1,0,0,0,0,0,0,0,0,0,0,0,0,141,0,14287,5213,1591,99,2862,281767,100,330,7,15959,0,0,0,0,0,0,0,0,0,0,0,0,0,0,0,0,0,0,0,0,0,0,0,0,0,0,0,0,0,0,0,0,0,0,0,0,0,0,0,0,0,0,0,0,0,0,0,2,0,0,0,0,0,0,0,0,0
VA,51029,1482,0,0,42,594,0,1,0,0,0,0,17,0,0,80,0,234,3,0,0,0,0,0,0,0,0,4,23417,0,0,0,0,0,0,0,0,0,0,0,0,0,0,0,0,0,0,0,0,0,387,0,0,0,0,0,0,0,0,0,0,0,0,2495,0,9715,1012,150,26,239,216346,75648,4076,4078,32432,966,9,0,0,0,0,0,0,0,0,0,0,0,0,0,0,0,0,0,0,0,1,0,0,0,0,0,0,0,0,14,2,6,0,0,0,0,0,0,0,0,0,0,0,0,0,2,1489,0,58,830,39,0,317,0,0,0
VA,51031,850,0,0,86,2113,0,0,1,0,0,0,77,0,0,593,0,2685,1,1,7,0,0,0,0,0,0,2,37459,0,0,0,0,0,0,0,0,0,0,0,0,0,0,0,0,0,0,0,13,0,351,0,0,0,4,0,0,0,0,0,0,0,0,2108,0,14781,5818,1412,487,38,166217,36618,2333,2239,47945,54,2,0,85,0,0,0,0,0,0,0,0,0,0,0,0,0,0,0,0,0,38,0,0,0,0,0,0,0,0,18,12,111,0,0,0,0,0,0,0,0,0,0,0,0,0,35,999,0,116,4833,241,0,3328,1,0,0
VA,51033,14845,15,0,66,7807,0,1,0,0,0,0,0,0,0,59,0,10053,2,0,0,0,0,0,0,0,0,10,6084,0,0,0,0,0,9,0,0,0,0,0,0,0,0,0,0,0,0,0,4,0,1002,0,0,0,0,0,0,0,0,0,0,0,0,4166,0,18440,2655,688,128,351,160371,59991,4471,20847,7792,21449,388,0,0,0,0,0,0,0,0,0,0,0,0,0,0,0,0,0,0,0,2,0,0,1,0,0,0,0,0,0,92,35,0,0,0,0,0,0,0,0,0,0,0,0,0,3076,14882,15,158,20936,3111,0,10206,0,0,0
VA,51035,885,0,0,5,26,0,0,0,12,0,0,0,0,0,2,0,43,0,19,0,0,0,0,0,0,0,76,13760,0,0,0,3,0,25,0,0,0,0,0,0,0,0,0,0,0,0,0,0,0,54,0,15,13,0,50,0,0,0,0,0,0,0,816,0,19865,1882,474,141,11,177374,11153,1454,94,77347,1,0,0,33,0,0,0,0,0,0,0,0,9,0,0,0,0,0,0,0,0,8,0,0,7,0,0,0,0,0,0,0,0,0,0,0,0,0,50,0,0,0,0,0,0,0,0,893,0,5,69,0,0,53,19,0,0
VA,51036,6148,683,0,23,2295,0,3,0,0,0,0,0,0,0,34,0,6713,1,1,9,0,0,0,0,0,0,8,2014,0,0,0,1,0,0,0,0,0,0,0,0,0,0,0,0,0,0,0,37,0,354,0,0,0,1,0,0,0,0,0,0,0,0,5375,0,4298,210,58,14,154,31238,29592,2652,6598,1585,19557,2131,0,0,0,0,0,0,0,0,0,0,0,0,0,0,0,0,3,0,0,0,0,0,0,0,0,0,0,0,0,1,117,0,0,0,0,18,0,0,0,0,0,0,0,0,269,6265,683,24,9277,386,0,6748,1,0,0
VA,51037,1188,0,0,19,5556,0,2,32,0,0,0,26,0,0,547,0,1983,3,13,6,0,0,0,0,0,0,3,24019,0,0,0,0,0,0,0,0,0,0,0,0,0,0,0,0,0,0,0,2,0,778,0,0,0,0,0,0,0,0,0,0,0,0,1608,0,8389,1103,134,36,133,159552,44189,3606,4433,42840,5204,52,0,1,0,0,0,0,0,0,0,0,0,0,0,0,0,0,0,0,0,24,0,0,13,0,0,0,0,0,6,9,6,0,0,0,0,0,0,0,0,0,0,0,0,0,50,1218,0,34,7589,88,0,2563,13,0,0
VA,51041,981,11,0,6,1479,0,1,2,0,0,0,0,0,0,17,0,540,1,0,0,0,0,0,0,0,0,0,4175,0,0,0,0,0,1,0,0,0,0,0,0,0,0,0,0,0,0,0,2,0,653,0,0,0,0,0,0,0,0,0,0,0,0,7762,0,51690,20087,6761,2126,413,107346,46560,1150,3228,12908,11255,566,0,0,0,0,0,0,0,0,0,0,0,0,0,0,0,0,1,0,0,1,0,0,0,0,0,0,0,0,0,0,0,0,0,8,0,0,0,0,0,0,0,0,0,0,24,982,11,6,2051,24,0,558,8,0,0
VA,51043,4839,0,0,11,2305,0,0,0,0,0,0,32,0,0,88,0,218,21,0,0,0,0,0,0,0,0,295,13962,0,0,0,0,0,89,0,0,0,0,0,0,0,0,0,0,0,0,0,12,0,25,0,0,20,1,0,0,0,0,0,0,0,0,883,0,5341,1446,257,50,1,41453,1476,205,6,40506,9,1,0,0,0,0,0,0,0,0,0,0,0,0,0,0,0,0,0,0,0,0,0,0,0,0,0,0,0,0,0,0,381,0,0,0,0,0,0,0,0,0,0,0,0,0,4,5220,0,11,2527,417,0,306,0,0,0
VA,51045,493,0,0,0,0,0,0,0,0,0,0,0,0,0,3,0,1,0,0,0,0,0,0,0,0,0,70,8790,0,0,0,0,0,0,0,0,0,0,0,0,0,0,0,0,0,0,3,0,0,367,0,0,0,0,3,0,0,0,0,0,0,0,89,0,6194,923,69,6,0,178202,5187,114,3,11111,0,0,0,0,0,0,0,0,0,0,0,0,0,0,0,0,0,0,0,0,0,0,0,0,0,0,0,0,0,0,0,0,0,0,0,0,0,0,0,0,0,0,0,0,0,0,0,493,0,0,1,0,0,4,0,0,0
VA,51047,12448,1,0,89,10252,1,1,0,3,0,0,156,0,0,395,0,898,9,0,0,0,0,0,0,0,0,160,29000,0,0,0,0,0,1,0,0,0,0,0,0,0,0,0,0,0,0,0,226,0,1002,0,0,0,0,116,0,0,0,0,0,0,0,1170,0,14225,3053,839,219,155,102420,10384,1819,3647,50655,678,87,0,0,0,0,0,0,0,0,0,0,0,0,0,0,0,0,0,0,0,24,0,0,0,0,0,0,0,0,0,5,226,0,0,1,0,0,0,0,0,0,0,0,0,0,425,12698,1,94,11576,807,0,1322,1,0,0
VA,51049,2061,0,0,26,865,0,2,2,0,0,0,21,0,0,75,0,577,63,0,0,0,0,0,0,0,0,31,11545,0,0,0,0,0,4,0,0,0,0,0,0,0,0,0,0,0,0,0,1,0,330,0,0,0,2,0,0,0,0,0,0,0,0,889,0,5158,520,74,14,27,108276,32621,1324,2228,20515,4510,6,0,1,0,0,0,0,0,0,0,0,0,0,0,0,0,0,0,0,0,0,0,0,0,0,0,0,0,0,6,3,12,0,0,0,0,0,0,0,0,0,0,0,0,0,45,2073,0,35,1487,84,0,655,0,0,0
VA,51051,4,0,0,0,0,0,0,0,0,0,0,0,0,0,0,0,0,0,0,0,0,0,0,0,0,0,1,194,0,0,0,0,0,0,0,0,0,0,0,0,0,0,0,0,0,0,0,0,0,11,0,0,0,0,0,0,0,0,0,0,0,0,1213,0,10841,3862,934,60,815,174262,133,1672,11,19534,0,0,0,0,0,0,0,0,0,0,0,0,0,0,0,0,0,0,0,0,0,0,0,0,0,0,0,0,0,0,0,0,0,0,0,0,0,0,0,0,0,0,0,0,0,0,0,4,0,0,0,0,0,0,0,0,0
VA,51053,4489,1320,0,45,10410,0,181,273,0,0,0,1,0,0,134,0,5342,2,0,1,0,0,0,0,0,0,4,10211,0,0,0,1,0,1,0,1,0,0,0,0,0,0,0,0,0,0,0,0,0,1818,0,0,0,0,0,0,0,0,0,0,0,0,2120,0,15183,2194,629,256,288,119798,105362,1589,8009,27474,7207,11,0,0,0,0,0,0,0,0,0,0,0,0,0,0,0,0,0,0,0,0,0,0,45,0,0,0,0,0,0,36,7,0,1,10,0,0,0,0,0,0,0,0,0,0,18,4496,1321,81,15781,26,0,5512,10,0,0
VA,51057,16755,24,0,114,6148,0,0,0,0,0,0,0,0,0,6,0,11647,0,0,56,0,0,0,0,0,0,14,1987,0,0,0,0,1,2,0,0,0,0,0,0,0,0,0,0,0,0,0,5,0,114,0,0,0,0,0,0,0,0,0,0,0,0,9238,0,5269,1006,293,96,23,50487,34503,5082,7170,2470,13948,4556,0,0,0,0,0,0,0,0,0,0,0,0,0,0,0,0,0,0,0,0,0,0,0,0,0,0,0,0,0,2,1,0,0,0,0,0,0,0,0,0,0,0,0,0,3074,16756,24,116,20869,3075,0,11655,0,0,0
VA,51059,212,0,0,4,56,0,0,0,0,0,0,0,0,0,6,0,28,0,0,1,0,0,0,0,0,0,2,652,0,0,0,0,0,34,0,0,0,0,0,0,0,0,0,0,0,0,0,3,0,18,0,0,0,2,0,0,0,0,0,0,0,0,7504,0,70103,49323,21305,5515,126,92757,1864,214,803,3053,5554,1063,0,0,0,0,0,0,0,0,0,0,0,0,0,0,0,0,0,0,0,0,0,0,0,0,0,0,0,0,0,0,0,0,0,0,0,0,0,0,0,0,0,0,0,0,2,212,0,4,86,2,0,34,0,0,0
VA,51061,15269,0,0,457,8875,0,0,0,2,0,0,424,0,0,533,0,997,68,0,22,0,0,0,0,0,0,418,39484,0,0,0,0,0,36,0,0,0,0,0,0,0,0,0,0,0,0,0,372,0,1152,0,0,27,15,20,0,0,0,0,0,0,0,1329,0,26655,4280,1138,217,115,186708,10230,757,3092,112045,1161,63,0,0,0,0,0,0,0,0,0,0,0,0,0,0,0,2,0,0,0,128,17,0,1,0,0,0,0,0,3,11,120,0,0,0,0,0,0,0,0,0,0,0,0,0,546,15534,0,471,10418,1093,0,1669,17,0,0
VA,51063,649,0,0,21,1,0,0,0,0,0,0,0,0,0,7,0,6,0,0,0,0,0,0,0,0,0,986,11227,0,0,0,0,0,17,0,0,0,0,0,0,0,0,0,0,0,0,0,0,0,55,0,4,0,0,144,0,0,0,0,0,0,0,47,0,12379,693,116,32,1,145898,9409,451,20,61818,6,0,0,0,0,0,0,0,0,0,0,0,0,0,0,0,0,0,0,0,0,0,0,0,1,0,0,0,0,0,0,2,0,0,0,0,0,0,0,0,0,0,0,0,0,0,0,649,0,23,7,0,0,15,0,0,0
VA,51065,2359,0,0,12,642,0,0,0,0,0,0,66,0,0,78,0,193,1,0,0,0,0,0,0,0,0,13,10074,0,0,0,0,0,112,0,0,0,0,0,0,0,0,0,0,0,0,0,0,0,285,0,0,0,3,0,0,0,0,0,0,0,0,2164,0,7199,787,106,19,65,108792,30554,1577,1172,19108,318,11,0,0,0,0,0,0,0,0,0,0,0,0,0,0,0,0,0,0,0,10,0,0,0,0,0,0,0,0,0,0,1,0,0,0,0,0,0,0,0,0,0,0,0,0,11,2370,0,12,846,78,0,281,0,0,0
VA,51067,10836,0,0,89,1267,0,0,29,0,0,0,134,0,0,1517,0,185,117,24,7,0,0,0,0,0,0,162,22174,0,0,0,0,0,6,0,0,0,0,0,0,0,0,0,0,0,0,0,0,0,582,0,1,20,0,4,0,0,0,0,0,0,0,12003,0,15110,3205,655,177,18,280930,19022,3877,127,82243,1,0,0,2,0,0,0,0,0,0,0,0,0,0,0,0,0,0,15,0,0,104,29,0,4,0,0,0,0,0,35,21,257,0,0,40,0,0,0,0,0,0,0,0,0,0,313,11226,0,145,1805,739,0,1827,93,0,0
VA,51069,3926,0,0,9,938,0,0,0,0,0,0,75,0,0,500,0,395,13,8,0,0,0,0,0,0,0,153,15808,0,0,0,0,0,8,0,0,0,0,0,0,0,0,0,0,0,0,3,1,0,99,0,6,3089,0,0,0,0,0,0,0,0,0,791,0,17849,8924,2520,760,170,143769,5997,1550,3,58537,1,2,0,0,0,0,0,0,0,0,0,0,0,0,0,0,0,0,0,0,0,3,0,0,0,0,0,0,0,0,2,43,50,0,0,0,0,0,0,0,0,0,0,0,0,0,79,3979,0,54,1412,206,0,941,8,0,0
VA,51071,112,0,0,3,0,0,0,0,0,0,0,0,0,0,2,0,4,6,13,0,0,0,0,0,0,0,446,3409,0,0,0,0,0,1,0,0,0,0,0,0,0,0,0,0,0,0,0,0,0,42,0,1,0,0,10,0,0,0,0,0,0,0,1733,0,6872,2719,741,158,81,184683,2695,356,37,26490,2,2,0,0,0,0,0,0,0,0,0,0,0,0,0,0,0,0,0,0,0,0,0,0,1,0,0,0,0,0,0,0,0,0,0,0,0,0,6,0,0,0,0,0,0,0,0,112,0,3,4,0,0,6,13,0,0
VA,51073,5073,45,0,1,5011,0,0,0,0,0,0,0,0,0,4,0,2575,0,0,2,0,0,0,0,0,0,0,2529,0,0,0,0,2,4,0,0,0,0,0,0,0,0,0,0,0,0,0,4,0,678,0,0,0,2,0,0,0,0,0,0,0,0,4069,0,10585,1636,464,128,93,27406,30752,5986,5085,2413,30600,6940,0,0,0,0,0,0,0,0,0,0,0,0,0,0,0,0,0,0,0,2,0,0,0,0,0,0,0,0,0,0,0,0,0,1,3,0,0,0,0,0,0,0,0,0,13,5078,45,1,7603,13,0,2581,1,0,0
VA,51075,3800,1,0,7,1102,0,8,0,0,0,0,71,0,0,197,0,2564,0,1,0,0,0,0,0,0,0,155,9910,0,0,0,0,0,23,0,0,0,0,0,0,0,0,0,0,0,0,0,2,0,1116,0,0,0,4,0,0,0,0,0,0,0,0,3887,0,11391,1553,404,97,418,102366,22569,649,3196,17804,1867,2,0,0,0,0,0,0,0,0,0,0,0,0,0,0,0,0,0,0,0,353,0,0,0,0,0,0,0,0,1,2,1,0,0,0,0,0,0,0,0,0,0,0,0,0,21,4154,1,10,3687,94,0,3116,1,0,0
VA,51077,1079,0,0,0,1,0,0,0,0,0,0,0,0,0,0,0,0,0,0,0,0,0,0,0,0,0,26,10968,0,0,0,0,0,0,0,0,0,0,0,0,0,0,0,0,0,0,0,0,0,1,0,0,0,0,466,0,0,0,0,0,0,0,1663,0,12955,874,239,26,36,174844,9315,579,1138,71155,2,0,0,0,0,0,0,0,0,0,0,0,0,0,0,0,0,0,0,0,0,0,0,0,6,0,0,0,0,0,0,0,0,0,0,0,0,0,0,0,0,0,0,0,0,0,0,1079,0,0,1,0,0,0,0,0,0
VA,51079,681,0,0,2,55,0,0,0,0,0,0,0,0,0,16,0,4,0,2,0,0,0,0,0,0,0,11,6051,0,0,0,0,0,0,0,0,0,0,0,0,0,0,0,0,0,0,0,0,0,64,0,0,6,0,0,0,0,0,0,0,0,0,233,0,6590,1586,208,114,13,60071,4288,2558,2,17767,1,0,0,0,0,0,0,0,0,0,0,0,0,0,0,0,0,0,0,0,0,1,0,0,1,0,0,0,0,0,14,0,112,0,0,0,0,0,0,0,0,0,0,0,0,0,0,794,0,16,59,126,0,21,2,0,0
VA,51081,1891,8266,0,172,8865,0,820,12,0,0,0,2,0,0,24,0,3776,28,0,0,0,0,0,0,0,0,2,1718,0,0,0,0,0,0,0,0,0,0,0,0,0,0,0,0,0,0,0,8,0,2356,0,0,0,0,0,0,0,0,0,0,0,0,783,0,10460,1120,352,132,134,40875,62802,943,10335,9216,24673,10,0,24,0,0,0,0,0,0,0,0,0,0,0,0,0,0,0,0,0,4,1,0,2,0,0,0,0,0,0,20,0,0,7,101,0,0,0,0,0,0,0,0,0,0,16,1896,8273,192,12765,18,0,3824,102,0,0
VA,51083,1014,0,0,24,3990,0,0,126,0,0,0,15,0,0,1063,0,1042,3,8,2,0,0,0,0,0,0,5,33658,0,0,0,0,0,0,0,0,0,0,0,0,0,0,0,0,0,0,0,27,0,700,0,0,0,4,0,0,0,0,0,0,0,0,6804,0,22861,3511,747,481,262,273185,68222,5183,6281,93593,7939,7,0,2,0,0,0,0,0,0,0,0,0,0,0,0,0,0,0,0,0,67,0,0,4,0,0,0,0,0,22,2,20,0,0,0,0,0,0,0,0,0,0,0,0,0,32,1101,0,48,5064,89,0,2174,8,0,0
VA,51085,11525,55,0,49,9378,1,4,0,0,0,0,24,0,0,29,0,8466,1,0,0,0,0,0,0,0,0,30,16256,0,0,0,0,0,3,0,0,0,0,0,0,0,0,0,0,0,0,0,6,0,1878,0,0,0,0,0,0,0,0,0,0,0,0,1454,0,22410,6508,2647,1045,470,130838,34152,2669,12737,20471,18086,83,0,0,0,0,0,0,0,0,0,0,0,0,0,0,0,0,1,0,0,497,0,0,2,0,0,0,0,0,0,2,2,0,0,2,0,0,0,0,0,0,0,0,0,0,1562,12024,55,51,19408,1588,0,8994,2,0,0
VA,51087,3581,234,0,7,2046,0,1,0,0,0,0,0,0,0,112,0,3066,2,0,0,0,0,0,0,0,0,0,3110,0,0,0,0,0,0,0,0,0,0,0,0,0,0,0,0,0,0,0,2,0,356,0,0,0,0,0,0,0,0,0,0,0,0,4496,0,32971,21957,8362,3184,302,36360,13117,987,4415,4399,12812,265,0,0,0,0,0,0,0,0,0,0,0,0,0,0,0,0,0,0,0,83,6,0,6,0,0,0,0,0,0,232,0,0,0,32,0,0,0,0,0,0,0,0,0,0,11,3670,234,239,5155,11,0,3493,38,0,0
VA,51089,193,0,0,2,44,0,0,0,0,0,0,9,0,0,78,0,24,4,1,0,0,0,0,0,0,0,37,5006,0,0,0,0,0,0,0,0,0,0,0,0,0,0,0,0,0,0,0,0,0,141,0,0,0,0,0,0,0,0,0,0,0,0,1459,0,14851,5532,1629,709,38,157530,22374,1303,549,34485,6,0,0,0,0,0,0,0,0,0,0,0,0,0,0,0,0,0,0,0,0,4,0,0,0,0,0,0,0,0,1,0,3,0,0,0,0,0,0,0,0,0,0,0,0,0,4,200,0,3,72,17,0,106,1,0,0
VA,51091,215,0,0,1,2,0,0,0,0,0,0,0,0,0,0,0,0,0,0,0,0,0,0,0,0,0,23,4176,0,0,0,0,0,0,0,0,1,0,0,0,0,0,0,0,0,0,0,0,0,14,0,1,1,0,0,0,0,0,0,0,0,0,42,0,9420,129,45,6,45,194094,16826,1762,5,39319,2,19,0,0,0,0,0,0,0,0,0,0,0,0,0,0,0,0,0,0,0,1,0,0,0,0,0,0,0,0,0,0,0,0,0,0,0,0,0,0,0,0,0,0,0,0,0,216,0,1,2,0,0,1,0,0,0
VA,51093,10273,11541,0,36,12182,0,1778,0,0,0,0,0,0,0,30,0,13582,34,1,276,0,0,0,0,0,0,0,6017,0,0,0,0,4,42,0,0,0,0,0,0,0,0,0,0,0,0,0,18,0,138,0,0,0,0,0,0,0,0,0,0,0,0,2080,0,12999,2102,774,290,97,26355,46838,4772,9941,5438,31692,5442,0,0,0,0,0,0,0,0,0,0,0,0,0,0,0,0,0,0,0,33,0,0,0,0,0,0,0,0,0,0,0,0,43,2,0,61,0,0,0,0,0,0,0,0,47,10306,11584,36,25856,47,0,13645,3,0,0
VA,51095,1618,50,0,1,680,0,1,0,0,0,0,0,0,0,3,0,1425,0,1,4,0,0,0,0,0,0,0,1420,0,0,0,0,12,3,0,0,0,0,0,0,0,0,0,0,0,0,0,2,0,137,0,0,0,177,0,0,0,0,0,0,0,0,5131,0,11474,4903,1511,532,129,25661,9659,4875,3224,1611,16135,5548,0,0,0,0,0,0,0,0,0,0,0,0,0,0,0,0,0,0,0,0,0,0,0,0,0,0,0,0,0,0,0,0,0,31,0,0,0,0,0,0,0,0,0,0,7,1618,50,1,2143,7,0,1428,32,0,0
VA,51097,14096,64,0,32,8522,0,1,0,0,0,0,0,0,0,2,0,7824,0,0,7,0,0,0,0,0,0,6,2433,0,0,0,0,1,4,0,0,0,0,0,0,0,0,0,0,0,0,0,14,0,774,0,0,0,0,0,0,0,0,0,0,0,0,2954,0,5906,556,121,16,62,56174,65786,6827,10869,2774,14779,3974,0,0,0,0,0,0,0,0,0,0,0,0,0,0,0,0,0,0,0,0,0,0,0,0,0,0,0,0,0,0,0,0,0,0,0,0,0,0,0,0,0,0,0,0,732,14096,64,32,17078,732,0,7826,0,0,0
VA,51099,3789,3,0,196,2456,0,0,0,0,0,0,0,0,0,143,0,2091,0,0,1,0,0,0,0,0,0,2,6922,0,0,0,0,0,39,0,0,0,0,0,0,0,0,0,0,0,0,0,4,0,600,0,0,0,0,0,0,0,0,0,0,0,0,4619,0,7466,1450,591,146,223,56638,6030,1629,4376,4534,12858,1404,0,0,0,0,0,0,0,0,0,0,0,0,0,0,0,0,0,0,0,0,0,0,0,0,0,0,0,0,0,0,1,0,0,0,0,0,0,0,0,0,0,0,0,0,280,3790,3,196,4827,281,0,2234,0,0,0
VA,51101,14114,18,0,45,5528,0,0,0,0,0,0,5,0,0,9,0,11584,1,0,4,0,0,0,0,0,0,8,2860,0,0,0,0,0,2,0,0,0,0,0,0,0,0,0,0,0,0,0,123,0,497,0,0,0,0,0,0,0,0,0,0,0,0,6540,0,6000,687,227,117,132,60081,31031,3510,8051,3309,22296,5470,0,0,0,0,0,0,0,0,0,0,0,0,0,0,0,0,8,0,0,9,0,0,0,0,0,0,0,0,0,0,0,0,0,0,0,0,0,0,0,0,0,0,0,0,358,14123,18,45,17470,363,0,11602,0,0,0
VA,51103,6525,15,0,30,3101,0,0,0,0,0,0,1,0,0,1,0,4065,0,1,1,0,0,0,0,0,0,0,1401,0,0,0,0,1,1,0,0,0,0,0,0,0,0,0,0,0,0,0,0,0,202,0,0,0,0,0,0,0,0,0,0,0,0,2406,0,5820,639,226,75,72,15128,20750,6710,2679,2116,12377,1816,0,0,0,0,0,0,0,0,0,0,0,0,0,0,0,0,0,0,0,1,0,0,0,0,0,0,0,0,0,0,0,0,0,0,0,0,0,0,0,0,0,0,0,0,596,6526,15,30,7762,597,0,4067,1,0,0
VA,51105,552,0,0,0,30,0,0,40,0,0,0,0,0,0,0,0,0,0,21,0,0,0,0,0,0,0,81,25654,0,0,0,0,0,0,0,0,0,0,0,0,0,0,0,0,0,0,0,0,0,1430,0,0,3,0,0,0,0,0,0,0,0,0,339,0,12947,4792,945,111,740,168143,1266,8814,30,53909,4,0,0,0,0,0,0,0,0,0,0,0,0,0,0,0,0,0,0,0,0,0,0,0,0,0,0,0,0,0,0,0,0,0,0,0,0,0,0,0,0,0,0,0,0,0,0,552,0,0,30,0,0,0,21,0,0
VA,51107,6963,0,0,15,4064,0,0,0,0,0,0,24,0,0,615,0,325,20,0,1,0,0,0,0,0,0,151,29373,0,0,0,0,0,38,0,0,0,0,0,0,0,0,0,0,0,0,0,1106,0,892,0,0,4,2,0,0,0,0,0,0,0,0,1472,0,32800,20601,10424,2613,274,109097,6330,427,837,102962,2024,28,0,0,0,0,0,0,0,0,0,0,0,0,0,0,0,0,0,0,0,4,1,0,1,0,0,0,0,0,1,2,4,0,0,1,0,0,0,0,0,0,0,0,0,0,9,6972,0,18,4399,38,0,946,2,0,0
VA,51109,2776,0,0,34,3013,0,1,0,1,0,0,73,0,0,347,0,2093,3,0,3,0,0,0,0,0,0,36,22911,0,0,0,0,0,2,0,0,0,0,0,0,0,0,0,0,0,0,0,16,0,611,0,0,0,1,0,0,0,0,0,0,0,0,8546,0,14462,1454,451,154,175,181763,42972,1352,12747,29076,1495,23,0,0,0,0,0,0,0,0,0,0,0,0,0,0,0,0,0,0,0,77,0,0,0,0,0,0,0,0,16,14,9,0,0,1,0,0,0,0,0,0,0,0,0,0,200,2862,0,64,5307,298,0,2531,1,0,0
VA,51111,659,8,0,53,3672,0,2,236,0,0,0,4,0,0,115,0,1684,12,1,1,0,0,0,0,0,0,5,14091,0,0,0,0,0,6,0,0,0,0,0,0,0,0,0,0,0,0,0,3,0,328,0,0,0,1,0,0,0,0,0,0,0,0,413,0,7307,963,132,67,288,145740,52350,4660,6459,36291,1078,13,0,0,0,0,0,0,0,0,0,0,0,0,0,0,0,0,0,0,0,2,0,0,2,0,0,0,0,0,14,5,11,0,0,5,0,0,0,0,0,0,0,0,0,0,34,672,8,72,5395,63,0,1806,6,0,0
VA,51113,7381,0,0,17,4842,0,0,0,0,0,0,75,0,0,97,0,511,1,1,0,0,0,0,0,0,0,46,15728,0,0,0,0,0,0,0,0,0,0,0,0,0,0,0,0,0,0,0,4,0,231,0,0,48,1,1,0,0,0,0,0,0,0,289,0,9305,1252,165,46,16,117913,5030,2860,102,39527,45,2,0,0,0,0,0,0,0,0,0,0,0,0,0,0,0,0,0,0,0,4,0,0,0,0,0,0,0,0,0,2,20,0,0,0,0,0,0,0,0,0,0,0,0,0,411,7405,0,19,5764,506,0,614,1,0,0
VA,51115,1310,6,0,1,1590,0,0,0,0,0,0,0,0,0,0,0,332,0,0,4,0,0,0,0,0,0,0,828,0,0,0,0,2,9,0,0,0,0,0,0,0,0,0,0,0,0,0,1,0,103,0,0,0,0,0,0,0,0,0,0,0,0,2776,0,3392,407,100,18,261,1484,12418,560,2434,1323,22480,4767,0,0,0,0,0,0,0,0,0,0,0,0,0,0,0,0,0,0,0,4,0,0,0,0,0,0,0,0,0,0,0,0,0,0,0,0,0,0,0,0,0,0,0,0,3,1314,6,1,1925,3,0,336,0,0,0
VA,51117,1134,10,0,291,11580,0,2,293,0,0,0,7,0,0,443,0,3284,7,17,0,0,0,0,0,0,0,9,18734,0,0,0,0,0,12,0,0,0,0,0,0,0,0,0,0,0,0,0,162,0,344,0,0,0,2,0,0,0,0,0,0,0,0,33774,0,15252,3290,716,365,198,181455,71795,9494,5855,74248,1590,10,0,0,0,0,0,0,0,0,0,0,0,0,0,0,0,0,0,0,0,7,0,0,1,0,0,0,0,0,6,162,58,0,0,115,0,0,0,0,0,0,0,0,0,0,32,1199,10,459,15011,103,0,3896,132,0,0
VA,51119,7741,34,0,1,2454,0,1,0,0,0,0,0,0,0,1,0,4034,0,0,3,0,0,0,0,0,0,0,2689,0,0,0,0,2,7,0,0,0,0,0,0,0,0,0,0,0,0,0,2,0,313,0,0,0,0,0,0,0,0,0,0,0,0,2506,0,4298,824,220,51,96,17678,17788,5822,3444,2184,11671,1605,0,0,0,0,0,0,0,0,0,0,0,0,0,0,0,0,0,0,0,0,3,0,0,0,0,0,0,0,0,0,0,0,0,2,0,0,0,0,0,0,0,0,0,0,250,7744,34,1,6740,250,0,4035,5,0,0
VA,51121,1825,0,0,19,3,0,0,0,0,0,0,0,0,0,234,0,13,0,0,0,0,0,0,0,0,0,1276,11152,0,0,0,0,0,0,0,0,0,0,0,0,0,0,0,0,0,0,0,0,0,324,0,0,0,0,5,0,0,0,0,0,0,0,752,0,14757,12777,4290,1098,33,155289,4304,194,2,40824,0,0,0,0,0,0,0,0,0,0,0,0,0,0,0,0,0,0,0,0,0,0,0,0,31,0,0,0,0,0,0,26,0,0,0,0,0,0,0,0,0,0,0,0,0,0,0,1825,0,45,16,0,0,273,0,0,0
VA,51125,642,0,0,2,677,0,0,0,0,0,0,0,0,0,16,0,13,0,0,32,0,0,0,0,0,0,7,10837,0,0,0,0,0,0,0,0,0,0,0,0,0,0,0,0,0,0,0,4,0,487,0,1,192,0,0,0,0,0,0,0,0,0,1358,0,15633,2730,274,36,17,216428,21825,3929,649,27678,23,0,0,0,0,0,0,0,0,0,0,0,0,0,0,0,0,0,0,0,0,0,0,0,137,0,0,0,0,0,0,0,3,0,0,0,0,0,0,0,0,0,0,0,0,0,1,645,0,2,691,4,0,29,0,0,0
VA,51127,4459,36,0,3,2072,0,4,0,0,0,0,0,0,0,1,0,3764,0,0,5,0,0,0,0,0,0,0,2091,0,0,0,0,0,5,0,0,0,0,0,0,0,0,0,0,0,0,0,43,0,289,0,0,0,0,0,0,0,0,0,0,0,0,6311,0,8516,1303,237,54,52,46163,25907,5309,6491,1554,20572,5302,0,0,0,0,0,0,0,0,0,0,0,0,0,0,0,0,1,0,0,1,0,0,0,0,0,0,0,0,0,0,0,0,0,13,0,0,0,0,0,0,0,0,0,0,50,4460,36,3,5899,50,0,3766,13,0,0
VA,51131,8696,1114,0,7,8496,0,2,0,2,0,0,24,0,0,64,0,16122,0,0,0,0,0,0,0,0,0,6,44,0,0,0,77,1177,60,0,0,0,0,0,2,0,0,0,0,0,0,0,0,0,9841,0,0,0,0,0,0,0,0,0,0,0,0,1929,0,5104,1555,512,135,389,1794,5390,1297,1617,3345,22283,11070,0,0,0,0,0,0,0,0,0,0,0,0,0,0,0,0,0,0,0,107,0,0,0,0,0,0,0,0,0,0,0,0,0,0,0,0,0,0,0,0,0,0,0,0,2590,8803,1114,7,27208,2614,0,16293,0,0,0
VA,51133,13040,41,0,2,4325,44,1,0,0,0,0,5,0,0,4,0,12200,0,0,1,0,0,0,0,0,0,0,1947,0,0,0,1,9,1,0,0,0,0,0,0,0,0,0,0,0,0,0,1,0,179,0,0,0,0,0,0,0,0,0,0,0,0,12476,0,6010,696,220,66,147,19500,22893,9519,3341,3140,20714,3228,0,0,0,0,0,0,0,0,0,0,0,0,0,0,0,0,0,0,0,2,0,0,0,0,0,0,0,0,0,0,32,0,0,10,0,0,0,0,0,0,0,0,0,0,1169,13074,41,2,17704,1206,0,12206,10,0,0
VA,51135,1420,0,0,22,1985,0,1,18,0,0,0,4,0,0,185,0,946,6,0,0,0,0,0,0,0,0,19,15271,0,0,0,0,0,4,0,0,0,0,0,0,0,0,0,0,0,0,0,7,0,136,0,0,0,0,0,0,0,0,0,0,0,0,849,0,8574,2520,641,273,53,102732,35952,2490,2482,23649,1916,22,0,0,0,0,0,0,0,0,0,0,0,0,0,0,0,0,0,0,0,6,0,0,1,0,0,0,0,0,1,8,57,0,0,1,0,0,0,0,0,0,0,0,0,0,56,1483,0,31,2988,118,0,1145,1,0,0
VA,51137,7668,1,0,26,4490,0,0,0,1,0,0,494,0,0,245,0,1021,1,0,0,0,0,0,0,0,0,16,21904,0,0,0,0,0,0,0,0,0,0,0,0,0,0,0,0,0,0,0,7,0,584,0,0,0,134,1,0,0,0,0,0,0,0,1389,0,12815,1869,450,94,69,104518,14023,1375,4389,40774,386,12,0,0,0,0,0,0,0,0,0,0,0,0,0,0,0,0,0,0,0,183,0,0,1,0,0,0,0,0,1,29,144,0,0,0,0,0,0,0,0,0,0,0,0,0,736,7995,1,56,6247,1375,0,1478,0,0,0
VA,51139,4109,0,0,8,557,1,0,0,0,0,0,134,0,0,41,0,134,2,0,0,0,0,0,0,0,0,211,14361,0,0,0,0,0,0,0,0,0,0,0,0,0,0,0,0,0,0,0,0,0,75,0,0,9,0,8,0,0,0,0,0,0,0,1632,0,11202,3935,553,129,17,126157,8380,886,0,28081,0,0,0,0,0,0,0,0,0,0,0,0,0,0,0,0,0,0,0,0,0,0,0,0,0,0,0,0,0,0,3,0,180,0,0,0,0,0,0,0,0,0,0,0,0,0,203,4289,0,11,894,520,0,175,0,0,0
VA,51141,1304,0,0,6,37,0,0,34,1,0,0,5,0,0,83,0,240,2,3,1,0,0,0,0,0,0,62,8850,0,0,0,0,0,45,0,0,0,0,0,0,0,0,0,0,0,0,0,0,0,167,0,23,14,0,35,0,0,0,0,0,0,0,1865,0,13962,745,174,20,6,231336,9585,2114,369,39673,2,0,0,0,0,0,0,0,0,0,0,0,0,0,0,0,0,0,0,0,0,168,0,0,23,0,0,0,0,0,1,0,3,0,0,0,0,0,0,0,0,0,0,0,0,0,0,1475,0,7,277,9,0,491,3,0,0
VA,51143,2989,0,0,53,1978,0,0,120,0,0,0,230,0,0,3488,0,712,19,106,3,0,0,0,0,0,0,48,42637,0,0,0,0,0,0,0,0,5,0,0,0,0,0,0,0,0,0,0,0,0,8367,0,0,6,1,1,0,0,0,0,0,0,0,5407,0,29716,6646,951,298,153,316030,61281,3502,5370,131672,62,6,0,50,0,0,0,0,0,0,0,0,0,0,0,0,0,0,3,0,0,1615,5,0,3,0,0,0,0,0,53,22,1967,0,0,0,0,0,0,0,0,0,0,0,0,0,506,6576,0,128,3196,2756,0,5837,111,0,0
VA,51145,1724,0,0,8,1934,0,2,3,0,0,0,12,0,0,332,0,964,3,7,0,0,0,0,0,0,0,19,8185,0,0,0,0,0,10,0,0,0,0,0,0,0,0,0,0,0,0,0,2,0,486,0,0,0,0,0,0,0,0,0,0,0,0,1370,0,4964,616,151,21,211,98833,24206,720,1941,17936,3211,9,0,0,0,0,0,0,0,0,0,0,0,0,0,0,0,0,0,0,0,6,0,0,0,0,0,0,0,0,4,10,1,0,0,0,0,0,0,0,0,0,0,0,0,0,86,1731,0,22,2984,103,0,1312,7,0,0
VA,51147,961,0,0,11,449,0,0,0,0,0,0,3,0,0,63,0,209,2,8,0,0,0,0,0,0,0,10,21904,0,0,0,0,0,0,0,0,0,0,0,0,0,0,0,0,0,0,0,0,0,180,0,0,0,2,0,0,0,0,0,0,0,0,2407,0,6959,1716,425,185,147,129136,27337,1950,4177,25371,2293,8,0,0,0,0,0,0,0,0,0,0,0,0,0,0,0,0,0,0,0,1,0,0,0,0,0,0,0,0,36,3,400,0,0,0,0,0,0,0,0,0,0,0,0,0,104,1362,0,50,762,543,0,276,8,0,0
VA,51149,5091,240,0,210,7131,0,54,0,0,0,0,0,0,0,143,0,4363,0,0,0,0,0,0,0,0,0,0,6241,0,0,0,0,0,0,0,0,0,0,0,0,0,0,0,0,0,0,0,4,0,797,0,0,0,0,0,0,0,0,0,0,0,0,3264,0,10716,2950,1090,243,271,39459,54394,1507,12825,3633,17324,631,0,0,0,0,0,0,0,0,0,0,0,0,0,0,0,0,0,0,0,2,0,0,1,0,0,0,0,0,0,2,0,0,0,5,0,0,0,0,0,0,0,0,0,0,42,5093,240,212,11541,42,0,4510,5,0,0
VA,51153,1912,0,0,361,1495,0,0,0,1,0,0,45,0,0,681,0,127,4,0,2,0,0,0,0,0,0,146,10403,0,0,0,0,0,9,0,0,0,0,0,0,0,0,0,0,0,0,0,646,0,892,0,0,0,6,0,0,0,0,0,0,0,0,6505,0,34990,21281,10022,2214,287,97283,6479,1441,1902,18546,4261,1030,0,0,0,0,0,0,0,0,0,0,0,0,0,0,0,0,0,0,0,13,0,0,2,0,0,0,0,0,37,0,7,0,0,0,0,0,0,0,0,0,0,0,0,0,55,1932,0,398,1677,144,0,821,0,0,0
VA,51155,1501,0,0,3,117,0,0,0,0,0,0,0,0,0,86,0,1,0,176,0,0,0,0,0,0,0,3176,7952,0,0,0,0,0,2,0,0,0,0,0,0,0,0,0,0,0,0,0,0,0,384,0,1,1,0,8,0,0,0,0,0,0,0,5253,0,10807,5069,1656,672,8,113844,3865,818,3,55500,6,0,0,1,0,0,0,0,0,0,0,0,0,0,0,0,0,0,0,0,0,8,0,0,7,0,0,0,0,0,0,0,0,0,0,0,0,0,2,0,0,0,0,0,0,0,0,1509,0,3,118,0,0,95,176,0,0
VA,51157,969,0,0,2,344,0,0,0,0,0,0,5,0,0,13,0,17,0,0,0,0,0,0,0,0,0,15,8923,0,0,0,0,0,0,0,0,0,0,0,0,0,0,0,0,0,0,0,0,0,59,0,4,47,0,14,0,0,0,0,0,0,0,276,0,7320,621,65,4,2,112045,2576,1818,22,35603,35,1,0,0,0,0,0,0,0,0,0,0,0,0,0,0,0,0,0,0,0,0,0,0,0,0,0,0,0,0,0,0,2,0,0,0,0,0,0,0,0,0,0,0,0,0,28,971,0,2,389,35,0,30,0,0,0
VA,51159,12406,37,0,5,3885,0,0,0,0,0,0,1,0,0,21,0,8939,0,0,9,0,0,0,0,0,0,10,2352,0,0,0,1,3,4,0,0,0,0,0,0,0,0,0,0,0,0,0,8,0,155,0,0,0,0,0,0,0,0,0,0,0,0,5978,0,3640,549,199,42,43,32128,28594,7203,4038,2244,10643,3734,0,0,0,0,0,0,0,0,0,0,0,0,0,0,0,0,0,0,0,0,0,0,0,0,0,0,0,0,0,1,0,0,0,0,0,0,0,0,0,0,0,0,0,0,1550,12406,37,6,14374,1551,0,8961,0,0,0
VA,51161,110,0,0,0,1,0,0,0,0,0,0,4,0,0,11,0,5,2,0,0,0,0,0,0,0,0,95,3744,0,0,0,0,0,0,0,0,0,0,0,0,0,0,0,0,0,0,0,0,0,81,0,0,0,0,3,0,0,0,0,0,0,0,193,0,16128,13282,2729,618,4,107759,4703,286,13,10855,2,0,0,0,0,0,0,0,0,0,0,0,0,0,0,0,0,0,0,0,0,5,0,0,0,0,0,0,0,0,1,0,2,0,0,0,0,0,0,0,0,0,0,0,0,0,1,117,0,1,7,8,0,21,0,0,0
VA,51163,3255,0,0,153,303,0,0,0,0,0,0,8,0,0,6,0,2,14,22,0,0,0,0,0,0,0,238,18381,0,0,0,0,0,0,0,0,54,0,0,0,0,0,0,0,0,0,0,0,0,277,0,1,4,0,0,0,0,0,0,0,0,0,1127,0,20841,5863,582,184,21,242657,20757,2966,2,66838,0,0,0,0,0,0,0,0,0,0,0,0,0,0,0,0,0,0,0,0,0,14,0,0,0,0,0,0,0,0,0,0,10,0,0,0,0,0,0,0,0,0,0,0,0,0,51,3279,0,153,356,69,0,22,22,0,0
VA,51165,29027,0,0,408,6423,4,0,1,0,0,0,592,0,0,1178,0,1061,54,15,1,0,0,0,0,0,0,1164,33492,0,0,0,0,0,4,0,0,0,0,0,0,0,0,0,0,0,0,0,0,0,468,0,0,34,0,38,0,0,0,0,0,0,0,1072,0,19179,12466,2205,611,119,291507,22553,8118,2,108603,3,0,0,3,0,0,0,0,0,0,0,0,0,0,0,0,0,2,0,0,0,112,0,0,8,0,0,0,0,0,120,13,4441,0,0,0,0,0,0,0,0,0,0,0,0,0,928,33580,0,541,8412,6081,0,2364,15,0,0
VA,51167,305,0,0,0,6,0,0,4,0,0,0,0,0,0,0,0,5,2,0,0,0,0,0,0,0,0,33,13843,0,0,0,0,0,0,0,0,0,0,0,0,0,0,0,0,0,0,0,0,0,24,0,0,0,0,0,0,0,0,0,0,0,0,770,0,15371,5131,1315,138,644,174595,1993,891,1226,88832,0,0,0,0,0,0,0,0,0,0,0,0,0,0,0,0,0,0,0,0,0,0,0,0,0,0,0,0,0,0,0,0,0,0,0,0,0,0,0,0,0,0,0,0,0,0,0,305,0,0,11,0,0,5,0,0,0
VA,51169,260,0,0,0,8,0,0,1,0,0,0,0,0,0,0,0,0,0,0,0,0,0,0,0,0,0,10,16646,0,0,0,0,0,0,0,0,0,0,0,0,0,0,0,0,0,0,0,0,0,104,0,0,3,0,0,0,0,0,0,0,0,0,553,0,16056,2438,322,63,76,243061,2502,1181,229,61261,7,0,0,0,0,0,0,0,0,0,0,0,0,0,0,0,0,0,0,0,0,0,0,0,0,0,0,0,0,0,0,0,0,0,0,0,0,0,0,0,0,0,0,0,0,0,0,260,0,0,8,0,0,0,0,0,0
VA,51171,13131,0,0,14,3760,0,0,0,0,0,0,158,0,0,189,0,383,40,20,0,0,0,0,0,0,0,428,16531,0,0,0,0,0,3,0,0,0,0,0,0,0,0,0,0,0,0,0,1,0,112,0,0,44,0,0,0,0,0,0,0,0,0,935,0,15335,5811,1062,312,131,187080,11814,3625,0,66754,0,0,0,0,0,0,0,0,0,0,0,0,0,0,0,0,0,0,0,0,0,1,2,0,0,0,0,0,0,0,15,1,103,0,0,0,0,0,0,0,0,0,0,0,0,0,216,13237,0,30,4359,492,0,574,22,0,0
VA,51173,1973,0,0,1,12,0,0,0,0,0,0,0,0,0,0,0,1,0,0,0,0,0,0,0,0,0,50,13710,0,0,0,0,0,0,0,0,0,0,0,0,0,0,0,0,0,0,0,0,0,11,0,0,0,0,1,0,0,0,0,0,0,0,121,0,11109,2769,798,283,18,191522,994,352,1863,63869,1,1,0,0,0,0,0,0,0,0,0,0,0,0,0,0,0,0,0,0,0,0,0,0,11,0,0,0,0,0,0,0,0,0,0,0,0,0,0,0,0,0,0,0,0,0,0,1973,0,1,13,0,0,1,0,0,0
VA,51175,12966,30656,0,343,26359,0,4328,0,0,0,0,0,0,0,14,0,18340,2,0,29,0,0,0,0,0,0,2,3295,0,0,0,10,2,33,0,0,0,0,0,0,0,0,0,0,0,0,0,361,0,769,0,0,0,0,0,0,0,0,0,0,0,0,1879,0,17516,1369,345,56,50,39825,104784,5044,28404,9543,78723,357,0,0,0,0,0,0,0,0,0,0,0,0,0,0,0,0,2,0,0,4,0,0,1,0,0,0,0,0,0,98,1,0,5,0,4,19,0,0,0,0,0,0,0,0,22,12975,30661,441,44730,23,0,18456,0,0,0
VA,51177,4049,0,0,15,2877,0,0,0,2,0,0,159,0,0,106,0,1723,6,0,0,0,0,0,0,0,0,18,14020,0,0,0,0,0,4,0,0,0,0,0,0,0,0,0,0,0,0,0,6,0,686,0,0,0,2,0,0,0,0,0,0,0,0,7346,0,20161,7279,2304,739,345,129920,33978,692,17857,15081,3897,103,0,1,0,0,0,0,0,0,0,0,0,0,0,0,0,0,0,0,0,3,0,0,0,0,0,0,0,0,16,4,9,0,0,0,0,0,0,0,0,0,0,0,0,0,306,4061,0,35,4906,490,0,1836,0,0,0
VA,51179,1869,1,0,15,1434,0,0,1,0,0,0,18,0,0,40,0,352,1,0,3,0,0,0,0,0,0,58,6854,0,0,0,0,0,2,0,0,0,0,0,0,0,0,0,0,0,0,0,9,0,843,0,0,0,0,0,0,0,0,0,0,0,0,6011,0,19149,7804,2332,659,277,100114,8285,938,5027,7701,7571,1283,0,0,0,0,0,0,0,0,0,0,0,0,0,0,0,0,0,0,0,0,0,0,0,0,0,0,0,0,0,1,2,0,0,0,0,0,0,0,0,0,0,0,0,0,90,1871,1,16,1876,110,0,393,0,0,0
VA,51181,7933,4066,0,14,8659,0,1076,0,0,0,0,0,0,0,103,0,9534,12,19,62,0,0,0,0,0,0,0,2817,0,0,0,3,4,6,0,0,0,0,0,0,0,0,0,0,0,0,0,22,0,257,0,0,0,155,0,0,0,0,0,0,0,0,1591,0,8049,350,109,75,75,39905,52827,4873,12251,3009,20216,1933,0,0,0,0,0,0,0,0,0,0,0,0,0,0,0,0,0,0,0,1,0,0,0,0,0,0,0,0,0,0,1,0,0,6,0,65,0,0,0,0,0,0,0,0,20,7935,4066,14,18219,21,0,9638,25,0,0
VA,51183,7768,4956,0,421,19224,6,971,43,0,0,0,0,0,0,74,0,8046,2,11,0,0,0,0,0,0,0,0,3966,0,0,0,0,0,2,0,0,0,0,0,0,0,0,0,0,0,0,0,16,0,1420,0,0,0,27,0,0,0,0,0,0,0,0,1285,0,13691,1695,362,57,632,46087,132175,2391,27984,4431,37468,42,0,0,0,0,0,0,0,0,0,0,0,0,0,0,0,0,9,0,0,2,0,0,1,0,0,0,0,0,0,5,3,0,0,3,0,0,0,0,0,0,0,0,0,0,130,7773,4956,426,27403,133,0,8127,14,0,0
VA,51185,623,0,0,6,31,0,0,0,0,0,0,0,0,0,1,0,7,0,0,0,0,0,0,0,0,0,64,10358,0,0,0,0,0,0,0,0,0,0,0,0,0,0,0,0,0,0,0,0,0,1,0,0,0,0,3,0,0,0,0,0,0,0,214,0,14136,7866,4208,645,569,217914,3079,361,1796,70844,0,0,0,0,0,0,0,0,0,0,0,0,0,0,0,0,0,0,0,0,0,0,0,0,0,0,0,0,0,0,0,0,0,0,0,0,0,0,0,0,0,0,0,0,0,0,0,623,0,6,38,0,0,8,0,0,0
VA,51187,496,0,0,0,85,0,0,0,0,0,0,0,0,0,24,0,15,0,2,0,0,0,0,0,0,0,105,5723,0,0,0,0,0,0,0,0,0,0,0,0,0,0,0,0,0,0,0,0,0,9,0,0,28,0,0,0,0,0,0,0,0,0,1639,0,11338,3872,880,323,24,85434,3020,469,0,24968,2,0,0,0,0,0,0,0,0,0,0,0,0,0,0,0,0,0,0,0,0,0,0,0,0,0,0,0,0,0,0,0,0,0,0,0,0,0,0,0,0,0,0,0,0,0,0,496,0,0,100,0,0,39,2,0,0
VA,51191,2248,0,0,1,231,0,0,6,0,0,0,0,0,0,2,0,3,25,0,0,0,0,0,0,0,0,202,23357,0,0,0,0,0,0,0,0,0,0,0,0,0,0,0,0,0,0,0,0,0,114,0,0,0,0,0,0,0,0,0,0,0,0,1657,0,17779,3213,1126,253,45,209468,746,330,2038,99369,3,0,0,0,0,0,0,0,0,0,0,0,0,0,0,0,0,0,0,0,0,0,0,0,0,0,0,0,0,0,0,0,0,0,0,0,0,0,0,0,0,0,0,0,0,0,0,2248,0,1,234,0,0,5,0,0,0
VA,51193,15465,46,0,49,5106,1,1,0,0,0,0,0,0,0,10,0,10519,0,0,17,0,0,0,0,0,0,44,3738,0,0,0,0,6,163,0,0,1,0,0,0,0,0,0,0,0,0,0,11,0,316,0,0,0,0,0,0,0,0,0,0,0,0,5835,0,6935,1234,318,66,99,44043,15044,7238,4251,3971,21240,2427,0,0,0,0,0,0,0,0,0,0,0,0,0,0,0,0,11,0,0,0,0,0,0,0,0,0,0,0,0,0,0,0,0,0,0,0,0,0,0,0,0,0,0,0,3491,15465,46,49,19116,3491,0,10529,0,0,0
VA,51195,24,0,0,0,0,0,0,1,0,0,0,0,0,0,0,0,0,0,10,0,0,0,0,0,0,0,0,1554,0,0,0,0,0,0,0,0,0,0,0,0,0,0,0,0,0,0,0,0,0,113,0,0,0,0,0,0,0,0,0,0,0,0,501,0,9917,7042,2677,462,8833,190105,520,2061,77,35398,0,0,0,0,0,0,0,0,0,0,0,0,0,0,0,0,0,0,0,0,0,0,0,0,0,0,0,0,0,0,0,0,0,0,0,0,0,0,0,0,0,0,0,0,0,0,0,24,0,0,0,0,0,0,10,0,0
VA,51197,4088,0,0,69,0,0,0,0,0,0,0,0,0,0,18,0,5,0,7,0,0,0,0,0,0,0,741,25893,0,0,0,0,0,0,0,0,0,0,0,0,0,0,0,0,0,0,0,0,0,20,0,0,0,0,25,0,0,0,0,0,0,0,734,0,12179,3977,1400,448,52,150973,4372,1338,69,90747,4,2,0,176,0,0,0,0,0,0,0,0,0,0,0,0,0,0,0,0,0,0,0,0,15,0,0,0,0,0,0,0,0,0,0,0,0,0,0,0,0,0,0,0,0,0,0,4088,0,69,5,0,0,23,7,0,0
VA,51199,298,9,0,1,103,0,0,0,0,0,0,0,0,0,5,0,73,0,0,2,0,0,0,0,0,0,0,920,0,0,0,0,4,0,0,0,0,0,0,0,0,0,0,0,0,0,0,1,0,53,0,0,0,19,0,0,0,0,0,0,0,0,2032,0,12770,4993,2000,578,56,14253,9525,2308,1661,744,13958,2655,0,0,0,0,0,0,0,0,0,0,0,0,0,0,0,0,0,0,0,0,0,0,0,0,0,0,0,0,0,0,0,0,0,0,0,0,0,0,0,0,0,0,0,0,1,298,9,1,177,1,0,78,0,0,0
VA,51510,0,0,0,0,0,0,0,0,0,0,0,0,0,0,0,0,0,0,0,0,0,0,0,0,0,0,0,6,0,0,0,0,0,0,0,0,0,0,0,0,0,0,0,0,0,0,0,0,0,0,0,0,0,0,0,0,0,0,0,0,0,0,164,0,1643,3044,3118,1146,3,604,3,3,6,2,73,34,0,0,0,0,0,0,0,0,0,0,0,0,0,0,0,0,0,0,0,0,0,0,0,0,0,0,0,0,0,0,0,0,0,0,0,0,0,0,0,0,0,0,0,0,0,0,0,0,0,0,0,0,0,0,0
VA,51515,0,0,0,0,1,0,0,0,0,0,0,0,0,0,0,0,0,0,0,0,0,0,0,0,0,0,0,192,0,0,0,0,0,0,0,0,0,0,0,0,0,0,0,0,0,0,0,0,0,1,0,0,0,0,0,0,0,0,0,0,0,0,0,0,997,1232,344,121,0,856,110,45,2,509,0,0,0,0,0,0,0,0,0,0,0,0,0,0,0,0,0,0,0,0,0,0,0,0,0,0,0,0,0,0,0,0,0,0,0,0,0,0,0,0,0,0,0,0,0,0,0,0,0,0,1,0,0,0,0,0,0
VA,51520,3,0,0,0,1,0,0,1,0,0,0,0,0,0,0,0,0,0,0,0,0,0,0,0,0,0,2,46,0,0,0,0,0,0,0,0,0,0,0,0,0,0,0,0,0,0,0,0,0,0,0,0,0,0,0,0,0,0,0,0,0,0,28,0,2636,2141,849,315,0,1552,6,5,2,846,0,0,0,0,0,0,0,0,0,0,0,0,0,0,0,0,0,0,0,0,0,0,0,0,0,0,0,0,0,0,0,0,0,0,0,0,0,0,0,0,0,0,0,0,0,0,0,3,0,0,1,0,0,0,0,0,0
VA,51530,2,0,0,2,0,0,0,0,0,0,0,0,0,0,0,0,0,0,0,0,0,0,0,0,0,0,2,63,0,0,0,0,0,0,0,0,5,0,0,0,0,0,0,0,0,0,0,0,0,5,0,0,1,0,0,0,0,0,0,0,0,0,27,0,531,1007,262,73,9,1768,148,22,1,443,0,0,0,0,0,0,0,0,0,0,0,0,0,0,0,0,0,0,0,0,0,0,0,0,0,0,0,0,0,0,0,0,0,0,0,0,0,0,0,0,0,0,0,0,0,0,0,2,0,2,0,0,0,0,0,0,0
VA,51540,0,0,0,0,1,0,0,0,0,0,0,0,0,0,0,0,0,0,0,0,0,0,0,0,0,0,0,26,0,0,0,0,0,0,0,0,0,0,0,0,0,0,0,0,0,0,0,0,0,2,0,0,0,0,0,0,0,0,0,0,0,0,11,0,1895,2247,1030,448,2,545,156,80,0,146,2,0,0,0,0,0,0,0,0,0,0,0,0,0,0,0,0,0,0,0,0,0,0,0,0,0,0,0,0,0,0,0,0,0,0,0,0,0,0,0,0,0,0,0,0,0,1,0,0,0,2,1,0,0,0,0,0
VA,51550,13288,97,0,2,18244,1,12,0,1,0,0,0,0,0,2,0,9586,0,0,1,0,0,0,0,0,0,0,554,0,0,0,1,26,4,0,0,0,0,0,1,0,0,0,0,0,0,0,0,0,234,0,0,0,0,0,0,0,0,0,0,0,0,5959,0,23176,18082,6480,1973,351,1446,1537,243,3196,4121,112715,2591,0,0,0,0,0,0,0,0,0,0,0,0,0,0,0,0,0,0,0,6,0,0,0,0,0,0,0,0,0,0,0,0,0,9,0,0,0,0,0,0,0,0,0,0,21,13294,97,2,27860,21,0,9594,9,0,0
VA,51570,1,0,0,0,2,0,0,0,0,0,0,0,0,0,0,0,2,0,0,0,0,0,0,0,0,0,0,50,0,0,0,0,0,0,0,0,0,0,0,0,0,0,0,0,0,0,0,0,0,9,0,0,0,0,0,0,0,0,0,0,0,0,150,0,1146,1511,518,271,10,255,69,24,64,49,879,65,0,0,0,0,0,0,0,0,0,0,0,0,0,0,0,0,0,0,0,0,0,0,0,0,0,0,0,0,0,0,0,0,0,0,0,0,0,0,0,0,0,0,0,0,0,1,0,0,4,0,0,2,0,0,0
VA,51580,34,0,0,0,0,0,0,0,0,0,0,0,0,0,0,0,0,0,0,0,0,0,0,0,0,0,0,56,0,0,0,0,0,0,0,0,0,0,0,0,0,0,0,0,0,0,0,0,0,1,0,0,0,0,0,0,0,0,0,0,0,0,19,0,495,685,602,243,1,1372,13,6,0,102,0,0,0,0,0,0,0,0,0,0,0,0,0,0,0,0,0,0,0,0,0,0,0,0,0,0,0,0,0,0,0,0,0,0,0,0,0,0,0,0,0,0,0,0,0,0,0,34,0,0,0,0,0,0,0,0,0
VA,51590,12,0,0,1,3,0,0,0,0,0,0,0,0,0,16,0,2,0,0,0,0,0,0,0,0,0,0,389,0,0,0,0,0,0,0,0,0,0,0,0,0,0,0,0,0,0,0,0,0,57,0,0,0,0,0,0,0,0,0,0,0,0,400,0,6563,5074,2016,1103,0,8849,884,51,74,2605,3,0,0,0,0,0,0,0,0,0,0,0,0,0,0,0,0,0,0,0,0,4,0,0,0,0,0,0,0,0,1,0,0,0,0,0,0,0,0,0,0,0,0,0,0,0,4,16,0,2,9,5,0,22,0,0,0
VA,51595,14,61,0,0,123,0,2,0,0,0,0,0,0,0,0,0,95,0,0,0,0,0,0,0,0,0,0,32,0,0,0,0,0,0,0,0,0,0,0,0,0,0,0,0,0,0,0,0,0,88,0,0,0,0,0,0,0,0,0,0,0,0,22,0,1249,657,303,128,16,769,361,28,131,101,285,0,0,0,0,0,0,0,0,0,0,0,0,0,0,0,0,0,0,0,0,0,0,0,0,0,0,0,0,0,0,0,0,0,0,0,0,0,0,0,0,0,0,0,0,0,2,14,61,0,220,2,0,95,0,0,0
VA,51600,0,0,0,0,0,0,0,0,0,0,0,0,0,0,0,0,0,0,0,0,0,0,0,0,0,0,0,2,0,0,0,0,0,0,0,0,0,0,0,0,0,0,0,0,0,0,0,0,0,0,0,0,0,0,0,0,0,0,0,0,0,0,4,0,1267,1124,723,262,0,660,2,1,2,6,4,0,0,0,0,0,0,0,0,0,0,0,0,0,0,0,0,0,0,0,0,0,0,0,0,0,0,0,0,0,0,0,0,0,0,0,0,0,0,0,0,0,0,0,0,0,0,0,0,0,0,0,0,0,0,0,0
VA,51610,0,0,0,0,0,0,0,0,0,0,0,0,0,0,0,0,0,0,0,0,0,0,0,0,0,0,0,0,0,0,0,0,0,0,0,0,0,0,0,0,0,0,0,0,0,0,0,0,0,0,0,0,0,0,0,0,0,0,0,0,0,0,0,0,434,315,196,83,0,240,4,1,0,0,2,0,0,0,0,0,0,0,0,0,0,0,0,0,0,0,0,0,0,0,0,0,0,0,0,0,0,0,0,0,0,0,0,0,0,0,0,0,0,0,0,0,0,0,0,0,0,0,0,0,0,0,0,0,0,0,0
VA,51620,171,313,0,1,141,0,79,0,0,0,0,0,0,0,0,0,24,0,0,0,0,0,0,0,0,0,0,121,0,0,0,0,0,2,0,0,0,0,0,0,0,0,0,0,0,0,0,4,0,2,0,0,0,0,0,0,0,0,0,0,0,0,56,0,1198,588,260,109,1,275,513,45,177,154,1061,24,0,0,0,0,0,0,0,0,0,0,0,0,0,0,0,0,0,0,0,0,0,0,0,0,0,0,0,0,0,0,0,0,0,0,0,4,0,0,0,0,0,0,0,0,0,171,313,1,165,0,0,24,0,0,0
VA,51630,33,0,0,0,15,0,0,0,0,0,0,0,0,0,1,0,52,0,0,0,0,0,0,0,0,0,0,75,0,0,0,0,0,0,0,0,0,0,0,0,0,0,0,0,0,0,0,0,0,22,0,0,0,0,0,0,0,0,0,0,0,0,38,0,1374,1597,1118,342,19,1468,88,8,108,111,273,4,0,0,0,0,0,0,0,0,0,0,0,0,0,0,0,0,0,0,0,0,0,0,0,0,0,0,0,0,0,0,0,0,0,0,0,0,0,0,0,0,0,0,0,0,3,33,0,0,70,3,0,53,0,0,0
VA,51640,9,0,0,0,0,0,0,0,0,0,0,0,0,0,0,0,0,0,0,0,0,0,0,0,0,0,0,95,0,0,0,0,0,0,0,0,0,0,0,0,0,0,0,0,0,0,0,0,0,0,0,0,0,0,0,0,0,0,0,0,0,0,1,0,1442,628,383,206,4,1196,234,10,2,1057,0,0,0,0,0,0,0,0,0,0,0,0,0,0,0,0,0,0,0,0,0,0,0,0,0,0,0,0,0,0,0,0,0,0,0,0,0,0,0,0,0,0,0,0,0,0,0,9,0,0,0,0,0,0,0,0,0
VA,51650,15,2,0,0,16,0,0,0,0,0,0,0,0,0,0,0,14,0,0,1,0,0,0,0,0,0,0,10,0,0,0,0,0,0,0,0,0,0,0,0,0,0,0,0,0,0,0,0,0,56,0,0,0,0,0,0,0,0,0,0,0,0,941,0,10386,10106,3970,1654,130,346,471,84,127,54,3782,1786,0,0,0,0,0,0,0,0,0,0,0,0,0,0,0,0,0,0,0,0,0,0,0,0,0,0,0,0,0,0,0,0,0,0,0,0,0,0,0,0,0,0,0,0,0,15,2,0,30,0,0,14,0,0,0
VA,51660,212,0,0,1,17,1,0,0,0,0,0,2,0,0,5,0,2,0,0,0,0,0,0,0,0,0,13,226,0,0,0,0,0,0,0,0,0,0,0,0,0,0,0,0,0,0,0,0,0,47,0,0,1,0,0,0,0,0,0,0,0,0,8,0,1539,3314,2074,1027,4,930,232,31,0,1572,0,0,0,0,0,0,0,0,0,0,0,0,0,0,0,0,0,0,0,0,0,0,0,0,1,0,0,0,0,0,0,0,4,0,0,0,0,0,0,0,0,0,0,0,0,0,1,216,0,1,20,7,0,7,0,0,0
VA,51670,6,0,0,0,5,0,0,0,0,0,0,0,0,0,0,0,2,0,0,0,0,0,0,0,0,0,0,72,0,0,0,0,0,0,0,0,0,0,0,0,0,0,0,0,0,0,0,0,0,11,0,0,0,0,0,0,0,0,0,0,0,0,369,0,1689,1968,740,522,10,430,107,31,118,27,845,38,0,0,0,0,0,0,0,0,0,0,0,0,0,0,0,0,0,0,0,0,0,0,0,0,0,0,0,0,0,0,0,0,0,0,0,0,0,0,0,0,0,0,0,0,0,6,0,0,7,0,0,2,0,0,0
VA,51678,1,0,0,0,0,0,0,0,0,0,0,0,0,0,1,0,0,0,0,0,0,0,0,0,0,0,0,10,0,0,0,0,0,0,0,0,1,0,0,0,0,0,0,0,0,0,0,0,0,1,0,0,0,0,0,0,0,0,0,0,0,0,6,0,474,701,185,47,0,93,15,3,0,56,0,0,0,0,0,0,0,0,0,0,0,0,0,0,0,0,0,0,0,0,0,0,0,0,0,0,0,0,0,0,0,0,0,0,0,0,0,0,0,0,0,0,0,0,0,0,0,1,0,0,0,0,0,1,0,0,0
VA,51680,1,0,0,0,5,0,0,0,0,0,0,0,0,0,4,0,4,0,0,0,0,0,0,0,0,0,0,323,0,0,0,0,0,0,0,0,0,0,0,0,0,0,0,0,0,0,0,0,0,22,0,0,0,2,0,0,0,0,0,0,0,0,216,0,6362,7629,2848,1325,1,10557,661,120,53,1689,1,0,0,0,0,0,0,0,0,0,0,0,0,0,0,0,0,0,0,0,0,0,0,0,0,0,0,0,0,0,0,0,0,0,0,0,0,0,0,0,0,0,0,0,0,0,3,1,0,0,12,3,0,8,0,0,0
VA,51683,11,0,0,0,3,0,0,0,0,0,0,0,0,0,0,0,1,0,0,0,0,0,0,0,0,0,0,66,0,0,0,0,0,0,0,0,0,0,0,0,0,0,0,0,0,0,0,0,0,4,0,0,0,0,0,0,0,0,0,0,0,0,7,0,1962,2294,1171,415,6,368,8,4,6,52,13,0,0,0,0,0,0,0,0,0,0,0,0,0,0,0,0,0,0,0,0,0,0,0,0,0,0,0,0,0,0,0,0,0,0,0,0,0,0,0,0,0,0,0,0,0,0,11,0,0,4,0,0,1,0,0,0
VA,51685,0,0,0,0,1,0,0,0,0,0,0,0,0,0,0,0,2,0,0,0,0,0,0,0,0,0,0,6,0,0,0,0,0,0,0,0,0,0,0,0,0,0,0,0,0,0,0,0,0,1,0,0,0,0,0,0,0,0,0,0,0,0,0,0,435,556,274,78,24,167,5,0,7,18,0,0,0,0,0,0,0,0,0,0,0,0,0,0,0,0,0,0,0,0,0,0,0,0,0,0,0,0,0,0,0,0,0,0,0,0,0,0,0,0,0,0,0,0,0,0,0,0,0,0,3,0,0,2,0,0,0
VA,51690,0,0,0,0,0,0,0,0,0,0,0,0,0,0,0,0,0,0,0,0,0,0,0,0,0,0,0,6,0,0,0,0,0,0,0,0,0,0,0,0,0,0,0,0,0,0,0,0,0,1,0,0,0,0,0,0,0,0,0,0,0,0,33,0,1431,1858,785,250,6,2300,143,5,2,218,0,0,0,0,0,0,0,0,0,0,0,0,0,0,0,0,0,0,0,0,0,0,0,0,0,0,0,0,0,0,0,0,0,0,0,0,0,0,0,0,0,0,0,0,0,0,0,0,0,0,0,0,0,0,0,0,0
VA,51700,43,10,0,0,17,0,0,0,0,0,0,0,0,0,0,0,11,0,0,0,0,0,0,0,0,0,0,161,0,0,0,0,0,0,0,0,0,0,0,0,0,0,0,0,0,0,0,0,0,7,0,0,0,7,0,0,0,0,0,0,0,0,1351,0,9806,10353,5560,2917,100,2378,2400,729,339,205,5610,2531,0,0,0,0,0,0,0,0,0,0,0,0,0,0,0,0,0,0,0,0,0,0,0,0,0,0,0,0,0,0,0,0,0,0,0,0,0,0,0,0,0,0,0,0,0,43,10,0,28,0,0,11,0,0,0
VA,51710,0,0,0,0,3,0,0,0,0,0,0,0,0,0,0,0,11,0,0,0,0,0,0,0,0,0,0,0,0,0,0,0,0,0,0,0,0,0,0,0,0,0,0,0,0,0,0,0,0,2,0,0,0,0,0,0,0,0,0,0,0,0,1153,0,7921,12552,7140,4453,198,43,106,3,58,10,1219,940,0,0,0,0,0,0,0,0,0,0,0,0,0,0,0,0,0,0,0,0,0,0,0,0,0,0,0,0,0,0,0,0,0,0,0,0,0,0,0,0,0,0,0,0,0,0,0,0,14,0,0,11,0,0,0
VA,51720,5,0,0,0,0,0,0,0,0,0,0,0,0,0,0,0,0,0,0,0,0,0,0,0,0,0,0,3,0,0,0,0,0,0,0,0,0,0,0,0,0,0,0,0,0,0,0,0,0,0,0,0,0,0,0,0,0,0,0,0,0,0,11,0,507,675,566,148,16,2685,4,8,0,201,0,0,0,0,0,0,0,0,0,0,0,0,0,0,0,0,0,0,0,0,0,0,0,0,0,0,0,0,0,0,0,0,0,0,0,0,0,0,0,0,0,0,0,0,0,0,0,5,0,0,0,0,0,0,0,0,0
VA,51730,87,0,0,0,207,0,0,0,0,0,0,0,0,0,2,0,112,0,0,0,0,0,0,0,0,0,0,422,0,0,0,0,0,0,0,0,0,0,0,0,0,0,0,0,0,0,0,0,0,36,0,0,0,0,0,0,0,0,0,0,0,0,121,0,3633,2573,1257,533,52,2220,2310,74,474,226,496,7,0,0,0,0,0,0,0,0,0,0,0,0,0,0,0,0,0,0,0,0,0,0,0,0,0,0,0,0,0,0,0,0,0,0,0,0,0,0,0,0,0,0,0,0,1,87,0,0,320,1,0,114,0,0,0
VA,51735,2,0,0,0,2,0,0,0,0,0,0,0,0,0,0,0,1,0,0,0,0,0,0,0,0,0,0,5,0,0,0,0,0,0,0,0,0,0,0,0,0,0,0,0,0,0,0,0,0,6,0,0,0,0,0,0,0,0,0,0,0,0,471,0,1944,1189,149,36,44,41,233,23,93,10,1406,3998,0,0,0,0,0,0,0,0,0,0,0,0,0,0,0,0,0,0,0,0,0,0,0,0,0,0,0,0,0,0,0,0,0,0,0,0,0,0,0,0,0,0,0,0,0,2,0,0,3,0,0,1,0,0,0
VA,51740,0,0,0,0,7,0,0,0,0,0,0,0,0,0,0,0,2,0,0,0,0,0,0,0,0,0,0,0,0,0,0,0,0,0,0,0,0,0,0,0,0,0,0,0,0,0,0,0,0,0,0,0,0,0,0,0,0,0,0,0,0,0,266,0,5007,7307,2588,1332,42,40,170,3,54,11,886,360,0,0,0,0,0,0,0,0,0,0,0,0,0,0,0,0,0,0,0,0,0,0,0,0,0,0,0,0,0,0,0,0,0,0,0,0,0,0,0,0,0,0,0,0,0,0,0,0,9,0,0,2,0,0,0
VA,51750,3,0,0,0,0,0,0,0,0,0,0,0,0,0,0,0,0,0,4,0,0,0,0,0,0,0,11,51,0,0,0,0,0,0,0,0,0,0,0,0,0,0,0,0,0,0,0,0,0,6,0,0,0,0,0,0,0,0,0,0,0,0,214,0,1087,1067,606,248,0,2289,35,7,0,895,0,0,0,0,0,0,0,0,0,0,0,0,0,0,0,0,0,0,0,0,0,0,0,0,1,0,0,0,0,0,0,0,0,0,0,0,0,0,0,0,0,0,0,0,0,0,0,3,0,0,0,0,0,0,4,0,0
VA,51760,17,0,0,0,21,0,0,0,0,0,0,0,0,0,0,0,18,0,0,0,0,0,0,0,0,0,0,136,0,0,0,0,0,0,0,0,0,0,0,0,0,0,0,0,0,0,0,0,0,21,0,0,0,0,0,0,0,0,0,0,0,0,1331,0,11954,9426,6103,3488,25,4473,1413,72,315,313,899,33,0,0,0,0,0,0,0,0,0,0,0,0,0,0,0,0,0,0,0,0,0,0,0,0,0,0,0,0,0,0,0,0,0,0,0,0,0,0,0,0,0,0,0,0,1,17,0,0,40,1,0,18,0,0,0
VA,51770,7,0,0,0,0,0,0,0,0,0,0,0,0,0,0,0,0,0,0,0,0,0,0,0,0,0,2,195,0,0,0,0,0,0,0,0,0,0,0,0,0,0,0,0,0,0,0,0,0,2,0,0,0,0,0,0,0,0,0,0,0,0,6,0,5726,10578,5318,2255,6,2593,156,31,1,636,0,0,0,0,0,0,0,0,0,0,0,0,0,0,0,0,0,0,0,0,0,0,0,0,0,0,0,0,0,0,0,0,0,0,0,0,0,0,0,0,0,0,0,0,0,0,2,7,0,0,2,2,0,0,0,0,0
VA,51775,2,0,0,0,0,0,0,0,0,0,0,0,0,0,0,0,0,0,0,0,0,0,0,0,0,0,2,68,0,0,0,0,0,0,0,0,0,0,0,0,0,0,0,0,0,0,0,0,0,7,0,0,0,0,0,0,0,0,0,0,0,0,2,0,1957,3257,2019,792,0,972,41,4,0,206,0,0,0,0,0,0,0,0,0,0,0,0,0,0,0,0,0,0,0,0,0,0,0,0,0,0,0,0,0,0,0,0,0,0,0,0,0,0,0,0,0,0,0,0,0,0,0,2,0,0,0,0,0,0,0,0,0
VA,51790,53,0,0,0,8,0,0,0,0,0,0,0,0,0,0,0,0,0,0,4,0,0,0,0,0,0,5,548,0,0,0,0,0,0,0,0,0,0,0,0,0,0,0,0,0,0,0,0,0,63,0,0,0,0,0,0,0,0,0,0,0,0,16,0,2457,2711,937,390,2,2102,315,114,0,2870,0,0,0,0,0,0,0,0,0,0,0,0,0,0,0,0,0,0,0,0,0,0,0,0,0,0,0,0,0,0,0,0,0,0,0,0,0,0,0,0,0,0,0,0,0,0,0,53,0,0,8,0,0,0,0,0,0
VA,51800,10702,12474,0,116,14072,0,2170,0,0,0,0,1,0,0,113,0,10644,54,9,136,0,0,0,0,0,0,1,5705,0,0,0,0,5,215,0,0,0,0,0,0,0,0,0,0,0,0,0,21,0,87,0,0,0,1,0,0,0,0,0,0,0,0,6417,0,19087,6146,2484,675,98,18907,46110,3995,12326,5091,79930,5329,0,0,0,0,0,0,0,0,0,0,0,0,0,0,0,0,0,0,0,3,0,0,0,0,0,0,0,0,0,0,0,0,0,0,0,26,0,0,0,0,0,0,0,0,25,10705,12474,116,24741,26,0,10760,9,0,0
VA,51810,7427,49,0,1,6659,0,2,0,67,0,0,0,0,0,5,0,7708,0,0,0,0,0,0,0,0,0,0,391,0,0,0,1,20,2,0,0,0,0,0,2,0,0,0,0,0,0,0,1,0,357,0,0,0,0,0,0,0,0,0,0,0,0,8504,0,26370,28705,11319,3264,2573,838,1722,84,1295,2519,43492,11476,0,0,0,0,0,0,0,0,0,0,0,0,0,0,0,0,0,0,0,13,0,0,0,0,0,0,0,0,0,0,0,0,0,0,0,0,0,0,0,0,0,0,0,0,19,7440,49,1,14386,19,0,7726,0,0,0
VA,51820,85,0,0,0,46,0,0,0,0,0,0,2,0,0,4,0,0,0,0,0,0,0,0,0,0,0,1,158,0,0,0,0,0,0,0,0,0,0,0,0,0,0,0,0,0,0,0,1,0,66,0,0,0,0,0,0,0,0,0,0,0,0,7,0,1731,2664,875,498,0,2011,141,28,0,1496,0,0,0,0,0,0,0,0,0,0,0,0,0,0,0,0,0,0,0,0,0,0,0,0,0,0,0,0,0,0,0,0,0,0,0,0,0,0,0,0,0,0,0,0,0,0,2,85,0,0,48,4,0,4,0,0,0
VA,51830,12,2,0,0,5,0,0,0,0,0,0,0,0,0,0,0,2,0,0,1,0,0,0,0,0,0,0,37,0,0,0,0,0,0,0,0,0,0,0,0,0,0,0,0,0,0,0,0,0,2,0,0,0,5,0,0,0,0,0,0,0,0,71,0,1554,852,437,101,1,1547,256,208,89,46,560,62,0,0,0,0,0,0,0,0,0,0,0,0,0,0,0,0,0,0,0,0,0,0,0,0,0,0,0,0,0,0,0,0,0,0,0,0,0,0,0,0,0,0,0,0,0,12,2,0,7,0,0,2,0,0,0
VA,51840,2,0,0,0,0,0,0,0,0,0,0,0,0,0,0,0,0,0,0,0,0,0,0,0,0,0,1,100,0,0,0,0,0,0,0,0,0,0,0,0,0,0,0,0,0,0,0,0,0,6,0,0,19,0,0,0,0,0,0,0,0,0,0,0,1126,2049,1237,602,0,393,59,8,0,364,0,0,0,0,0,0,0,0,0,0,0,0,0,0,0,0,0,0,0,0,0,0,0,0,0,0,0,0,0,0,0,0,0,0,0,0,0,0,0,0,0,0,0,0,0,0,0,2,0,0,0,0,0,0,0,0,0
WA,53001,14981,0,0,0,0,2311,0,0,3469,0,38,3562,0,20772,262931,0,0,0,438,0,2,2087,3,0,0,12,20066,17435,20,15,96,8018,22062,136,0,0,9,10,4193,0,9,7023,0,0,3,2792,0,5611,0,240844,16,8,5510,372,1,418,0,0,0,0,36,0,3114,0,34178,5979,1420,147,9,50,453,15,527178,7455,1093,5801,0,2369,479,34,4,0,0,0,0,0,0,0,0,44,1,0,6,0,0,0,0,0,24,0,0,0,0,0,0,0,0,0,0,0,0,22,0,0,0,0,0,0,0,0,0,14981,0,0,0,3562,0,262931,438,0,0
WA,53003,0,0,0,0,0,0,0,0,0,0,0,1585,0,4068,21528,0,0,0,248,0,0,413,0,0,0,26,1484,4236,0,0,0,147,0,0,0,0,0,0,0,0,101,439,0,0,0,0,0,123,0,22727,0,0,0,0,0,0,0,0,0,0,2,0,3853,0,9694,3152,880,105,4,83,72182,6,59847,203070,142,46,0,29,0,0,0,0,0,0,0,0,0,0,0,0,0,0,0,0,0,0,0,0,0,0,0,0,0,0,0,0,0,0,0,0,0,0,0,0,0,0,0,0,0,0,0,0,0,0,0,1585,0,21528,248,0,0
WA,53005,15921,0,0,0,0,96,0,0,7747,0,14,195,0,11747,85787,0,0,0,9,0,0,168,0,0,0,3,10893,2206,0,3,11,1496,29998,21,0,0,307,7,13662,11,0,559,0,6,2861,775,0,4364,0,90194,131,55,19059,38852,1,6388,0,0,0,1,546,0,40097,0,28882,29267,14289,625,105,25,22,4,619783,40788,1242,1700,0,29,606,475,0,0,0,0,0,0,15,0,0,0,22,0,281,16,0,0,0,0,230,0,0,0,0,0,0,0,0,0,0,0,0,3776,0,0,0,1,0,0,0,0,0,15921,0,0,0,195,0,85787,9,0,0
WA,53007,8,0,0,0,0,0,0,0,5,0,0,4,0,45,233,0,0,1,2,0,0,3,0,0,0,0,271,46,0,0,0,1,5,2,0,0,0,0,0,0,0,1,0,0,1,2,0,1,0,1933,368,8,2891,151,0,644,0,0,0,0,7578,0,45879,9056,14351,25320,9989,3202,93129,392,998471,324,465025,230430,5235,899,0,7,0,0,0,0,0,0,0,0,0,0,0,0,1,0,0,0,0,0,0,0,0,0,0,0,0,0,0,0,0,0,0,0,0,5,0,0,0,0,0,0,0,0,0,8,0,0,0,4,0,233,2,0,0
WA,53009,70,0,0,0,0,0,0,0,0,0,0,23,0,1,41,0,0,0,0,0,0,0,0,0,0,0,34,178,0,0,0,0,4,0,0,0,0,0,0,0,0,5,0,0,0,0,0,0,0,9,0,0,0,0,122,0,0,0,0,0,0,0,16130,2611,16088,15293,6114,1813,11770,8712,850072,21066,115187,43291,16455,3673,0,0,0,0,0,0,0,0,0,0,0,0,0,0,0,0,0,0,0,0,0,0,0,0,0,0,0,0,0,0,0,0,0,0,0,1,0,0,0,0,0,0,0,13,0,70,0,0,0,23,0,41,0,0,0
WA,53011,761,0,0,0,0,0,0,0,0,0,0,204,0,85,59,0,0,0,73,0,0,0,0,0,0,0,630,1780,0,0,0,0,0,0,0,0,0,0,0,0,0,20,0,34,0,0,1,46,0,64,0,1,0,6,3817,48,0,0,0,76,19,0,15192,0,34680,43436,20447,5242,1037,19201,107043,28539,47595,63076,19318,7198,0,0,0,0,0,0,0,0,0,0,0,0,0,0,0,0,0,0,0,0,0,0,1,0,0,0,0,0,0,0,0,0,0,0,0,302,0,0,0,0,0,0,0,0,0,761,0,0,0,204,0,59,73,0,0
WA,53013,98,0,0,0,0,0,0,0,0,0,2,5063,0,25135,74072,0,0,0,127,0,0,493,0,0,0,664,950,2360,0,0,0,7410,5,0,0,0,0,0,0,0,21,14305,0,0,0,0,0,12,0,21637,0,0,209,51,0,1,0,0,0,0,24,0,3415,0,11199,1118,186,7,0,81,188273,222,128328,72134,220,1238,0,11,0,0,0,0,0,0,0,0,0,0,0,0,0,0,0,0,0,0,0,0,0,0,0,0,0,0,0,0,0,0,0,0,0,0,0,0,0,0,0,0,0,0,0,98,0,0,0,5063,0,74072,127,0,0
WA,53015,125,0,0,0,0,0,0,0,0,0,0,92,0,1,508,0,0,0,0,0,0,0,0,0,0,0,2,216,0,0,0,0,0,0,0,0,0,0,0,0,0,722,0,1214,0,0,0,0,0,408,0,0,0,0,1609,0,0,0,0,0,0,0,14390,1,41823,18788,6758,3245,6121,42741,360954,39148,149574,40477,11072,5829,0,0,0,0,0,0,0,0,0,0,0,0,0,0,0,55,0,0,0,0,0,0,8,0,0,0,0,0,0,0,0,0,0,0,0,351,133,0,0,0,0,0,0,0,0,125,0,0,0,92,0,508,0,0,0
WA,53017,449,0,0,0,0,142,0,0,30,0,1,3209,0,5356,162484,0,0,4,0,0,1,6059,0,0,0,0,1491,592,0,0,1,37,31,11,0,0,0,1,19,0,0,273,0,1,6,14,0,11,0,169869,18,15,4785,260,0,632,0,0,0,0,369,0,19233,0,28783,7787,2445,242,766,325,17283,16,723246,25179,301,1075,0,271,0,1,0,0,0,0,0,0,0,0,0,0,0,0,0,0,0,0,0,0,0,0,0,0,0,0,0,0,0,0,0,0,0,5,0,0,0,0,0,0,0,0,0,449,0,0,0,3209,0,162484,0,0,0
WA,53019,36,0,0,0,0,4,0,0,0,0,1,55,0,147,80,0,0,44,18,0,0,13,0,0,0,0,1277,640,0,0,0,4,12,0,0,0,0,0,4,0,0,3,0,0,0,0,0,1,0,193,0,2,48,4,4,4,0,0,0,0,0,0,33765,0,5798,3355,366,27,30,300,1027069,2,319546,47106,2953,1582,0,0,0,0,0,0,0,0,0,0,0,0,0,0,0,0,0,0,0,0,0,0,0,0,0,0,0,0,0,0,0,0,0,0,0,1,0,0,0,0,0,0,0,0,0,36,0,0,0,55,0,80,18,0,0
WA,53021,36023,0,0,0,0,445,0,0,3993,0,183,99,0,7723,75032,0,0,4,25,0,0,37,4,0,0,7,69890,8780,5,38,65,1830,42908,239,0,0,282,270,6201,0,2,4693,0,66,14,266,0,5278,0,61113,127,569,20793,4841,0,4042,0,0,0,1,21,0,16674,0,20510,13040,6649,249,14,197,88,50,375962,7352,3497,2589,0,2443,1266,2564,0,0,0,0,0,0,66,0,0,0,17,0,8,40,2,0,0,0,1,0,0,0,0,0,0,0,0,0,0,0,0,299,0,0,0,5,0,0,0,0,0,36023,0,0,0,99,0,75032,25,0,0
WA,53023,5,0,0,0,0,0,0,0,0,0,1,6986,0,27970,58954,0,0,0,46,0,0,575,0,0,0,11,602,1381,0,0,0,336,4,0,0,0,0,0,0,0,53,637,0,0,0,0,0,241,0,45350,0,0,1,4,0,0,0,0,0,0,0,0,5259,0,11057,1255,107,18,1,24,90177,2,43233,165136,36,165,0,46,0,0,0,0,0,0,0,0,0,0,0,0,0,0,0,0,0,0,0,0,0,0,0,0,0,0,0,0,0,0,0,0,0,0,0,0,0,0,0,0,0,0,0,5,0,0,0,6986,0,58954,46,0,0
WA,53025,66718,0,0,0,0,2839,0,0,17665,0,10,877,0,34171,128845,14,0,10,55,0,53,4525,0,0,0,166,106631,43811,1,0,1013,19058,41007,1744,0,0,195,147,6424,1,0,15770,0,28,97,9861,0,3211,0,95130,1148,42,61586,16464,0,4839,0,0,0,0,460,0,74005,0,38584,23469,6832,514,705,79,778,15,882694,46269,8634,15026,0,1201,1657,566,39,0,0,0,0,0,2,0,0,2,0,0,9,71,0,0,0,0,4,0,0,0,0,0,0,0,0,0,0,0,0,401,0,0,0,396,0,0,0,0,0,66718,0,0,0,877,0,128845,55,0,0
WA,53027,129,0,0,0,0,0,0,0,0,0,0,130,0,6,569,0,0,0,2,0,0,0,0,0,0,0,1,898,0,0,0,0,0,0,0,0,0,0,0,0,0,1339,0,0,0,0,0,0,0,1122,0,0,0,0,752,0,0,0,0,0,0,0,8236,25,48863,17865,4676,1466,3439,15704,743526,16381,207109,67159,77934,16474,0,0,0,0,0,0,0,0,0,0,0,0,0,0,0,2,0,0,0,0,0,0,0,0,0,0,0,0,0,0,0,0,0,0,0,2,12,0,0,0,0,0,0,707,0,129,0,0,0,130,0,569,2,0,0
WA,53029,110,0,0,0,0,0,0,0,6,0,0,357,0,0,53,0,0,0,0,0,0,0,0,0,0,0,664,341,0,0,3,0,82,1,0,0,18,0,0,14,0,4,0,15,0,0,0,136,0,96,0,0,0,0,35,0,0,0,0,0,0,0,1049,0,12169,15239,3843,991,1664,8507,39954,22041,1994,19081,2409,3960,0,0,0,0,0,0,0,0,0,0,0,0,0,40,0,14,0,0,0,0,0,0,8,0,0,0,0,0,0,0,0,0,0,0,0,81,4,1,0,0,0,0,0,0,0,110,0,0,0,357,0,53,0,0,0
WA,53031,4,0,0,0,0,0,0,0,0,0,0,9,0,0,5,0,0,0,0,0,0,0,0,0,0,0,22,240,0,0,0,0,1,0,0,0,0,0,0,0,0,4,0,1,0,0,0,0,0,9,0,0,23,0,50,0,0,0,0,0,0,0,2537,31085,23335,7230,1405,355,43586,15431,863093,24387,109148,25126,13106,3467,0,0,0,0,0,0,0,0,0,0,0,0,0,0,0,0,0,0,0,0,0,0,0,0,0,0,0,0,0,0,0,0,0,0,0,4,0,0,0,0,0,0,0,20,0,4,0,0,0,9,0,5,0,0,0
WA,53033,438,0,0,0,0,0,0,0,1,0,0,1,0,0,2,0,0,0,0,0,0,0,0,0,0,0,16,267,0,0,0,149,2,0,0,0,2,0,0,0,0,0,0,2,0,0,0,1,0,20,0,0,15,0,547,0,0,0,0,0,7,0,39261,1117,99148,130935,67682,29860,20353,23125,610392,171688,132275,54661,16035,3283,0,0,0,0,0,0,0,0,0,0,0,0,0,1,0,5,0,0,0,0,0,0,3,0,0,0,0,0,0,0,0,0,0,0,0,306,0,0,0,0,0,0,0,0,0,438,0,0,0,1,0,2,0,0,0
WA,53035,5,0,0,0,0,0,0,0,0,0,0,9,0,0,2,0,0,0,0,0,0,0,0,0,0,0,32,30,0,0,0,0,0,0,0,0,0,0,0,0,0,1,0,1,0,0,0,1,0,2,0,0,0,0,300,0,0,0,0,0,0,0,2223,0,34167,27216,7158,2276,2653,15530,110820,31818,10735,6751,3397,3083,0,0,0,0,0,0,0,0,0,0,0,0,0,0,0,0,0,0,0,0,0,0,0,0,0,0,0,0,0,0,0,0,0,0,0,5,0,0,0,0,0,0,0,0,0,5,0,0,0,9,0,2,0,0,0
WA,53037,255,0,0,4,0,0,0,0,60,0,6,100,0,1550,524,0,0,0,790,0,0,2,0,0,0,0,6792,35551,0,0,0,6,285,0,0,0,0,0,2,0,0,240,0,0,13,20,0,0,0,806,3,2,2504,98,0,286,0,0,0,0,412,0,19642,787,26556,20610,6636,1593,13786,212,571884,22,669397,104599,5502,1657,0,10,0,0,0,0,0,0,0,0,0,0,0,0,0,0,4,0,0,0,0,0,0,0,0,0,0,0,0,0,0,0,0,0,0,12,0,0,0,0,0,0,0,0,0,255,0,4,0,100,0,524,790,0,0
WA,53039,822,0,0,0,0,0,0,0,378,0,0,3583,0,21887,26859,0,0,0,14,0,0,109,0,0,0,0,37726,7849,0,0,0,859,383,0,0,0,4,0,519,2,0,436,0,0,18,131,4,2,0,25765,157,124,1684,8077,2,607,0,0,0,0,1003,0,21492,0,27513,21707,2820,397,129,3837,337816,1929,567003,90094,1322,2789,0,824,13,6,0,0,0,0,0,0,0,0,0,0,0,0,27,0,0,0,0,0,1,0,0,0,0,0,0,0,0,0,0,0,0,12,0,0,0,0,0,0,0,0,0,822,0,0,0,3583,0,26859,14,0,0
WA,53041,520,0,0,0,0,0,0,0,0,0,0,135,0,14,349,0,0,0,40,0,0,0,0,0,0,0,8,1269,0,0,0,0,0,0,0,0,0,0,0,0,0,94,0,4,0,0,0,0,0,29,0,0,0,4,11472,1,0,0,0,0,1,0,17549,704,66247,19231,4366,1523,7677,45538,894122,68906,278806,118144,17031,5113,0,0,0,0,0,0,0,0,0,0,0,0,0,0,0,10,0,0,0,0,0,0,0,0,0,0,0,0,0,0,0,0,0,0,0,242,0,0,0,0,0,0,0,0,0,520,0,0,0,135,0,349,40,0,0
WA,53043,293,0,0,0,0,449,0,0,139,0,3,43059,0,102754,258897,0,0,2,202,0,203,5122,0,0,0,250,17104,14579,8,0,0,2509,2908,1,0,0,0,1,89,0,33,2194,0,0,0,4,0,750,0,228788,0,0,10,18,20,0,0,0,0,0,1,0,17515,0,36532,2874,645,53,56,252,61381,3,661566,17056,358,15927,0,2463,1,1,0,0,0,0,0,0,0,0,0,0,0,0,0,0,0,0,0,0,0,0,0,0,0,0,0,0,0,0,0,0,0,8,0,0,0,0,0,0,0,0,0,293,0,0,0,43059,0,258897,202,0,0
WA,53045,4,0,0,0,0,0,0,0,0,0,0,4,0,0,19,0,0,0,0,0,0,0,0,0,0,0,0,10,0,0,0,0,0,0,0,0,0,0,0,0,0,1,0,18,0,0,0,0,0,24,0,0,0,0,2229,0,0,0,0,0,0,0,7894,2212,22613,10548,1993,499,3387,11928,384204,23754,105925,20901,19028,5408,0,0,0,0,0,0,0,0,0,0,0,0,0,0,0,6,0,0,0,0,0,0,0,0,0,0,0,0,0,0,0,0,0,0,0,34,0,0,0,0,0,0,0,0,0,4,0,0,0,4,0,19,0,0,0
WA,53047,582,0,0,0,0,16,0,0,38,0,20,753,0,2806,6396,1,0,310,98,0,0,397,0,0,0,0,3632,2321,0,0,0,11,42,1,0,0,0,0,6,0,0,133,0,0,1,17,0,16,0,9141,2,8,20962,41,6,3018,0,0,0,8,4193,0,27565,123,31256,31317,5809,1012,50934,1454,1568538,99,1346410,271104,5575,4791,0,136,6,5,0,0,0,0,0,0,0,0,0,0,9,0,0,1,0,0,0,0,0,0,0,0,0,0,0,0,0,0,0,0,0,4,0,0,0,1,0,0,0,0,0,582,0,0,0,753,0,6396,98,0,0
WA,53049,2,0,0,0,0,0,0,0,0,0,0,1,0,0,4,0,0,0,0,0,0,0,0,0,0,0,0,21,0,0,0,0,0,0,0,0,0,0,0,0,0,75,0,0,0,0,0,0,0,165,0,0,0,0,42,0,0,0,0,0,0,0,2780,1,27963,8277,1001,257,1220,6741,357291,6369,97717,40181,29828,16912,0,0,0,0,0,0,0,0,0,0,0,0,0,0,0,0,0,0,0,0,0,0,0,0,0,0,0,0,0,0,0,0,0,0,0,0,0,0,0,0,0,0,0,2169,0,2,0,0,0,1,0,4,0,0,0
WA,53051,0,0,0,0,0,0,0,0,0,0,0,69,0,23,41,0,0,0,12,0,0,1,0,0,0,0,776,3988,0,0,0,5,0,1,0,0,0,0,0,0,8,8,0,0,0,0,0,3,0,230,0,1,2,0,25,0,0,0,0,0,0,0,15701,0,2590,3382,559,41,7,33,781411,0,77694,22157,1004,2266,0,4,0,0,0,0,0,0,0,0,0,0,0,0,0,0,0,0,0,0,0,0,0,0,0,0,0,0,0,0,0,0,0,0,0,0,0,0,0,0,0,0,0,0,0,0,0,0,0,69,0,41,12,0,0
WA,53053,148,0,0,0,0,0,0,0,0,0,0,7,0,0,37,0,0,0,0,0,0,0,0,0,0,0,2,39,0,0,0,25,3,0,0,0,0,0,0,0,0,22,0,38,0,0,0,0,0,25,0,0,0,0,1821,0,0,0,0,0,0,0,11818,25927,77144,81826,37638,14670,24780,13679,504849,78824,120789,74081,9535,5267,0,0,0,0,0,0,0,0,0,0,0,0,0,0,0,6,0,0,0,0,0,0,2,0,0,0,0,0,0,0,0,0,0,0,0,258,1,0,0,0,0,0,0,0,0,148,0,0,0,7,0,37,0,0,0
WA,53055,2,0,0,0,0,0,0,0,0,0,0,10,0,0,16,0,0,0,0,0,0,0,0,0,0,0,0,5,0,0,0,0,1,0,0,0,0,0,0,0,0,2,0,0,0,0,0,0,0,0,0,0,1,0,9,3,0,0,0,0,0,0,1253,0,5299,5868,586,133,383,429,68950,1805,2060,18753,2178,2705,0,0,0,0,0,0,0,0,0,0,0,0,0,0,0,0,0,0,0,0,0,0,0,0,0,0,0,0,0,0,0,0,0,0,0,5,0,0,0,0,0,0,0,1,0,2,0,0,0,10,0,16,0,0,0
WA,53057,5466,0,0,0,0,0,0,0,17,0,0,2360,0,104,5627,0,0,0,14,0,0,0,0,0,0,0,209,6677,0,0,484,1,14296,543,0,0,1874,0,100,524,0,0,0,1182,0,0,0,25,0,4434,0,0,58,1,68,199,0,0,0,0,0,0,12396,13524,29857,22599,8119,2797,47340,32884,622401,71068,114334,63575,22382,7188,0,0,0,0,0,0,0,0,0,622,0,0,0,195,0,530,0,0,0,3,0,0,224,0,0,0,0,0,0,0,0,0,0,0,0,4741,306,417,0,0,0,0,0,0,0,5469,0,0,0,2360,0,5630,14,0,0
WA,53059,0,0,0,0,0,0,0,0,0,0,0,0,0,0,0,0,0,0,0,0,0,0,0,0,0,0,2,1,0,0,0,0,0,0,0,0,0,0,0,0,0,0,0,0,0,0,0,0,0,0,0,0,3,394,119,11,0,0,0,144,230,0,15348,1030,20459,18319,2217,611,22818,10299,782820,12473,155137,31608,3035,570,0,0,0,0,0,0,0,0,0,0,0,0,0,0,0,0,0,0,0,0,0,0,0,0,0,0,0,0,0,0,0,0,0,0,0,0,0,0,0,0,0,0,0,0,0,0,0,0,0,0,0,0,0,0,0
WA,53061,2240,0,0,0,0,0,0,0,15,0,0,478,0,0,643,0,0,0,0,0,0,0,0,0,0,0,95,3892,0,0,179,46,889,114,0,0,202,0,0,39,0,0,0,50,0,0,0,183,0,350,0,0,0,0,251,1,0,0,0,0,0,0,11868,9025,72545,64911,26543,9399,36148,38026,722230,139586,109819,69010,19193,10281,0,0,0,0,0,0,0,0,0,14,0,0,0,219,0,6,0,0,0,0,0,0,23,0,0,0,0,0,0,0,0,0,0,0,0,138,80,95,0,0,0,0,0,0,0,2240,0,0,0,478,0,643,0,0,0
WA,53063,113,0,0,0,0,87,0,0,2,0,0,23404,0,68165,92522,0,0,0,877,0,0,6182,0,0,0,286,27051,12525,2,0,0,3085,387,36,0,0,0,0,1,0,22587,15873,0,1,0,0,0,8781,0,20601,0,6,20,0,249,2,0,0,0,0,1,0,8864,0,43945,55632,28927,5304,152,90,339960,2,225458,120793,377,6689,0,493,0,0,0,0,0,0,0,0,0,0,0,0,0,32,7,0,0,0,0,0,14,0,0,0,0,0,0,0,0,0,0,0,0,52,0,0,0,0,0,0,0,0,0,113,0,0,0,23404,0,92522,877,0,0
WA,53065,273,0,0,0,0,11,0,0,1,0,5,3402,0,2888,3625,0,0,0,446,0,0,322,0,0,0,3,20556,3166,2,0,0,365,155,0,0,0,0,0,0,0,21,256,0,0,0,0,0,47,0,3620,0,3,84,10,840,0,0,0,0,18,0,0,39211,0,12352,11315,2137,195,121,951,1168818,5,249507,96285,1440,3351,0,68,0,0,0,0,0,0,0,0,0,0,0,0,0,4,0,0,0,0,0,0,0,0,0,0,0,0,0,0,0,0,0,0,0,7,0,0,0,0,0,0,0,0,0,273,0,0,0,3402,0,3625,446,0,0
WA,53067,377,0,0,0,0,0,0,0,0,0,0,3,0,2,11,0,0,0,2,0,0,0,0,0,0,0,3,170,0,0,0,0,0,0,0,0,0,0,0,0,0,2,0,195,0,0,0,0,0,40,0,0,0,0,4246,1,0,0,0,0,0,0,5434,0,46607,28216,9485,2916,1057,21416,165572,45824,56235,59474,16117,7587,0,0,0,0,0,0,0,0,0,0,0,0,0,0,0,113,0,0,0,0,0,0,0,0,0,0,0,0,0,0,0,0,0,0,0,169,1,0,0,0,0,0,0,0,0,377,0,0,0,3,0,11,2,0,0
WA,53069,0,0,0,0,0,0,0,0,0,0,0,1,0,0,12,0,0,0,0,0,0,0,0,0,0,0,0,63,0,0,0,0,0,0,0,0,0,0,0,0,0,2,0,0,0,0,0,0,0,728,0,0,0,0,9,0,0,0,0,0,0,0,6600,0,8876,1700,195,25,513,10830,88777,6225,24873,12808,7977,6564,0,0,0,0,0,0,0,0,0,0,0,0,0,0,0,0,0,0,0,0,0,0,0,0,0,0,0,0,0,0,0,0,0,0,0,1,0,0,0,0,0,0,0,7,0,0,0,0,0,1,0,12,0,0,0
WA,53071,6384,0,0,0,0,149,0,0,4457,0,2814,1883,0,20535,190081,0,0,1,29,0,0,67,0,0,0,2,30394,1796,0,25,0,13713,12944,0,0,0,2,0,862,0,24,11570,0,0,0,7,0,104,0,121231,60,6,15764,8172,2,745,0,0,0,0,23,0,19401,0,23946,8232,2554,117,0,369,27022,390,272462,28046,2473,1559,0,65,20,548,0,0,0,0,0,0,6,0,0,0,0,0,0,34,0,0,0,0,1,0,0,0,0,0,0,0,0,0,0,0,0,278,0,0,0,0,0,0,0,0,0,6384,0,0,0,1883,0,190081,29,0,0
WA,53073,13785,0,0,0,0,0,0,0,0,0,0,76,0,132,102,0,0,0,0,0,0,0,0,0,0,0,36,20293,0,0,0,0,1433,0,0,0,8,0,5,0,0,0,0,4619,0,0,0,126,0,134,0,0,36,6,302,30,0,0,0,4,0,0,26365,28374,29368,29672,8628,3621,85632,34691,737139,55230,150224,111990,22493,6798,0,0,0,0,0,0,0,0,0,15,0,0,0,35,0,67,0,0,0,16,0,0,3,0,0,0,0,0,0,0,0,0,0,0,0,11850,0,1,0,0,0,0,0,10,0,13801,0,0,0,76,0,118,0,0,0
WA,53075,87,0,0,0,0,66,0,0,0,0,8,76130,0,158189,334713,0,0,0,540,0,0,2639,0,0,0,942,9529,7138,47,0,0,70326,38,1,0,0,0,0,60,0,38575,28579,0,0,0,4,0,806,0,148163,0,0,8,11,9,0,0,0,0,0,4,0,11474,0,36703,5507,1812,230,1,379,21406,57,290978,135592,480,12296,0,160,0,0,0,0,0,0,0,0,0,0,0,0,0,0,0,0,0,0,0,0,0,0,0,0,0,0,0,0,0,0,0,0,0,0,0,0,0,0,0,0,0,0,0,87,0,0,0,76130,0,334713,540,0,0
WA,53077,50330,0,0,0,22,1,0,0,940,0,1800,165,0,8719,15180,0,0,33,599,0,0,8,0,0,0,0,37118,1647,0,0,0,574,1645,143,0,0,10,84,593,111,0,50,0,0,22656,8156,0,285,0,28381,89,1124,71232,47250,0,8612,0,0,0,0,7308,0,9274,5520,60753,54087,16410,2693,21180,229,927442,325,1198709,110167,19069,14410,0,333,49,2386,0,0,0,0,0,0,338,0,0,0,92,0,540,117,0,0,0,0,37,0,0,0,0,0,0,0,0,0,0,0,0,299,0,0,0,0,12,0,0,0,0,50330,0,0,22,165,0,15180,599,0,0
WV,54001,47,0,0,0,0,0,0,0,0,0,0,0,0,0,0,0,0,0,0,0,0,0,0,0,0,0,1,5528,0,0,0,0,0,0,0,0,0,0,0,0,0,0,0,0,0,0,0,0,0,0,0,0,0,0,1,0,0,0,0,0,0,0,1295,0,10024,1248,306,41,657,173199,95,59,4,26846,6,6,0,0,0,0,0,0,0,0,0,0,0,0,0,0,0,0,0,0,0,0,0,0,0,0,0,0,0,0,0,0,0,0,0,0,0,0,0,0,0,0,0,0,0,0,0,47,0,0,0,0,0,0,0,0,0
WV,54003,5797,0,0,43,1349,0,0,0,0,0,0,124,0,0,500,0,30,1,2,0,0,0,0,0,0,0,173,23774,0,0,0,0,0,0,0,0,0,0,0,0,0,0,0,0,0,0,0,1,0,196,0,184,2221,0,0,0,0,0,0,0,1,0,947,0,12117,9533,2348,1008,25,105239,1972,540,2,37584,14,8,0,0,0,0,0,0,0,0,0,0,0,0,0,34,0,0,0,0,0,5,0,0,1,0,0,0,0,0,0,0,8,0,0,0,0,0,0,0,0,0,0,0,0,0,1,5810,0,43,1380,133,0,535,2,0,0
WV,54005,0,0,0,0,0,0,0,0,0,0,0,0,0,0,0,0,0,0,0,0,0,0,0,0,0,0,0,62,0,0,0,0,0,0,0,0,0,0,0,0,0,0,0,0,0,0,0,0,0,0,0,0,0,0,0,0,0,0,0,0,0,0,844,0,6115,3637,1776,184,9123,276412,61,27,6,23801,0,0,0,0,0,0,0,0,0,0,0,0,0,0,0,0,0,0,0,0,0,0,0,0,0,0,0,0,0,0,0,0,0,0,0,0,0,0,0,0,0,0,0,0,0,0,0,0,0,0,0,0,0,0,0,0,0
WV,54007,8,0,0,0,0,0,0,0,0,0,0,0,0,0,0,0,0,0,0,0,0,0,0,0,0,0,3,1616,0,0,0,0,0,0,0,0,0,0,0,0,0,0,0,0,0,0,0,0,0,1,0,0,0,0,0,0,0,0,0,0,0,0,2617,0,14088,2126,770,90,345,292235,58,381,2,16011,1,7,0,0,0,0,0,0,0,0,0,0,0,0,0,0,0,0,0,0,0,0,0,0,0,0,0,0,0,0,0,0,0,0,0,0,0,0,0,0,0,0,0,0,0,0,0,8,0,0,0,0,0,0,0,0,0
WV,54009,5,0,0,0,1,0,0,0,0,0,0,0,0,0,0,0,0,0,0,0,0,0,0,0,0,0,476,2156,0,0,0,0,0,0,0,0,0,0,0,0,0,0,0,0,0,0,0,0,0,59,0,0,0,0,0,0,0,0,0,0,0,0,2119,0,5418,2296,999,664,123,39309,44,0,2,5438,0,0,0,0,0,0,0,0,0,0,0,0,0,0,0,0,0,0,0,0,0,0,0,0,0,0,0,0,0,0,0,0,0,0,0,0,0,0,0,0,0,0,0,0,0,0,0,5,0,0,1,0,0,0,0,0,0
WV,54011,60,0,0,0,28,0,0,10,0,0,0,0,0,0,0,0,0,0,0,0,0,0,0,0,0,0,0,1816,0,0,0,0,0,3,0,0,0,0,0,0,0,0,0,0,0,0,0,0,0,40,0,0,0,0,0,0,0,0,0,0,0,0,4427,0,12136,9627,4455,1240,29,134721,704,10,77,14944,6,0,0,0,0,0,0,0,0,0,0,0,0,0,0,0,0,0,0,0,0,0,0,0,0,0,0,0,0,0,0,0,0,0,0,0,0,0,0,0,0,0,0,0,0,0,0,60,0,0,28,0,0,0,0,0,0
WV,54013,1,0,0,0,2,0,0,0,0,0,0,0,0,0,0,0,0,0,0,0,0,0,0,0,0,0,0,655,0,0,0,0,0,0,0,0,0,0,0,0,0,0,0,0,0,0,0,0,0,0,0,0,0,0,0,0,0,0,0,0,0,0,344,0,7755,299,48,9,9,162634,121,0,1,7717,0,0,0,0,0,0,0,0,0,0,0,0,0,0,0,0,0,0,0,0,0,0,0,0,0,0,0,0,0,0,0,0,0,0,0,0,0,0,0,0,0,0,0,0,0,0,0,1,0,0,2,0,0,0,0,0,0
WV,54015,0,0,0,0,0,0,0,0,0,0,0,0,0,0,0,0,0,0,0,0,0,0,0,0,0,0,0,280,0,0,0,0,0,0,0,0,0,0,0,0,0,0,0,0,0,0,0,0,0,0,0,0,0,0,0,0,0,0,0,0,0,0,1031,0,8147,385,63,5,1257,203003,16,0,15,5846,0,0,0,0,0,0,0,0,0,0,0,0,0,0,0,0,0,0,0,0,0,0,0,0,0,0,0,0,0,0,0,0,0,0,0,0,0,0,0,0,0,0,0,0,0,0,0,0,0,0,0,0,0,0,0,0,0
WV,54017,1,0,0,0,0,0,0,0,0,0,0,0,0,0,0,0,0,0,0,0,0,0,0,0,0,0,3,456,0,0,0,0,0,0,0,0,0,0,0,0,0,0,0,0,0,0,0,0,0,0,0,0,0,0,0,0,0,0,0,0,0,0,66,0,8259,617,161,5,12,186866,18,0,0,8642,0,0,0,0,0,0,0,0,0,0,0,0,0,0,0,0,0,0,0,0,0,0,0,0,0,0,0,0,0,0,0,0,0,0,0,0,0,0,0,0,0,0,0,0,0,0,0,1,0,0,0,0,0,0,0,0,0
WV,54019,9,0,0,0,0,0,0,0,1,0,0,0,0,0,4,0,0,3,0,0,0,0,0,0,0,0,10,6947,0,0,0,0,0,0,0,0,0,0,0,0,0,0,0,0,0,0,0,0,0,8,0,1,0,0,0,0,0,0,0,0,0,0,3738,0,15118,7173,2606,300,1869,369995,6197,150,22,13561,1,46,0,0,0,0,0,0,0,0,0,0,0,0,0,0,0,0,0,0,0,1,0,0,0,0,0,0,0,0,0,0,0,0,0,0,0,0,0,0,0,0,0,0,0,0,0,10,0,0,0,0,0,5,0,0,0
WV,54021,38,0,0,0,0,0,0,0,0,0,0,0,0,0,0,0,0,0,0,0,0,0,0,0,0,0,5,1700,0,0,0,0,0,0,0,0,0,0,0,0,0,0,0,0,0,0,0,0,0,0,0,0,0,0,0,0,0,0,0,0,0,0,94,0,8505,476,130,35,16,197357,18,0,0,9256,0,0,0,0,0,0,0,0,0,0,0,0,0,0,0,0,0,0,0,0,0,0,0,0,1,0,0,0,0,0,0,0,0,0,0,0,0,0,0,0,0,0,0,0,0,0,0,38,0,0,0,0,0,0,0,0,0
WV,54023,1117,0,0,11,14,0,0,0,0,0,0,5,0,0,14,0,0,0,3,0,0,0,0,0,0,0,12,13814,0,0,0,0,0,0,0,0,0,0,0,0,0,0,0,0,0,0,0,0,0,30,0,0,2,0,0,0,0,0,0,0,0,0,1962,0,6881,875,277,79,4584,235043,6063,1440,0,34838,48,211,0,0,0,0,0,0,0,0,0,0,0,0,0,0,0,0,0,0,0,0,0,0,0,0,0,0,0,0,0,0,2,0,0,0,0,0,0,0,0,0,0,0,0,0,0,1119,0,11,14,7,0,14,3,0,0
WV,54025,1310,0,0,35,3,0,0,0,0,0,0,0,0,0,22,0,1,0,1,0,0,0,0,0,0,0,1216,31775,0,0,0,0,3,0,0,0,0,0,0,0,0,0,0,0,0,0,4,0,0,42,0,0,0,0,2,0,0,0,0,0,0,0,1486,0,19628,7158,1843,503,1076,529810,8921,5706,2243,42612,2,200,0,0,0,0,0,0,0,0,0,0,0,0,0,0,0,0,0,0,0,0,0,0,20,0,0,0,0,0,0,1,0,0,0,0,0,0,0,0,0,0,0,0,0,0,0,1310,0,36,4,0,0,24,1,0,0
WV,54027,925,0,0,0,28,0,0,0,0,0,0,3,0,0,32,0,4,2,11,2,0,0,0,0,0,0,31,22024,0,0,0,0,0,0,0,0,0,0,0,0,0,0,0,0,0,0,0,0,0,31,0,23,228,0,0,0,0,0,0,0,2,0,1799,0,10889,1949,376,92,18,324779,6564,4806,0,37930,1,1,0,0,0,0,0,0,0,0,0,0,0,0,0,0,0,0,0,0,0,0,0,0,0,0,0,0,0,0,0,0,1,0,0,0,0,0,0,0,0,0,0,0,0,0,0,926,0,0,32,4,0,36,11,0,0
WV,54029,8,0,0,0,1,0,0,0,0,0,0,0,0,0,0,0,0,0,0,0,0,0,0,0,0,0,84,374,0,0,0,0,0,0,0,0,0,0,0,0,0,0,0,0,0,0,0,0,0,3,0,0,0,0,0,0,0,0,0,0,0,0,3471,0,6601,2296,1063,701,89,35450,56,0,2,6318,0,0,0,0,0,0,0,0,0,0,0,0,0,0,0,0,0,0,0,0,0,0,0,0,0,0,0,0,0,0,0,0,0,0,0,0,0,0,0,0,0,0,0,0,0,0,0,8,0,0,1,0,0,0,0,0,0
WV,54031,5408,0,0,72,1117,0,0,0,0,0,0,8,0,0,24,0,8,1,5,0,0,0,0,0,0,0,162,14021,0,0,0,0,0,2,0,0,0,0,0,0,0,0,0,0,0,0,0,0,0,104,0,0,14,0,0,0,0,0,0,0,0,0,758,0,12566,2135,520,120,67,296224,6072,4539,0,30099,8,0,0,0,0,0,0,0,0,0,0,0,0,0,0,0,0,0,0,0,0,0,0,0,0,0,0,0,0,0,3,0,17,0,0,0,0,0,0,0,0,0,0,0,0,0,6,5425,0,75,1131,34,0,32,5,0,0
WV,54033,105,0,0,0,1,0,0,0,0,0,0,0,0,0,0,0,0,0,0,0,0,0,0,0,0,0,10,2887,0,0,0,0,0,0,0,0,0,0,0,0,0,0,0,0,0,0,0,0,0,0,0,0,0,0,0,0,0,0,0,0,0,0,724,0,20936,6709,3410,803,507,194111,24,30,2,36369,1,0,0,0,0,0,0,0,0,0,0,0,0,0,0,0,0,0,0,0,0,0,0,0,0,0,0,0,0,0,0,0,0,0,0,0,0,0,0,0,0,0,0,0,0,0,0,105,0,0,1,0,0,0,0,0,0
WV,54035,520,0,0,0,106,0,0,0,0,0,0,0,0,0,2,0,2,0,0,0,0,0,0,0,0,0,13,6634,0,0,0,0,0,14,0,0,0,0,0,0,0,0,0,0,0,0,0,0,0,20,0,0,0,0,0,0,0,0,0,0,0,0,4727,0,18663,3194,822,237,27,227669,1201,8,1,37962,1,0,0,0,0,0,0,0,0,0,0,0,0,0,0,0,0,0,0,0,0,0,0,0,0,0,0,0,0,0,0,0,0,0,0,0,0,0,0,0,0,0,0,0,0,0,1,520,0,0,109,1,0,4,0,0,0
WV,54037,12583,3,0,61,7093,0,0,0,0,0,0,191,0,0,1515,0,1908,24,2,0,0,0,0,0,0,0,1164,14790,0,0,0,0,0,18,0,0,0,0,0,0,0,0,0,0,0,0,0,92,0,189,0,0,145,0,0,0,0,0,0,0,0,0,1615,0,12491,4557,1002,310,114,33917,2187,313,13,38257,41,2,0,0,0,0,0,0,0,0,0,0,0,0,0,0,0,0,0,0,0,312,0,0,22,0,0,0,0,0,71,10,114,0,0,0,0,0,0,0,0,0,0,0,0,0,275,13009,3,142,9276,651,0,3745,2,0,0
WV,54039,8,0,0,0,1,0,0,0,0,0,0,0,0,0,0,0,0,0,0,0,0,0,0,0,0,0,0,503,0,0,0,0,0,0,0,0,0,0,0,0,0,0,0,0,0,0,0,0,0,18,0,0,0,0,0,0,0,0,0,0,0,0,4594,0,42538,16770,7780,2392,2913,491096,255,12,10,14122,1,4,0,0,0,0,0,0,0,0,0,0,0,0,0,0,0,0,0,0,0,0,0,0,0,0,0,0,0,0,0,0,0,0,0,0,0,0,0,0,0,0,0,0,0,0,0,8,0,0,1,0,0,0,0,0,0
WV,54041,16,0,0,0,0,0,0,0,0,0,0,0,0,0,0,0,0,0,0,0,0,0,0,0,0,0,7,3079,0,0,0,0,0,0,0,0,0,0,0,0,0,0,0,0,0,0,0,0,0,1,0,0,0,0,0,0,0,0,0,0,0,0,2567,0,14334,2253,991,105,157,205671,27,101,2,20128,2,1,0,0,0,0,0,0,0,0,0,0,0,0,0,0,0,0,0,0,0,0,0,0,0,0,0,0,0,0,0,0,0,0,0,0,0,0,0,0,0,0,0,0,0,0,0,16,0,0,0,0,0,0,0,0,0
WV,54043,6,0,0,0,1,0,0,2,0,0,0,0,0,0,0,0,0,0,0,0,0,0,0,0,0,0,0,1266,0,0,0,0,0,0,0,0,0,0,0,0,0,0,0,0,0,0,0,0,0,10,0,0,0,0,0,0,0,0,0,0,0,0,749,0,15266,3541,599,89,1855,242178,226,12,1,14893,1,0,0,0,0,0,0,0,0,0,0,0,0,0,0,0,0,0,0,0,0,0,0,0,0,0,0,0,0,0,0,0,0,0,0,0,0,0,0,0,0,0,0,0,0,0,0,6,0,0,1,0,0,0,0,0,0
WV,54045,0,0,0,0,0,0,0,0,0,0,0,0,0,0,0,0,0,0,0,0,0,0,0,0,0,0,0,28,0,0,0,0,0,0,0,0,0,0,0,0,0,0,0,0,0,0,0,0,0,0,0,0,0,0,0,0,0,0,0,0,0,0,676,0,10057,5303,3237,353,6430,243587,34,15,9,21859,0,0,0,0,0,0,0,0,0,0,0,0,0,0,0,0,0,0,0,0,0,0,0,0,0,0,0,0,0,0,0,0,0,0,0,0,0,0,0,0,0,0,0,0,0,0,0,0,0,0,0,0,0,0,0,0,0
WV,54047,0,0,0,0,0,0,0,0,0,0,0,0,0,0,0,0,0,0,0,0,0,0,0,0,0,0,1,16,0,0,0,0,0,0,0,0,0,0,0,0,0,0,0,0,0,0,0,0,0,0,0,0,0,0,0,0,0,0,0,0,0,0,233,0,15735,5604,2332,83,2204,307038,712,251,8,8122,0,0,0,0,0,0,0,0,0,0,0,0,0,0,0,0,0,0,0,0,0,0,0,0,0,0,0,0,0,0,0,0,0,0,0,0,0,0,0,0,0,0,0,0,0,0,0,0,0,0,0,0,0,0,0,0,0
WV,54049,3,0,0,0,0,0,0,0,0,0,0,0,0,0,0,0,0,0,0,0,0,0,0,0,0,0,21,1151,0,0,0,0,0,0,0,0,0,0,0,0,0,0,0,0,0,0,0,0,0,0,0,0,0,0,0,0,0,0,0,0,0,0,1374,0,16417,4308,1709,495,197,156875,42,40,1,16714,0,0,0,0,0,0,0,0,0,0,0,0,0,0,0,0,0,0,0,0,0,0,0,0,0,0,0,0,0,0,0,0,0,0,0,0,0,0,0,0,0,0,0,0,0,0,0,3,0,0,0,0,0,0,0,0,0
WV,54051,70,0,0,0,2,0,0,0,0,0,0,0,0,0,0,0,0,0,0,0,0,0,0,0,0,0,248,6127,0,0,0,0,0,0,0,0,0,0,0,0,0,0,0,0,0,0,0,0,0,2,0,0,0,0,0,0,0,0,0,0,0,0,4318,0,13427,2233,1320,739,115,151480,32,1,1,19699,0,0,0,0,0,0,0,0,0,0,0,0,0,0,0,0,0,0,0,0,0,0,0,0,0,0,0,0,0,0,0,0,0,0,0,0,0,0,0,0,0,0,0,0,0,0,0,70,0,0,2,0,0,0,0,0,0
WV,54053,4561,0,0,0,5992,0,0,0,0,0,0,0,0,0,83,0,97,0,0,0,0,0,0,0,0,0,271,15876,0,0,0,0,0,126,0,0,0,0,0,0,0,0,0,0,0,0,0,0,0,154,0,0,0,0,0,0,0,0,0,0,0,0,9265,0,14769,4625,1028,227,30,189897,2477,6,5,35130,9,0,0,0,0,0,0,0,0,0,0,0,0,0,0,0,0,0,0,0,0,0,0,0,0,0,0,0,0,0,0,0,0,0,0,0,0,0,0,0,0,0,0,0,0,0,36,4561,0,0,6125,36,0,180,0,0,0
WV,54055,28,0,0,0,0,0,0,0,1,0,0,0,0,0,1,0,0,0,0,0,0,0,0,0,0,0,9,7327,0,0,0,0,0,0,0,0,0,0,0,0,0,0,0,0,0,0,0,0,0,16,0,0,0,0,0,0,0,0,0,0,0,0,541,0,18744,9510,5412,959,198,178233,21378,373,5,26505,4,0,0,0,0,0,0,0,0,0,0,0,0,0,0,0,0,0,0,0,0,0,0,0,0,0,0,0,0,0,0,0,0,0,0,0,0,0,0,0,0,0,0,0,0,0,0,28,0,0,0,0,0,1,0,0,0
WV,54057,676,0,0,13,167,0,0,0,104,0,0,6,0,0,13,0,3,0,11,0,0,0,0,0,0,0,82,8159,0,0,0,0,0,0,0,0,0,0,0,0,0,0,0,0,0,0,26,0,0,28,0,0,6,0,0,0,0,0,0,0,0,0,1106,0,12672,2369,671,183,348,162405,1227,796,0,19560,2,5,0,9,0,0,0,0,0,0,0,0,0,0,0,0,0,0,0,0,0,0,0,0,0,0,0,0,0,0,0,0,1,0,0,0,0,0,0,0,0,0,0,0,0,0,0,677,0,13,170,7,0,16,11,0,0
WV,54059,0,0,0,0,0,0,0,0,0,0,0,0,0,0,0,0,0,0,0,0,0,0,0,0,0,0,0,6,0,0,0,0,0,0,0,0,0,0,0,0,0,0,0,0,0,0,0,0,0,0,0,0,0,0,0,0,0,0,0,0,0,0,1239,0,7847,4966,2765,279,4845,225144,23,28,29,23959,0,0,0,0,0,0,0,0,0,0,0,0,0,0,0,0,0,0,0,0,0,0,0,0,0,0,0,0,0,0,0,0,0,0,0,0,0,0,0,0,0,0,0,0,0,0,0,0,0,0,0,0,0,0,0,0,0
WV,54061,16,0,0,0,0,0,0,0,0,0,0,0,0,0,0,0,0,0,0,0,0,0,0,0,0,0,51,2059,0,0,0,0,0,0,0,0,0,0,0,0,0,0,0,0,0,0,0,0,0,0,0,0,0,0,0,0,0,0,0,0,0,0,3801,0,19085,6223,3284,1084,653,176627,25,73,0,21158,2,1,0,0,0,0,0,0,0,0,0,0,0,0,0,0,0,0,0,0,0,0,0,0,0,0,0,0,0,0,0,0,0,0,0,0,0,0,0,0,0,0,0,0,0,0,2,16,0,0,2,2,0,0,0,0,0
WV,54063,1471,0,0,60,3,0,0,0,2,0,0,0,0,0,67,0,22,51,62,1,0,0,0,0,0,0,683,19574,0,0,0,0,0,0,0,0,0,0,0,0,0,0,0,0,0,0,0,0,0,54,0,0,0,0,1,0,0,0,0,0,0,0,201,0,13597,3404,237,29,27,218795,3190,198,6,41387,0,5,0,0,0,0,0,0,0,0,0,0,0,0,0,0,0,0,0,0,0,0,0,0,9,0,0,0,0,0,0,2,0,0,0,0,0,0,2,0,0,0,0,0,0,0,0,1471,0,62,25,0,0,91,62,0,0
WV,54065,489,0,0,0,2,0,0,0,0,0,0,0,0,0,33,0,1,0,1,0,0,0,0,0,0,0,5,4554,0,0,0,0,0,0,0,0,0,0,0,0,0,0,0,0,0,0,0,0,0,8,0,1,80,0,0,0,0,0,0,0,0,0,679,0,9089,1652,233,56,3,115491,2615,842,2,11174,1,0,0,0,0,0,0,0,0,0,0,0,0,0,0,0,0,0,0,0,0,0,0,0,0,0,0,0,0,0,0,0,4,0,0,0,0,0,0,0,0,0,0,0,0,0,0,493,0,0,3,4,0,34,1,0,0
WV,54067,18,0,0,1,2,0,0,0,0,0,0,0,0,0,1,0,0,0,0,0,0,0,0,0,0,0,24,9011,0,0,0,0,0,0,0,0,0,0,0,0,0,0,0,0,0,0,0,0,0,4,0,0,0,0,0,0,0,0,0,0,0,0,3180,0,20150,3531,1043,208,7207,355607,4343,250,237,13998,0,5,0,0,0,0,0,0,0,0,0,0,0,0,0,0,0,0,0,0,0,0,0,0,0,0,0,0,0,0,0,0,0,0,0,0,0,0,0,0,0,0,0,0,0,0,1,18,0,1,3,1,0,1,0,0,0
WV,54069,5,0,0,0,0,0,0,0,0,0,0,0,0,0,0,0,0,0,0,0,0,0,0,0,0,0,927,4137,0,0,0,0,0,0,0,0,0,0,0,0,0,0,0,0,0,0,0,0,0,0,0,0,0,0,0,0,0,0,0,0,0,0,1898,0,8113,3322,1996,833,126,41775,19,0,0,6532,0,0,0,0,0,0,0,0,0,0,0,0,0,0,0,0,0,0,0,0,0,0,0,0,0,0,0,0,0,0,0,0,0,0,0,0,0,0,0,0,0,0,0,0,0,0,0,5,0,0,0,0,0,0,0,0,0
WV,54071,2053,0,0,0,83,0,0,0,0,0,0,118,0,0,8,0,2,0,0,1,0,0,0,0,0,0,54,17536,0,0,0,0,0,0,0,0,0,0,0,0,0,0,0,0,0,0,0,0,0,36,0,0,3,0,0,0,0,0,0,0,0,0,512,0,15755,872,173,55,274,345376,25956,3299,1,34568,31,8,0,17,0,0,0,0,0,0,0,0,0,0,0,0,0,0,0,0,0,0,0,0,0,0,0,0,0,0,0,0,21,0,0,0,0,0,0,0,0,0,0,0,0,0,1,2074,0,0,86,140,0,10,0,0,0
WV,54073,68,0,0,0,1,0,0,0,0,0,0,0,0,0,0,0,0,0,0,0,0,0,0,0,0,0,0,172,0,0,0,0,0,0,0,0,0,0,0,0,0,0,0,0,0,0,0,0,0,3,0,0,0,0,0,0,0,0,0,0,0,0,3168,0,5650,902,351,95,50,70302,482,1,1,4887,0,0,0,0,0,0,0,0,0,0,0,0,0,0,0,0,0,0,0,0,0,0,0,0,0,0,0,0,0,0,0,0,0,0,0,0,0,0,0,0,0,0,0,0,0,0,0,68,0,0,1,0,0,0,0,0,0
WV,54075,635,0,0,0,12,0,0,0,0,0,0,21,0,0,27,0,1,0,0,0,0,0,0,0,0,0,343,14818,0,0,0,0,0,0,0,0,0,0,0,0,0,0,0,0,0,0,2,0,0,19,0,0,0,0,1,0,0,0,0,0,0,0,1013,0,18714,935,209,29,2073,474330,32934,40989,175,15497,4,10,0,0,0,0,0,0,0,0,0,0,0,0,0,0,0,0,0,0,0,0,0,0,2,0,0,0,0,0,0,0,0,0,0,0,0,0,0,0,0,0,0,0,0,0,0,635,0,0,13,21,0,28,0,0,0
WV,54077,3035,0,0,0,573,0,0,0,2,0,0,1,0,0,46,0,0,0,91,0,0,0,0,0,0,0,31,22081,0,0,0,0,7,0,0,0,0,0,0,0,0,0,0,0,0,0,2,0,0,0,0,0,1,0,0,0,0,0,0,0,0,0,1877,0,26248,2509,916,180,1243,321265,3419,380,2,32911,11,48,0,0,0,0,0,0,0,0,0,0,0,0,0,0,0,0,0,0,0,0,0,0,0,0,0,0,0,0,0,0,0,0,0,0,0,0,0,0,0,0,0,0,0,0,2,3035,0,0,575,3,0,46,91,0,0
WV,54079,471,0,0,0,646,0,0,11,0,0,0,0,0,0,2,0,0,0,0,0,0,0,0,0,0,0,4,3591,0,0,0,0,0,31,0,0,0,0,0,0,0,0,0,0,0,0,0,0,0,61,0,0,0,0,0,0,0,0,0,0,0,0,2812,0,15091,7117,2028,597,169,171574,2500,4,14,17520,7,0,0,0,0,0,0,0,0,0,0,0,0,0,0,0,0,0,0,0,0,0,0,0,0,0,0,0,0,0,0,0,0,0,0,0,0,0,0,0,0,0,0,0,0,0,2,471,0,0,648,2,0,2,0,0,0
WV,54081,83,0,0,0,0,0,0,0,3,0,0,0,0,0,0,0,0,4,0,0,0,0,0,0,0,0,28,6178,0,0,0,0,0,0,0,0,0,0,0,0,0,0,0,0,0,0,0,0,0,54,0,0,0,0,0,0,0,0,0,0,0,0,1869,0,17144,11828,5894,1297,2766,295265,17013,600,11,29941,0,2,0,0,0,0,0,0,0,0,0,0,0,0,0,0,0,0,0,0,0,1,0,0,0,0,0,0,0,0,0,0,0,0,0,0,0,0,0,0,0,0,0,0,0,0,0,84,0,0,0,0,0,1,0,0,0
WV,54083,848,0,0,0,86,0,0,0,0,0,0,5,0,0,2,0,0,0,3,0,0,0,0,0,0,0,13,11417,0,0,0,0,5,0,0,0,0,0,0,0,0,0,0,0,0,0,0,0,0,2,0,0,1,0,5,0,0,0,0,0,0,0,765,0,22392,2540,1088,218,6165,543255,23861,35472,79,17218,45,65,0,0,0,0,0,0,0,0,0,0,0,0,0,0,0,0,0,0,0,0,0,0,1,0,0,0,0,0,0,0,2,0,0,0,0,0,0,0,0,0,0,0,0,0,0,850,0,0,86,7,0,2,3,0,0
WV,54085,4,0,0,0,0,0,0,0,0,0,0,0,0,0,0,0,0,0,0,0,0,0,0,0,0,0,2,836,0,0,0,0,0,0,0,0,0,0,0,0,0,0,0,0,0,0,0,0,0,0,0,0,0,0,0,0,0,0,0,0,0,0,149,0,14551,1123,266,26,12,252970,1314,12,2,19022,0,1,0,0,0,0,0,0,0,0,0,0,0,0,0,0,0,0,0,0,0,0,0,0,0,0,0,0,0,0,0,0,0,0,0,0,0,0,0,0,0,0,0,0,0,0,0,4,0,0,0,0,0,0,0,0,0
WV,54087,5,0,0,0,2,0,0,0,0,0,0,0,0,0,0,0,0,0,0,0,0,0,0,0,0,0,0,922,0,0,0,0,0,0,0,0,0,0,0,0,0,0,0,0,0,0,0,0,0,2,0,0,0,0,0,0,0,0,0,0,0,0,113,0,17671,1015,282,41,9,264911,94,0,1,24535,0,0,0,0,0,0,0,0,0,0,0,0,0,0,0,0,0,0,0,0,0,0,0,0,0,0,0,0,0,0,0,0,0,0,0,0,0,0,0,0,0,0,0,0,0,0,0,5,0,0,2,0,0,0,0,0,0
WV,54089,50,0,0,1,0,0,0,0,0,0,0,0,0,0,7,0,0,2,4,0,0,0,0,0,0,0,40,9466,0,0,0,0,0,0,0,0,0,0,0,0,0,0,0,0,0,0,0,0,0,192,0,1,0,0,0,0,0,0,0,0,0,0,3972,0,11373,3030,754,80,165,188701,3137,74,10,14271,1,6,0,0,0,0,0,0,0,0,0,0,0,0,0,0,0,0,0,0,0,0,0,0,1,0,0,0,0,0,0,1,0,0,0,0,0,0,0,0,0,0,0,0,0,0,0,50,0,2,0,0,0,8,4,0,0
WV,54091,4,0,0,0,0,0,0,0,0,0,0,0,0,0,0,0,0,0,0,0,0,0,0,0,0,0,10,1569,0,0,0,0,0,0,0,0,0,0,0,0,0,0,0,0,0,0,0,0,0,0,0,0,0,0,0,0,0,0,0,0,0,0,1990,0,8238,1300,373,73,73,83871,12,22,0,14912,1,0,0,0,0,0,0,0,0,0,0,0,0,0,0,0,0,0,0,0,0,0,0,0,0,0,0,0,0,0,0,0,0,0,0,0,0,0,0,0,0,0,0,0,0,0,2,4,0,0,2,2,0,0,0,0,0
WV,54093,137,0,0,0,5,0,0,0,0,0,0,2,0,0,0,0,0,0,0,0,0,0,0,0,0,0,21,2290,0,0,0,0,0,0,0,0,0,0,0,0,0,0,0,0,0,0,0,0,0,1,0,0,0,0,0,0,0,0,0,0,0,0,1250,0,10821,721,221,33,5077,207371,26734,5080,4,6896,1427,1404,0,0,0,0,0,0,0,0,0,0,0,0,0,0,0,0,0,0,0,0,0,0,0,0,0,0,0,0,0,0,0,0,0,0,0,0,0,0,0,0,0,0,0,0,14,137,0,0,19,16,0,0,0,0,0
WV,54095,33,0,0,0,0,0,0,0,0,0,0,0,0,0,0,0,0,0,0,0,0,0,0,0,0,0,54,2086,0,0,0,0,0,0,0,0,0,0,0,0,0,0,0,0,0,0,0,0,0,4,0,0,0,0,0,0,0,0,0,0,0,0,2560,0,7625,700,188,62,9,140746,232,1,0,12535,0,0,0,0,0,0,0,0,0,0,0,0,0,0,0,0,0,0,0,0,0,0,0,0,0,0,0,0,0,0,0,0,0,0,0,0,0,0,0,0,0,0,0,0,0,0,0,33,0,0,0,0,0,0,0,0,0
WV,54097,64,0,0,0,0,0,0,0,0,0,0,0,0,0,3,0,0,0,0,0,0,0,0,0,0,0,5,3381,0,0,0,0,2,0,0,0,0,0,0,0,0,0,0,0,0,0,0,0,0,0,0,2,2,0,0,0,0,0,0,0,0,0,397,0,14218,2194,862,175,1213,182400,181,272,29,21697,8,4,0,0,0,0,0,0,0,0,0,0,0,0,0,0,0,0,0,0,0,0,0,0,0,0,0,0,0,0,0,0,0,0,0,0,0,0,0,0,0,0,0,0,0,0,0,64,0,0,0,0,0,3,0,0,0
WV,54099,112,0,0,0,8,0,0,1,0,0,0,0,0,0,0,0,0,0,0,0,0,0,0,0,0,0,8,846,0,0,0,0,0,0,0,0,0,0,0,0,0,0,0,0,0,0,0,0,0,8,0,0,0,0,0,0,0,0,0,0,0,0,4226,0,19113,6823,2229,334,518,269944,646,1530,11,21448,1,0,0,0,0,0,0,0,0,0,0,0,0,0,0,0,0,0,0,0,0,0,0,0,0,0,0,0,0,0,0,0,0,0,0,0,0,0,0,0,0,0,0,0,0,0,1,112,0,0,9,1,0,0,0,0,0
WV,54101,19,0,0,0,1,0,0,0,0,0,0,2,0,0,0,0,0,0,0,0,0,0,0,0,0,0,3,1089,0,0,0,0,0,0,0,0,0,0,0,0,0,0,0,0,0,0,0,0,0,0,0,0,0,0,1,0,0,0,0,0,0,0,397,0,13137,786,507,60,2547,327629,625,6211,93,2800,0,10,0,0,0,0,0,0,0,0,0,0,0,0,0,0,0,0,0,0,0,0,0,0,0,0,0,0,0,0,0,0,0,0,0,0,0,0,0,0,0,0,0,0,0,0,0,19,0,0,1,2,0,0,0,0,0
WV,54103,1,0,0,0,0,0,0,0,0,0,0,0,0,0,0,0,0,0,0,0,0,0,0,0,0,0,7,528,0,0,0,0,0,0,0,0,0,0,0,0,0,0,0,0,0,0,0,0,0,0,0,0,0,0,0,0,0,0,0,0,0,0,1641,0,12181,1273,485,146,31,208165,58,0,0,6766,0,0,0,0,0,0,0,0,0,0,0,0,0,0,0,0,0,0,0,0,0,0,0,0,0,0,0,0,0,0,0,0,0,0,0,0,0,0,0,0,0,0,0,0,0,0,0,1,0,0,0,0,0,0,0,0,0
WV,54105,16,0,0,0,0,0,0,0,0,0,0,0,0,0,0,0,0,0,0,0,0,0,0,0,0,0,0,401,0,0,0,0,0,0,0,0,0,0,0,0,0,0,0,0,0,0,0,0,0,4,0,0,0,0,0,0,0,0,0,0,0,0,826,0,8065,446,53,9,24,125186,1185,0,5,14074,0,0,0,0,0,0,0,0,0,0,0,0,0,0,0,0,0,0,0,0,0,0,0,0,0,0,0,0,0,0,0,0,0,0,0,0,0,0,0,0,0,0,0,0,0,0,0,16,0,0,0,0,0,0,0,0,0
WV,54107,511,0,0,0,44,0,0,0,0,0,0,0,0,0,0,0,0,0,0,0,0,0,0,0,0,0,6,1105,0,0,0,0,0,0,0,0,0,0,0,0,0,0,0,0,0,0,0,0,0,41,0,0,0,0,0,0,0,0,0,0,0,0,6699,0,21629,10203,3239,939,20,162987,907,4,3,32901,1,0,0,0,0,0,0,0,0,0,0,0,0,0,0,0,0,0,0,0,0,0,0,0,0,0,0,0,0,0,0,0,0,0,0,0,0,0,0,0,0,0,0,0,0,0,0,511,0,0,44,0,0,0,0,0,0
WV,54109,1,0,0,0,0,0,0,0,0,0,0,0,0,0,0,0,0,0,0,0,0,0,0,0,0,0,0,111,0,0,0,0,0,0,0,0,0,0,0,0,0,0,0,0,0,0,0,0,0,4,0,0,0,0,0,0,0,0,0,0,0,0,932,0,13915,4508,1504,81,2448,275877,6958,1801,4,13012,0,0,0,0,0,0,0,0,0,0,0,0,0,0,0,0,0,0,0,0,0,0,0,0,0,0,0,0,0,0,0,0,0,0,0,0,0,0,0,0,0,0,0,0,0,0,0,1,0,0,0,0,0,0,0,0,0
WI,55001,44161,0,0,4,12029,0,0,0,3991,0,0,9,0,1,1593,0,6,482,248,89,0,0,3,0,0,0,10237,919,0,0,20,3177,10301,0,0,75,0,0,0,19,0,441,0,0,0,7,7,0,0,13,0,0,1,0,28,0,0,0,0,0,0,0,28060,0,24207,4515,323,127,64,158027,37318,12230,5291,50765,15586,14722,0,4,862,119,0,0,0,0,0,0,0,0,0,0,0,2,0,0,0,63,1,0,0,0,0,0,0,0,0,0,0,0,0,0,0,0,1,0,0,0,0,0,0,473,0,44225,0,4,12035,9,0,1662,249,0,0
WI,55003,3160,0,0,11,715,0,0,0,1,0,0,179,0,0,36,0,0,81,274,0,0,4,0,0,0,0,2539,9967,0,0,0,0,4,0,0,0,0,0,0,0,0,0,0,0,0,1,113,0,0,49,0,0,0,0,0,0,0,0,0,0,0,0,10566,0,20984,2059,616,294,48,299944,32587,74178,4824,12050,164709,7107,0,0,0,0,0,0,0,0,0,0,0,0,0,0,0,0,0,0,0,0,0,0,0,0,0,0,0,0,0,0,0,0,0,0,0,0,0,0,0,0,0,0,0,0,0,3160,0,11,715,179,0,36,274,0,0
WI,55005,104309,0,0,30,29734,17,0,0,405,0,0,189,0,552,304,0,51,322,1502,0,0,0,0,0,0,0,31078,8423,0,0,0,5325,444,0,0,0,0,0,0,0,0,0,0,0,0,5,68,0,0,76,0,0,0,0,0,0,0,0,0,0,0,0,19341,0,29830,6416,1429,591,43,198117,3027,2479,675,110369,8265,6166,0,0,0,0,0,0,0,0,0,0,0,0,0,0,0,0,0,0,0,8,0,0,0,0,0,0,0,0,0,0,0,0,0,0,1,0,0,0,0,0,0,0,0,0,0,104318,0,30,29786,189,0,363,1502,0,0
WI,55007,4476,0,0,2,1457,6,0,0,1,0,0,134,0,16,251,0,0,217,340,0,0,302,0,0,0,0,3034,10298,0,0,0,102,0,0,0,0,0,0,0,0,0,0,0,0,0,0,192,0,0,159,0,0,0,0,0,0,0,0,0,0,0,0,24339,0,37235,5531,314,122,23,540616,94799,118625,18054,42114,63327,862,0,6,0,0,0,0,0,0,0,0,0,0,0,0,0,0,0,0,0,3,0,0,0,0,0,0,0,0,0,0,0,0,0,0,0,0,0,0,0,0,0,0,0,0,0,4479,0,2,1457,134,0,254,340,0,0
WI,55009,65924,0,0,75,15758,0,0,0,6,0,0,71,0,0,9569,0,111,13,2969,0,0,0,0,0,0,0,43032,2687,0,0,12,184,2,0,0,0,0,0,0,0,0,72,0,0,0,0,5,5,0,508,0,0,14,0,0,0,0,0,0,0,0,0,3390,0,21866,33124,12466,5630,1115,30216,96,300,113,70159,19162,3039,0,52,1,0,0,0,0,0,0,0,0,0,0,0,0,0,0,0,0,26,0,0,1,0,0,0,0,0,0,0,0,0,0,0,0,0,34,0,0,0,0,0,0,0,0,65950,0,75,15869,71,0,9706,2969,0,0
WI,55011,67440,0,0,198,19573,1,0,0,6,0,0,42,0,18,73,0,3,502,744,0,0,1,0,0,0,0,21616,2647,0,0,0,38,157,12,0,0,0,0,0,0,0,0,0,0,0,91,11,0,0,48,0,0,6,6,0,0,0,0,0,0,0,0,19961,0,15742,2683,375,77,149,203725,1631,47,1522,66102,21381,7491,0,0,0,0,0,0,0,0,0,0,0,0,0,0,0,0,0,0,0,0,0,0,0,0,0,0,0,0,0,0,0,0,0,0,0,0,0,0,0,0,0,0,0,0,0,67440,0,198,19576,42,0,76,744,0,0
WI,55013,18186,0,0,52,6627,27,0,0,1,0,0,63,0,7,8,0,1,126,165,0,0,0,0,0,0,0,5780,3521,0,0,0,137,0,0,0,0,0,0,0,0,0,0,0,0,0,0,3,0,0,119,0,0,0,0,0,0,0,0,0,0,0,0,39537,0,27062,1406,272,88,29,293714,23915,22431,6339,51537,23405,38872,0,0,0,0,0,0,0,0,0,0,0,0,0,0,0,0,0,0,0,0,0,0,0,0,0,0,0,0,0,0,0,0,0,0,0,0,0,0,0,0,0,0,0,0,0,18186,0,52,6628,63,0,9,165,0,0
WI,55015,50666,0,0,113,19869,0,0,0,144,0,0,28,0,0,8609,0,222,28,1779,0,0,0,0,0,0,0,23597,3805,0,1,4,736,0,0,0,0,0,0,0,0,0,1851,0,0,0,0,0,1,0,101,0,0,1,0,0,0,0,0,0,0,0,0,49787,0,8048,9671,2196,436,485,11271,12,47,40,37507,13594,9258,0,50,2,0,0,0,0,0,0,0,0,0,0,0,0,0,0,0,0,117,2,0,0,0,0,0,0,0,0,0,0,0,0,0,0,0,6,0,0,0,0,0,0,0,0,50785,0,113,20091,28,0,8948,1781,0,0
WI,55017,122913,0,0,131,39503,0,0,0,12,0,0,734,0,65,199,0,2,516,2751,0,0,0,0,21,0,0,46901,24152,0,1,0,159,5,4,0,0,0,0,0,0,0,0,0,0,0,209,1177,0,0,403,0,0,70,0,0,0,0,0,0,0,0,0,21963,0,29072,9785,2891,763,69,259632,3525,789,3832,46153,29374,18658,0,4,0,0,0,0,0,0,0,0,0,0,0,0,0,0,0,0,0,0,0,0,2,0,0,0,0,0,0,0,0,0,0,0,0,5,0,0,0,0,0,0,0,0,0,122913,0,131,39505,734,0,201,2751,0,0
WI,55019,152722,0,0,585,29196,0,0,0,10,0,0,235,0,679,3018,0,1,670,2767,0,0,0,0,0,0,0,70767,65393,0,2,0,1,4,0,0,0,0,0,0,0,0,0,0,0,0,4,2592,0,0,1772,0,0,10,0,0,0,0,0,0,0,0,2,3364,0,28535,5077,1091,248,69,338424,13039,4431,3410,25707,9295,17028,0,21,0,0,0,0,0,0,0,0,0,0,0,0,0,0,0,0,0,4,1,0,0,0,0,0,0,0,0,0,0,0,0,0,0,0,0,0,0,0,0,0,0,5,0,152727,0,585,29197,235,0,3023,2768,0,0
WI,55021,142384,0,0,2,38121,0,0,0,527,0,0,109,0,0,10221,0,6,18,480,7,0,0,0,0,0,0,18705,2397,0,0,9,1082,127,0,0,0,2,3,49,4,0,966,0,0,0,207,0,2,0,119,0,0,0,0,147,0,0,0,0,0,0,0,15500,0,18791,10323,1934,618,448,99924,4143,450,1010,64019,18150,57819,0,21,0,6,0,0,0,0,0,0,0,0,0,1,0,0,0,0,0,308,0,0,0,0,0,0,0,0,0,0,0,0,0,0,0,0,0,0,0,0,0,0,0,0,0,142692,0,2,38127,109,0,10535,480,0,0
WI,55023,26573,0,0,16,12307,0,0,0,0,0,0,7,0,12,510,0,0,10,240,0,0,0,0,0,0,0,10952,288,0,0,0,0,0,0,0,0,0,0,0,0,0,0,0,0,0,0,7,0,0,6,8,0,14,0,0,0,0,0,0,0,0,0,22850,0,13120,5051,818,151,132,190424,269,7,301,82245,12611,4563,0,0,0,0,0,0,0,0,0,0,0,0,0,0,0,0,0,0,0,0,0,0,0,0,0,0,0,0,0,0,0,0,0,0,0,0,0,0,0,0,0,0,0,0,0,26573,0,16,12307,7,0,510,240,0,0
WI,55025,195373,0,0,7,68537,58,0,7,477,0,0,29,0,0,14698,0,30,43,1508,28,0,0,0,0,0,0,41513,5678,0,0,1,69,4,90,0,0,0,1,0,0,0,206,0,0,0,2,1,13,0,157,0,0,0,0,2,0,0,0,0,0,0,0,25533,0,40665,48145,16927,5349,882,114214,773,87,1217,175717,5186,28940,0,17,0,0,0,0,0,0,0,0,0,0,0,0,0,0,3,0,0,333,0,0,5,0,0,0,0,0,0,0,0,0,0,0,0,0,0,0,0,0,0,0,0,0,0,195706,0,7,68567,29,0,15061,1508,0,0
WI,55027,137910,0,0,40,63668,0,0,0,2176,4,0,73,0,1,17898,0,39,342,1866,6,0,0,0,0,0,0,32982,8895,0,0,59,550,53,2,0,0,1,14,0,0,0,2515,0,0,0,6,3,9,0,917,1,0,5,0,0,0,0,0,0,0,0,0,22512,0,17605,18148,3843,1059,1507,28975,121,40,57,114488,15240,86751,0,3,0,0,0,4,0,0,0,0,0,0,0,1,0,0,0,0,1,78,0,0,0,0,0,0,0,0,0,2,0,0,0,0,0,0,45,0,0,0,0,0,0,0,0,137988,0,42,63707,73,0,18017,1866,4,0
WI,55029,26462,0,0,142,7662,1,0,0,1,0,0,65,0,35,13248,0,0,0,1729,0,0,0,0,0,0,0,19878,3444,0,0,138,2114,0,0,0,0,0,0,0,0,0,1959,0,0,0,0,6,0,0,488,381,0,2,0,0,0,0,0,0,0,0,0,4997,0,14486,8515,1016,356,1120,42562,203,3478,240,87299,68628,1528,0,278,0,0,0,0,0,0,0,0,0,0,0,0,0,0,0,0,0,44,0,0,0,0,0,0,0,0,0,2,0,0,0,0,0,0,0,0,0,0,0,0,0,0,0,26506,0,144,7662,65,0,13294,1729,0,0
WI,55031,265,0,0,0,791,0,0,0,0,0,0,1,0,69,436,0,0,296,164,0,0,1,0,0,0,0,305,3671,0,0,0,2,0,0,0,0,0,0,0,0,0,0,0,0,0,0,112,0,0,1,0,0,0,0,0,0,0,0,0,0,0,0,23203,0,32349,11188,1800,344,60,454485,60561,67636,31153,44035,119599,2918,0,0,0,0,0,0,0,0,0,0,0,0,0,0,0,0,0,0,0,0,0,0,0,0,0,0,0,0,0,0,0,0,0,0,0,0,0,0,0,0,0,0,0,0,0,265,0,0,791,1,0,436,164,0,0
WI,55033,112043,0,0,39,50477,31,0,0,15,0,0,248,0,128,69,0,0,1418,3073,0,0,0,0,0,0,0,29528,6225,0,0,0,2109,1757,6,0,0,0,0,0,0,0,0,0,0,0,175,10,0,0,46,0,0,1,22,0,0,0,0,0,0,0,0,7959,0,24861,5666,977,427,130,181014,7171,931,1791,91881,10927,11743,0,0,0,0,0,0,0,0,0,0,0,0,0,0,0,0,0,0,0,0,0,0,0,0,0,0,0,0,0,0,0,0,0,0,0,0,0,0,0,0,0,0,0,0,0,112043,0,39,50477,248,0,69,3073,0,0
WI,55035,58198,0,0,36,20822,0,0,0,1,0,0,67,0,17,246,0,0,1066,2580,0,0,0,0,0,0,0,19759,7545,0,0,0,25,0,0,0,0,0,0,0,0,0,0,0,0,0,14,66,0,0,694,0,0,35,12,5,0,0,0,0,0,0,1,5442,0,22228,10547,3397,1565,62,175126,12097,3977,4201,48805,6872,7454,0,2,0,0,0,0,0,0,0,0,0,0,0,0,0,0,0,0,0,0,0,0,0,0,0,0,0,0,0,0,0,0,0,0,0,2,0,0,0,0,0,0,0,0,0,58198,0,36,20822,67,0,246,2580,0,0
WI,55037,940,0,0,0,98,0,0,0,0,0,0,0,0,0,126,0,2,0,81,0,0,0,0,0,0,0,1665,3091,0,0,0,4,4,0,0,0,0,0,0,0,0,28,0,0,0,0,4,0,0,75,0,0,0,0,0,0,0,0,0,0,0,0,7734,0,9162,571,75,43,29,170428,3559,8877,473,5549,102689,3050,0,8,0,0,0,0,0,0,0,0,0,0,0,0,0,0,0,0,0,0,0,0,0,0,0,0,0,0,0,0,0,0,0,0,0,0,0,4,0,0,0,0,0,0,0,940,0,0,100,0,0,128,81,0,0
WI,55039,100345,0,0,6,39598,2,0,0,4601,0,0,96,0,4,18325,0,23,390,1780,0,0,0,0,0,0,0,39167,6892,0,0,423,937,2,0,0,0,0,0,0,0,0,4024,0,0,0,0,12,1,0,854,0,0,4,0,0,0,0,0,0,0,0,0,27630,0,17010,17831,5021,1460,1560,23250,623,14,188,87881,29726,59980,0,8,0,0,0,0,0,0,0,0,0,0,0,3,0,0,0,0,0,310,1,0,0,0,0,0,0,0,0,1,0,0,0,0,0,0,89,0,0,0,0,0,0,0,0,100656,0,7,39621,96,0,18659,1781,0,0
WI,55041,2113,0,0,2,286,0,0,0,15,0,0,2,0,0,91,0,0,1,146,1,0,0,0,0,0,0,2191,2734,0,0,0,30,144,0,0,0,0,0,0,0,0,76,0,0,0,0,101,0,0,460,0,0,0,0,2,0,0,0,0,0,0,0,22472,0,18358,1218,148,75,87,328311,11419,18634,762,3978,242686,13115,0,17,0,0,0,0,0,0,0,0,0,0,0,0,0,0,0,0,0,0,0,0,0,0,0,0,0,0,0,0,0,0,0,0,0,0,0,0,0,0,0,0,0,0,0,2113,0,2,286,2,0,91,146,0,0
WI,55043,130453,0,0,66,46890,0,0,0,3,0,0,26,0,12,2034,0,14,29,570,20,0,0,0,0,0,0,27487,1404,0,0,0,3,2,0,0,3,0,0,2,0,0,1,0,0,0,0,9,0,0,33,0,0,8,0,0,0,0,0,0,0,0,0,22139,0,25642,14174,1707,259,377,190661,1065,39,429,273907,13709,4071,0,31,0,2,0,0,0,0,0,0,0,0,0,0,0,0,0,0,0,7,0,0,0,0,0,0,0,0,5,1,5,0,0,0,0,0,0,0,0,0,0,0,0,0,0,130465,0,72,46904,36,0,2056,570,0,0
WI,55045,102272,0,0,62,36141,0,0,0,332,0,0,25,0,0,7242,0,36,143,1737,0,0,0,0,0,0,0,26792,2926,0,0,0,0,1,1,0,0,0,0,0,0,0,8,0,0,0,0,3,23,0,11,0,0,0,0,0,0,0,0,0,0,0,0,813,0,13069,7369,1006,340,77,41267,137,1,176,125246,2551,4030,0,13,0,0,0,0,0,0,0,0,0,0,0,0,0,0,0,0,0,172,0,0,0,0,0,0,0,0,0,3,0,0,0,26,0,0,0,0,0,0,0,0,0,0,0,102444,0,65,36203,25,0,7453,1763,0,0
WI,55047,60036,0,0,8,12059,0,0,0,2666,0,0,3,0,52,6306,0,3,14,417,3,0,0,0,0,0,0,9258,2012,0,0,344,1424,29,0,0,0,0,0,0,8,0,1749,0,0,0,12,0,1,0,246,0,0,0,0,66,0,0,0,0,0,0,0,17968,0,6910,4207,482,171,299,29112,813,105,79,23220,11055,52202,0,6,0,0,0,0,0,0,0,0,0,0,0,0,0,0,0,0,0,136,0,0,0,0,0,0,0,0,0,0,0,0,0,0,0,0,50,0,0,0,0,0,0,0,0,60172,0,8,12062,3,0,6445,417,0,0
WI,55049,72150,0,0,57,26805,0,0,0,6,0,0,28,0,1,2683,0,5,18,348,21,0,0,0,0,0,0,19945,1631,0,0,0,2,544,53,0,5,0,0,0,0,0,306,0,0,0,0,2,1,0,2,0,0,7,0,0,0,0,0,0,0,0,0,3722,0,18666,5263,731,127,411,146557,1325,97,961,176462,8112,4402,0,47,0,0,0,1,0,0,0,0,0,0,0,0,0,0,10,0,0,41,0,0,0,0,0,0,0,0,1,0,0,0,0,0,0,0,0,0,0,0,0,0,0,0,0,72191,0,58,26810,29,0,2729,348,1,0
WI,55051,921,0,0,0,22,0,0,0,0,0,0,25,0,1,6,0,0,27,12,0,0,0,0,0,0,0,252,2582,0,0,0,0,0,0,0,0,0,0,0,0,0,0,0,0,0,0,28,0,0,4,0,0,0,0,0,0,0,0,0,0,0,0,32476,0,15345,1219,148,73,148,230219,8704,30252,1940,1707,178156,9412,0,0,0,0,0,0,0,0,0,0,0,0,0,0,0,0,0,0,0,0,0,0,0,0,0,0,0,0,0,0,0,0,0,0,0,0,0,0,0,0,0,0,0,0,0,921,0,0,22,25,0,6,12,0,0
WI,55053,60451,0,0,119,17923,0,0,0,8,0,0,18,0,6,350,0,4,82,769,0,0,0,0,0,0,0,20870,3629,0,0,0,4,2,0,0,0,0,0,0,0,0,0,0,0,0,3,41,1,0,37,0,0,22,0,3,0,0,0,0,0,0,0,10400,0,27683,3556,621,198,278,304102,54172,11622,7564,60849,18212,36208,0,0,0,0,0,0,0,0,0,0,0,0,0,0,0,0,0,0,0,0,0,0,0,0,0,0,0,0,0,0,0,0,0,0,0,15,0,0,0,0,0,0,0,223,0,60451,0,119,17927,18,0,354,769,0,0
WI,55055,86630,0,0,1,49029,3,0,0,91,15,0,5,0,0,9131,0,11,57,558,14,0,0,0,0,0,0,15161,4307,0,0,0,14,43,1,0,0,0,0,0,0,0,3,0,0,0,30,0,141,0,310,6,0,1,0,0,0,0,0,0,0,0,0,18170,0,11407,14525,2849,932,509,33241,434,75,220,63645,21092,40297,0,0,0,0,0,1,0,0,0,0,13,0,0,0,0,0,4,0,9,14,2,0,0,0,0,0,0,0,0,0,0,0,0,0,0,0,1,0,0,0,0,0,0,0,0,86646,0,1,49040,5,0,9156,560,1,0
WI,55057,45623,0,0,34,18326,0,0,0,524,0,0,18,0,2,4102,0,24,129,376,0,0,0,0,0,0,0,12421,1740,0,0,0,746,2624,0,0,2,0,0,2,185,0,88,0,0,0,17,1,0,0,35,0,0,1,0,3,0,0,0,0,0,0,0,23839,0,23672,5904,1133,375,183,194580,20471,4499,6526,75208,38268,32736,0,1,22,8,0,0,0,0,0,0,0,0,0,1,0,0,0,0,0,0,3,0,0,0,0,0,0,0,0,0,0,0,0,0,71,0,0,0,0,0,0,0,0,137,0,45697,0,34,18421,18,0,4126,379,0,0
WI,55059,34506,0,0,0,21469,0,0,0,23,0,0,0,0,0,7510,0,1,4,40,1,0,0,0,0,0,0,4514,1142,0,0,2,33,0,22,0,0,43,0,0,0,0,0,0,0,0,0,0,15,0,48,0,0,0,0,0,0,0,0,0,0,0,0,4817,0,13949,14100,9206,3354,502,23127,98,635,197,25275,8274,3939,0,0,0,0,0,4,0,0,0,0,0,0,0,58,0,0,0,0,2,14,0,0,20,0,0,0,0,0,0,0,0,0,0,0,0,0,1017,0,0,0,0,0,0,0,0,34520,0,0,21470,0,0,7525,40,4,0
WI,55061,47583,0,0,34,8713,71,0,0,0,0,0,120,0,0,10990,0,1,1,3185,0,0,9,0,0,0,0,34136,2714,0,0,203,1032,0,0,0,0,0,0,0,0,0,23,0,0,0,0,0,0,0,166,2,0,1,0,0,0,0,0,0,0,0,0,584,0,5029,7249,797,255,493,11673,65,2385,49,56415,24270,508,0,1212,0,0,0,0,0,0,0,0,0,0,0,0,0,0,0,0,0,216,0,0,0,0,0,0,0,0,0,0,7,0,0,0,0,0,2,0,0,0,0,0,0,0,0,47806,0,34,8714,127,0,11207,3185,0,0
WI,55063,30903,0,0,6,11071,0,0,0,18,0,0,2,0,1,159,0,0,249,260,0,0,0,0,0,0,0,9041,1151,0,0,0,3,0,0,0,0,0,0,0,0,0,0,0,0,0,1,4,3,17,11,0,0,11,0,0,0,0,0,0,0,0,0,20318,0,10306,12842,6241,1773,179,130530,3573,183,1003,49395,11813,6075,0,0,0,0,0,0,0,0,0,0,0,0,0,0,0,0,0,0,0,0,0,0,0,0,0,0,0,0,0,0,0,0,0,0,0,1,0,0,0,0,0,0,0,1,0,30903,0,6,11071,2,0,159,260,0,0
WI,55065,133871,0,0,22,37574,0,0,0,1,0,0,66,0,0,4347,0,13,45,169,0,0,0,0,0,0,0,17308,1552,0,0,0,3,5,0,0,2,0,0,0,0,0,0,0,0,0,0,3,1,0,2,0,0,0,0,0,0,0,0,0,0,0,0,755,0,14044,4645,447,102,95,37883,32,0,117,151160,314,1510,0,4,0,0,0,0,0,0,0,0,0,0,0,0,0,0,0,0,0,10,0,0,0,0,0,0,0,0,0,0,0,0,0,0,12,0,0,0,0,0,0,0,0,0,0,133893,0,22,37599,66,0,4370,169,0,0
WI,55067,20267,0,0,48,4139,0,0,0,2809,0,0,195,0,1,1982,0,3,26,5864,0,0,0,0,0,0,0,13638,6121,10,0,0,2589,10126,0,0,0,0,0,0,0,0,4358,0,0,0,7,1731,0,0,2119,0,0,0,0,0,0,0,0,0,0,0,0,10108,0,19985,2829,438,245,112,300674,3291,19844,695,10122,113033,10292,0,517,3,0,0,0,0,0,0,0,0,0,0,0,0,1,0,0,0,0,0,0,0,0,0,0,0,0,0,0,0,0,0,0,0,0,11,0,0,0,0,0,0,0,0,20267,0,48,4142,195,0,1985,5864,0,0
WI,55069,16954,0,0,11,3195,0,0,0,59,0,0,162,0,155,388,0,0,296,491,0,0,0,0,0,0,0,11075,10830,294,0,0,20,156,17,0,0,0,0,0,0,0,190,0,0,0,61,658,0,0,269,0,0,0,0,0,0,0,0,0,0,0,3,16538,0,22313,3518,750,363,38,303381,9801,33208,1846,10745,108551,24137,0,25,0,0,0,0,0,0,0,0,0,0,0,0,0,0,0,0,0,0,0,0,0,0,0,0,0,0,0,0,0,0,0,0,0,0,0,0,0,0,0,0,0,0,0,16954,0,11,3195,162,0,388,491,0,0
WI,55071,74533,0,0,66,21744,0,0,0,34,0,0,135,0,6,13655,0,159,127,5325,0,0,0,0,0,0,0,43847,5014,0,0,514,1491,0,0,0,0,0,0,0,0,0,137,0,0,0,0,0,1,0,63,19,0,2,0,0,0,0,0,0,0,0,0,2752,0,13486,16023,4603,1349,1505,22885,30,1168,139,97004,46242,6744,0,71,10,0,0,0,0,0,0,0,0,0,0,0,0,2,0,0,0,216,0,0,6,0,0,0,0,0,0,0,0,0,0,0,0,0,5,0,0,0,0,0,0,0,0,74749,0,66,21903,135,0,14030,5325,0,0
WI,55073,173715,0,0,473,36962,62,0,0,2054,0,0,424,0,1088,1876,0,41,1300,2614,8,0,24,8,0,0,0,85011,65240,370,1,1,376,1317,8,0,0,0,0,1,10,0,568,0,0,0,980,3016,0,0,1892,0,0,0,0,3,0,0,0,0,0,0,25,20250,0,46380,15913,4109,2044,137,408677,8764,6473,2461,31577,61563,20689,0,46,6,0,0,0,0,0,0,0,0,0,0,0,0,2,0,0,0,78,57,0,0,0,0,0,0,0,0,5,0,0,0,0,0,0,4,0,0,0,0,0,0,17,0,173850,0,478,37003,424,0,2000,2671,0,0
WI,55075,42266,0,0,2,5497,8,0,0,765,0,0,15,0,5,2330,0,3,19,678,0,0,0,0,0,0,0,20648,7637,0,0,1,477,367,0,0,0,0,0,0,0,0,22,73,0,0,2,4,0,0,160,8,0,1,0,0,0,0,0,0,0,0,0,18765,0,40619,5970,1821,761,593,371566,5452,9657,2707,41643,319783,14484,0,19,0,0,0,0,0,0,0,0,0,0,0,0,0,1,34,0,0,24,0,0,39,0,0,0,0,0,0,0,0,0,0,0,0,0,5,34,0,0,0,0,0,0,0,42290,0,2,5500,15,0,2357,678,0,0
WI,55077,48064,0,0,1,9754,1,0,0,34,0,0,1,0,0,2129,0,7,140,105,0,0,0,0,0,0,0,12640,1437,0,0,0,244,617,5,0,0,0,3,123,54,0,10,0,0,0,727,2,48,0,70,0,0,0,0,2077,0,0,0,0,0,0,0,8387,0,11819,3451,431,60,104,91564,8694,1417,432,16962,27876,47611,0,0,54,0,0,0,0,0,0,0,0,0,0,0,0,2,0,0,0,55,4,0,0,0,0,0,0,0,0,0,0,0,0,0,0,0,0,0,0,0,0,0,0,2,0,48123,0,1,9761,1,0,2191,109,0,0
WI,55078,150,0,0,0,34,0,0,0,0,0,0,0,0,0,3,0,0,0,0,0,0,0,0,0,0,0,44,60,0,0,0,0,0,0,0,0,0,0,0,0,0,0,0,0,0,0,0,0,0,155,0,0,0,0,0,0,0,0,0,0,0,0,5200,0,8909,269,55,23,12,111888,5206,4118,196,797,95804,662,0,0,0,0,0,0,0,0,0,0,0,0,0,0,0,0,0,0,0,0,0,0,0,0,0,0,0,0,0,0,0,0,0,0,0,0,0,0,0,0,0,0,0,0,0,150,0,0,34,0,0,3,0,0,0
WI,55079,2178,0,0,0,2463,0,0,0,14,0,0,0,0,0,577,0,0,0,6,0,0,0,0,0,0,0,354,316,0,0,0,3,0,1,0,0,2,0,0,0,0,0,0,0,0,0,0,2,0,11,0,0,0,0,0,0,0,0,0,0,0,0,759,0,20888,49884,36577,15393,356,12363,10,95,224,7178,4855,746,0,0,0,0,0,0,0,0,0,0,0,0,0,2,0,0,0,0,0,0,0,0,0,0,0,0,0,0,0,0,0,0,0,0,0,0,93,0,0,0,0,0,0,0,0,2178,0,0,2463,0,0,577,6,0,0
WI,55081,57406,0,0,131,15527,0,0,0,16,0,0,33,0,6,1189,0,0,73,1220,0,0,0,0,0,0,0,26359,822,0,0,0,8,12,0,0,0,0,0,0,0,0,0,0,0,0,5,52,0,0,32,0,0,0,0,0,0,0,0,0,0,0,0,5243,0,24551,10662,2130,466,366,257070,17312,1812,3758,139369,4632,10825,0,0,0,0,0,0,0,0,0,0,0,0,0,0,0,0,0,0,0,1,1,0,0,0,0,0,0,0,0,0,0,0,0,0,6,3,0,0,0,0,0,0,0,205,0,57414,0,131,15533,33,0,1190,1221,0,0
WI,55083,67674,0,0,20,19520,18,0,0,10,0,0,67,0,6,6876,0,20,51,1155,5,0,0,0,0,0,0,33090,8924,0,0,28,2242,411,0,0,0,0,0,0,0,0,61,22,0,0,46,20,1,0,614,1,0,1,0,0,0,0,0,0,0,0,0,13311,0,28943,5492,1193,346,648,212933,11527,2427,907,40842,178582,12753,0,29,28,0,0,0,0,0,0,0,0,0,0,0,0,3,9,0,0,39,55,0,4,0,0,0,0,0,0,0,0,0,0,0,0,0,53,2,0,0,0,0,0,0,0,67768,0,20,19540,67,0,6935,1210,0,0
WI,55085,2201,0,0,3,998,0,0,0,70,0,0,3,0,0,551,0,0,32,647,7,0,0,0,0,0,0,789,1652,42,0,0,178,1429,0,0,0,0,0,0,0,0,461,0,0,0,1,806,0,0,286,0,0,0,0,0,0,0,0,0,0,0,2,77832,0,25266,3655,938,478,151,244224,16814,75929,853,3941,281299,49328,0,80,1,0,0,0,0,0,0,0,0,0,0,0,0,0,0,0,0,0,0,0,0,0,0,0,0,0,0,0,0,0,0,0,0,0,0,0,0,0,0,0,0,2,0,2201,0,3,998,3,0,551,647,0,0
WI,55087,87161,0,0,27,39675,0,0,0,25,0,0,40,0,1,10617,0,12,30,1218,0,0,0,0,0,0,0,36226,6638,0,0,4,131,5,0,0,0,0,0,0,0,0,147,1,0,0,0,4,103,0,766,1,0,2,0,0,0,0,0,0,0,0,0,3712,0,18784,25400,9030,3565,1183,38894,226,166,30,65661,36457,24568,0,36,0,0,0,0,0,0,0,0,0,0,0,0,0,19,0,0,0,13,0,0,0,0,0,0,0,0,0,1,0,0,0,0,0,0,1952,0,0,0,0,0,0,0,0,87174,0,28,39687,40,0,10643,1218,0,0
WI,55089,19394,0,0,51,8562,0,0,0,99,0,0,10,0,3,6748,0,7,20,627,2,0,0,0,0,0,0,8981,2526,0,0,12,94,0,0,0,0,13,0,0,0,0,245,0,0,0,0,0,4,0,448,8,0,46,0,0,0,0,0,0,0,0,0,1494,0,12112,12844,4105,944,518,16788,44,42,402,33193,16756,3372,0,5,0,0,0,1,0,0,0,0,0,0,0,8,0,0,6,0,0,7,0,0,1,0,0,0,0,0,0,0,0,0,0,0,0,0,74,0,0,0,0,0,0,0,0,19401,0,51,8569,10,0,6762,627,1,0
WI,55091,31167,0,0,10,11660,2,0,0,0,0,0,48,0,7,16,0,0,425,435,0,0,0,0,0,0,0,7599,1307,0,0,0,101,396,0,0,0,0,0,0,0,0,0,0,0,0,1,3,13,0,7,0,0,0,16,0,0,0,0,0,0,0,0,10704,0,6407,1419,170,51,92,54139,408,33,280,23463,5609,3161,0,0,0,0,0,0,0,0,0,0,0,0,0,0,0,0,0,0,0,0,0,0,0,0,0,0,0,0,0,0,0,0,0,0,0,0,0,0,0,0,0,0,0,0,0,31167,0,10,11660,48,0,16,435,0,0
WI,55093,78484,0,0,25,36003,0,0,0,16,0,0,661,0,36,104,0,0,187,1790,0,0,0,0,0,0,0,16501,2437,0,4,0,137,22,0,0,0,0,0,0,0,0,0,0,0,0,2,6,5,0,112,0,0,0,21,0,0,0,0,0,0,0,0,10796,0,17209,6458,768,197,154,102740,865,75,461,97451,3632,1300,0,0,0,0,0,0,0,0,0,0,0,0,0,0,0,0,0,0,0,0,0,0,0,0,0,0,0,0,0,0,0,0,0,0,0,0,0,0,0,0,0,0,0,0,0,78484,0,25,36003,661,0,104,1790,0,0
WI,55095,71305,0,0,97,22406,0,0,0,26,0,0,231,0,347,37,0,1,513,687,0,0,0,0,0,0,0,21126,5220,0,0,0,1759,11,0,0,0,0,0,0,0,0,0,0,0,0,1,6,0,0,135,0,0,0,3,0,0,0,0,0,0,0,0,26293,0,28810,3332,814,272,84,269258,5287,1875,942,133365,6972,10851,0,10,0,0,0,0,0,0,0,0,0,0,0,0,0,0,0,0,0,0,0,0,0,0,0,0,0,0,0,0,0,0,0,0,0,0,0,0,0,0,0,0,0,0,0,71305,0,97,22407,231,0,38,687,0,0
WI,55097,71779,0,0,94,9945,2,0,0,20440,0,0,93,0,48,1039,0,9,1173,780,68,0,1,2,0,0,0,37441,8463,117,0,158,11964,17079,0,0,0,0,0,0,96,0,3236,0,0,0,69,170,0,0,66,0,0,0,0,375,0,0,0,0,0,0,3,10971,0,24562,10488,2179,983,234,174043,17950,4781,1098,47786,29502,15749,0,4,1279,0,0,0,0,0,0,0,0,0,0,0,0,2,0,0,0,16,0,0,0,0,0,0,0,0,0,0,0,0,0,0,1,1,53,0,0,0,0,0,0,159,0,71796,0,94,9955,93,0,1064,780,0,0
WI,55099,8108,0,0,27,1114,0,0,0,2,0,0,19,0,28,49,0,0,88,430,0,0,0,0,0,0,0,3165,24025,0,0,0,4,3,0,0,0,0,0,0,0,0,0,0,0,0,1,871,0,0,123,0,0,0,0,0,0,0,0,0,0,0,3,19025,0,22937,1886,363,143,28,404436,8153,36776,3063,6622,242819,33851,0,8,0,0,0,0,0,0,0,0,0,0,0,0,0,0,0,0,0,0,0,0,0,0,0,0,0,0,0,0,0,0,0,0,0,0,0,0,0,0,0,0,0,3,0,8108,0,27,1114,19,0,49,430,0,0
WI,55101,41785,0,0,0,32384,0,0,0,28,0,0,0,0,0,9851,0,1,5,34,1,0,0,0,0,0,0,4771,1125,0,0,1,49,0,24,0,0,7,0,0,0,0,2,0,0,0,0,0,175,0,73,0,0,0,0,0,0,0,0,0,0,0,0,4956,0,11863,17995,10574,4326,1115,29459,68,326,252,30774,9369,4081,0,0,0,0,0,6,0,0,0,0,0,0,0,374,0,0,0,0,0,15,0,0,11,0,0,0,0,0,0,0,0,0,0,0,0,0,1995,0,0,0,0,0,0,0,0,41800,0,0,32385,0,0,9867,34,6,0
WI,55103,34810,0,0,37,10355,0,0,0,0,0,0,1,0,1,1168,0,5,79,379,31,0,0,0,0,0,0,13512,2921,0,0,0,3,215,0,0,0,0,0,1,0,0,2,0,0,0,0,1,1,0,1,0,0,14,0,0,0,0,0,0,0,0,0,1811,0,13319,4822,356,106,248,176390,1030,70,975,106710,4834,2982,0,8,0,0,0,0,0,0,0,0,0,0,0,0,0,0,0,0,0,3,0,0,0,0,0,0,0,0,0,1,1,0,0,0,0,0,0,0,0,0,0,0,0,0,0,34814,0,38,10360,2,0,1177,379,0,0
WI,55105,163966,0,0,2,80234,12,0,4,1235,3,0,8,0,0,13228,0,8,59,532,0,0,0,0,0,0,0,17350,4175,0,0,0,183,0,38,0,0,0,0,0,0,0,234,0,0,0,225,0,136,0,800,0,0,0,0,2,0,0,0,0,0,0,0,4575,0,20564,23586,4625,2335,641,42963,234,28,655,65969,4999,11075,0,1,0,0,0,0,0,0,0,0,0,0,0,0,0,0,16,0,0,63,1,0,0,0,0,0,0,0,0,0,0,0,0,2,0,0,0,0,0,0,0,0,0,0,0,164030,0,2,80244,8,0,13299,535,0,0
WI,55107,34417,0,0,57,8116,3,0,0,6,0,0,84,0,19,153,0,0,114,1192,0,0,0,0,0,0,0,13225,21842,0,0,0,21,3,1,0,0,0,0,0,0,0,0,0,0,0,6,1680,0,0,107,0,0,2,0,0,0,0,0,0,0,0,0,13936,0,20021,2789,337,174,31,356450,1456,1548,4714,22782,71174,19264,0,18,0,0,0,0,0,0,0,0,0,0,0,0,0,0,0,0,0,0,0,0,7,0,0,0,0,0,0,0,0,0,0,0,2,0,0,0,0,0,0,0,0,0,0,34419,0,57,8118,84,0,153,1192,0,0
WI,55109,91283,0,0,104,41502,0,0,0,433,0,0,289,0,234,127,0,2,413,3137,0,0,0,0,0,0,0,26402,7723,0,1,0,1145,10,0,0,0,0,0,0,0,0,0,0,0,0,5,52,1,0,119,0,0,0,1,0,0,0,0,0,0,0,0,8450,0,25139,8770,2506,686,149,97009,5951,179,362,144744,1457,2446,0,10,0,0,0,0,0,0,0,0,0,0,0,0,0,0,0,0,0,0,0,0,2,0,0,0,0,0,0,0,0,0,0,0,0,0,0,0,0,0,0,0,0,0,0,91283,0,104,41504,289,0,129,3137,0,0
WI,55111,83019,0,0,70,25757,0,0,0,25,0,0,48,0,0,5429,0,63,91,1335,0,0,0,0,0,0,0,25138,4364,0,0,0,15,485,153,0,1,0,0,165,1,0,8,0,0,0,284,4,7,0,31,0,0,86,0,3,0,0,0,0,0,0,0,7440,0,24056,10569,2473,1037,565,206739,4541,985,2516,118452,9862,7137,0,11,0,0,0,0,0,0,0,0,0,0,0,1,0,0,3,0,0,21,1,0,0,0,0,0,0,0,0,0,0,0,0,0,1,0,0,0,0,0,0,0,0,1,0,83042,0,70,25821,48,0,5513,1336,0,0
WI,55113,8604,0,0,74,1885,15,0,0,1,0,0,15,0,2,45,0,0,51,464,0,0,2,0,0,0,0,3206,4517,0,0,0,26,0,0,0,0,0,0,0,0,0,0,0,0,0,0,362,0,0,33,0,0,0,0,0,0,0,0,0,0,0,0,64458,0,28947,2631,397,146,13,478352,27996,47069,3864,15923,167818,7259,0,0,0,0,0,0,0,0,0,0,0,0,0,0,0,0,0,0,0,0,0,0,1,0,0,0,0,0,0,0,0,0,0,0,0,0,0,0,0,0,0,0,0,2,0,8604,0,74,1885,15,0,45,464,0,0
WI,55115,94322,0,0,86,19883,105,0,0,54,0,0,167,0,14,4531,0,4,20,2643,6,0,0,0,0,0,0,45660,8732,7,0,1,414,121,1,0,0,0,0,0,0,0,119,2,0,0,2,83,17,0,4167,0,0,6,0,1,0,0,0,0,0,0,0,10918,0,23965,6469,1551,345,498,173511,2500,2078,611,43985,124661,9508,0,125,0,0,0,0,0,0,0,0,0,0,0,0,0,0,3,0,0,34,1,0,10,0,0,0,0,0,0,1,0,0,0,0,0,0,22,0,0,0,0,0,0,2,0,94357,0,87,19887,167,0,4570,2644,0,0
WI,55117,49101,0,0,41,26073,0,0,0,815,0,0,64,0,2,14648,0,25,17,1680,0,0,0,0,0,0,0,30968,5138,0,0,69,1194,0,0,0,0,0,0,0,0,0,1508,0,0,0,0,2,0,0,385,28,0,3,0,0,0,0,0,0,0,0,0,2235,0,12345,16498,6433,1859,1281,40402,607,56,261,72155,34952,10281,0,30,1,0,0,0,0,0,0,0,0,0,0,0,0,1,0,0,0,83,0,0,0,0,0,0,0,0,0,0,0,0,0,0,0,0,11,0,0,0,0,0,0,0,0,49184,0,41,26098,64,0,14756,1680,0,0
WI,55119,58024,0,0,144,10083,0,0,0,26,0,0,139,0,322,403,0,0,283,2379,19,0,0,0,0,0,0,21461,43995,0,0,0,23,12,0,0,0,0,0,0,0,0,0,0,0,0,11,2196,0,0,992,0,0,2,0,0,0,0,0,0,0,0,6,8475,0,22167,2668,445,214,48,329423,4238,15147,2817,11568,75596,16712,0,7,0,0,0,0,0,0,0,0,0,0,0,0,0,0,0,0,0,2,3,0,12,0,0,0,0,0,0,0,0,0,0,0,0,0,0,0,0,0,0,0,0,4,0,58029,0,144,10083,139,0,405,2382,0,0
WI,55121,89763,0,0,13,30414,0,0,0,766,0,0,24,0,31,255,0,0,431,750,0,0,0,0,0,0,0,24672,2643,0,0,0,13,0,1,0,0,0,0,0,0,0,0,0,0,0,11,26,1,0,89,0,0,50,1,2,0,0,0,0,0,0,0,6058,0,17516,4627,865,268,207,188447,5359,102,4719,84629,6187,5901,0,0,0,0,0,0,0,0,0,0,0,0,0,0,0,0,0,0,0,0,14,0,0,0,0,0,0,0,0,0,0,0,0,0,0,2,0,0,0,0,0,0,0,0,0,89777,0,13,30414,24,0,255,764,0,0
WI,55123,48416,0,0,21,21746,0,0,0,3,0,0,18,0,4,540,0,0,18,506,0,0,0,0,0,0,0,18249,1508,0,0,0,3,2,0,0,1,0,0,0,0,0,0,0,0,0,0,5,2,1,3,0,0,8,3,0,0,0,0,0,0,0,0,15322,0,19100,7784,736,99,444,221062,1634,28,2018,158473,2492,2239,0,0,0,0,0,0,0,0,0,0,0,0,0,0,0,0,0,0,0,0,4,0,0,0,0,0,0,0,0,0,0,0,0,0,0,0,0,0,0,0,0,0,0,2,0,48420,0,21,21746,18,0,540,510,0,0
WI,55125,254,0,0,0,121,0,0,0,3,0,0,1,0,0,9,0,0,1,251,0,0,0,0,0,0,0,157,1166,0,0,0,13,348,0,0,0,0,0,0,0,0,16,0,0,0,2,317,0,0,123,0,0,0,0,0,0,0,0,0,0,0,0,98321,0,33835,2213,426,203,205,196494,19145,66037,558,2558,209770,18857,0,4,0,0,0,0,0,0,0,0,0,0,0,0,0,0,0,0,0,0,0,0,0,0,0,0,0,0,0,0,0,0,0,0,0,0,0,0,0,0,0,0,0,1,0,254,0,0,121,1,0,9,251,0,0
WI,55127,108154,0,0,5,48737,2,0,1,225,0,0,1,0,0,10551,0,111,21,166,1,0,0,0,0,0,0,11823,2074,0,0,0,7,0,96,0,0,1,0,0,0,0,167,0,0,0,0,0,256,0,105,0,0,0,0,18,0,0,0,0,0,0,0,14722,0,19314,17046,3435,1114,1000,55684,1019,379,122,52887,9867,9625,0,0,0,0,0,18,0,0,0,0,0,0,0,16,0,0,0,0,1,64,0,0,23,0,0,0,0,0,0,0,0,0,0,0,0,0,97,0,0,0,0,0,0,0,0,108218,0,5,48848,1,0,10726,166,18,0
WI,55129,15932,0,0,16,5237,79,0,0,0,0,0,14,0,459,5,0,1,173,191,0,0,0,0,0,0,0,4311,3595,0,0,0,203,0,1,0,0,0,0,0,0,0,0,0,0,0,0,148,0,0,27,0,0,0,0,0,0,0,0,0,0,0,0,33962,0,24873,2977,553,163,7,326270,18910,23582,1452,40177,39047,3582,0,0,0,0,0,0,0,0,0,0,0,0,0,0,0,0,0,0,0,0,0,0,0,0,0,0,0,0,0,0,0,0,0,0,4,0,0,0,0,0,0,0,0,0,0,15936,0,16,5242,14,0,6,191,0,0
WI,55131,32621,0,0,11,18170,0,0,0,75,0,0,64,0,2,7016,0,1,23,1183,3,0,0,0,0,0,0,13055,3866,0,0,6,23,0,0,0,0,0,0,0,0,0,242,0,0,0,0,0,13,0,558,1,0,12,0,0,0,0,0,0,0,0,0,3809,0,17987,16831,5924,1450,1337,42896,546,49,375,69275,28467,12914,0,11,0,0,0,3,0,0,0,0,0,0,0,1,0,0,0,0,0,29,0,0,0,0,0,0,0,0,0,0,0,0,0,0,0,0,8,0,0,0,0,0,0,0,0,32650,0,11,18171,64,0,7046,1183,3,0
WI,55133,26480,0,0,2,15049,7,0,0,20,0,0,2,0,1,5071,0,4,3,149,3,0,0,0,0,0,0,5820,2391,0,0,0,7,0,10,0,0,2,0,0,0,0,18,0,0,0,0,0,36,0,289,0,0,0,0,1,0,0,0,0,0,0,0,17005,0,50013,51409,16356,5421,2214,65976,1191,396,177,60597,23290,22081,0,0,0,0,0,3,0,0,0,0,0,0,0,8,0,0,1,0,0,5,5,0,1,0,0,0,0,0,0,0,0,0,0,0,0,0,64,0,0,0,0,0,0,0,0,26490,0,2,15053,2,0,5080,154,3,0
WI,55135,81580,0,0,43,16229,0,0,0,236,0,0,57,0,50,4241,0,1,127,1113,167,0,0,0,0,0,0,28260,12068,0,0,3,387,832,0,0,0,0,0,0,153,0,216,0,0,0,1,24,0,0,169,0,0,0,0,191,0,0,0,0,0,0,0,9194,0,19577,7678,1611,600,297,148521,7131,2437,97,54892,72758,18361,0,2,0,0,0,0,0,0,0,0,9,0,0,0,0,3,0,0,0,17,1,0,0,0,0,0,0,0,0,19,0,0,0,0,0,2,382,0,0,0,0,0,0,0,0,81598,0,62,16230,57,0,4278,1114,0,0
WI,55137,62056,0,0,10,12761,0,0,0,9106,0,0,275,0,3,4531,0,4,774,177,226,0,0,2,0,0,0,13080,5981,0,0,8,8007,9784,0,0,0,0,0,0,337,0,1804,0,0,0,5,3,0,0,214,0,0,0,0,3251,0,0,0,0,0,0,0,8171,0,16955,4903,564,142,133,124690,21625,2101,435,29220,37007,28639,0,1,877,0,0,0,0,0,0,0,0,0,0,0,0,26,0,0,0,21,3,0,0,0,0,0,0,0,0,1,0,0,0,0,0,0,28,0,0,0,0,0,0,10,0,62080,0,11,12765,275,0,4557,180,0,0
WI,55139,50899,0,0,38,26207,0,0,0,215,0,0,124,0,9,15173,0,171,97,887,1,0,0,0,0,0,0,17534,5440,0,51,14,148,5,0,0,0,0,0,0,0,0,900,0,0,0,2,7,0,0,1349,0,0,0,0,1,0,0,0,0,0,0,0,90664,0,16030,22163,9382,3548,374,13204,86,72,55,44008,9758,41509,0,10,2,0,0,0,0,0,0,0,0,0,0,0,0,9,0,0,0,97,1,0,0,0,0,0,0,0,0,1,0,0,0,0,0,0,115,0,0,0,0,0,0,0,0,50997,0,39,26378,124,0,15442,888,0,0
WI,55141,53592,0,0,167,9263,1,0,0,735,0,0,36,0,90,2379,0,2,1243,409,0,0,0,0,0,0,0,42588,18616,0,0,1,492,413,0,0,0,0,0,5,389,0,19,0,0,0,102,893,0,0,479,0,0,0,0,8,0,0,0,0,0,0,4,11000,0,25231,11440,2671,1356,113,190174,21837,2607,1201,48137,32600,37220,0,8,26,0,0,0,0,0,0,0,0,0,0,0,0,4,0,0,0,3,3,0,0,0,0,0,0,0,0,0,0,0,0,0,0,0,0,0,0,0,0,0,0,490,0,53598,0,167,9265,36,0,2384,412,0,0
WY,56001,1,0,0,1,0,2,0,0,0,0,0,0,0,0,8,0,0,0,33,0,0,0,0,0,0,0,73,51754,0,0,0,0,0,0,0,0,0,0,0,0,0,0,0,0,0,0,0,0,0,0,0,0,0,0,0,0,0,0,0,0,0,0,9212,0,11369,4382,1699,155,2472,9386,393726,89,1928252,302553,14469,27950,0,0,0,0,0,0,0,0,0,0,0,0,0,0,0,0,0,0,0,0,0,0,0,0,0,0,0,0,0,0,0,0,0,0,0,0,0,0,0,0,0,0,0,0,0,1,0,1,0,0,0,8,33,0,0
WY,56003,12777,0,0,152,0,656,0,0,0,0,0,22431,0,574,213,0,0,0,1622,5,0,0,0,0,0,0,37437,13778,0,0,7874,12520,0,0,0,0,0,0,0,0,0,0,0,0,0,0,0,48,0,4433,0,0,0,0,0,0,0,0,0,0,0,0,5928,2,9894,9464,1254,188,17768,218,205130,8,803621,814862,31386,7424,0,7,0,0,0,0,0,0,0,0,0,0,0,0,0,0,0,0,0,0,0,0,0,0,0,0,0,0,0,0,0,0,0,0,0,0,0,0,0,0,0,0,0,0,0,12777,0,152,0,22431,0,213,1622,0,0
WY,56005,8,0,0,53,0,0,0,0,0,0,0,890,0,1856,4878,0,0,0,1606,406,0,0,0,0,0,0,7729,84768,0,0,0,0,0,49,0,0,0,0,0,0,0,0,0,0,0,0,0,0,0,13725,0,0,0,0,0,0,0,0,0,0,0,0,629,0,7763,5433,3223,584,15991,2,69943,0,753123,2092601,7147,377,0,161,0,0,0,0,0,0,0,0,0,0,0,0,0,0,0,0,0,0,0,0,0,0,0,0,0,0,0,0,0,0,0,0,0,0,0,0,0,0,0,0,0,0,0,8,0,53,0,890,0,4878,1606,0,0
WY,56007,0,0,0,0,0,0,0,0,0,0,0,3,0,0,0,0,0,0,6,0,0,0,0,0,0,0,1278,25583,0,0,0,0,0,0,0,0,0,0,0,0,0,0,0,0,0,0,0,0,0,261,0,0,0,0,0,0,0,0,0,0,0,0,18901,0,15992,6395,1006,171,12738,103428,585312,5014,3830028,429714,37197,23907,0,0,0,0,0,0,0,0,0,0,0,0,0,0,0,0,0,0,0,0,0,0,0,0,0,0,0,0,0,0,0,0,0,0,0,0,0,0,0,0,0,0,0,0,0,0,0,0,0,3,0,0,6,0,0
WY,56009,785,0,0,3,0,0,0,0,0,0,0,137,0,338,412,0,0,0,978,39,0,0,0,0,0,0,17496,25071,0,0,0,0,0,0,0,0,0,0,0,0,0,0,0,0,0,0,0,0,0,1713,0,0,0,0,0,0,0,0,0,0,0,0,1925,0,6530,2321,274,11,20039,529,201857,0,816472,1608659,21520,2407,0,114,0,0,0,0,0,0,0,0,0,0,0,0,0,0,0,0,0,0,0,0,0,0,0,0,0,0,0,0,0,0,0,0,0,0,0,0,0,0,0,0,0,0,0,785,0,3,0,137,0,412,978,0,0
WY,56011,82,0,0,430,0,0,0,0,0,0,0,127,0,1454,3336,0,0,0,3577,1108,0,0,0,0,0,0,32203,120992,0,0,0,0,12,0,0,0,0,0,0,0,0,0,0,0,0,0,0,187,0,4131,0,0,0,0,0,0,0,0,0,0,0,0,4907,0,3229,3371,301,19,563,350,456884,136,616373,580474,2395,386,0,54,0,0,0,0,0,0,0,0,0,0,0,0,0,0,0,0,0,0,0,0,0,0,0,0,0,0,0,0,0,0,0,0,0,0,0,0,0,0,0,0,0,0,0,82,0,430,0,127,0,3336,3577,0,0
WY,56013,4996,0,0,25,0,15,0,0,0,0,0,4253,0,73,28,0,0,0,1472,133,0,0,0,0,0,0,51323,32527,0,0,1755,2844,0,0,0,0,0,0,0,0,0,0,0,0,0,0,0,4,0,662,0,0,0,0,0,0,0,0,0,0,0,0,36829,8916,27824,10790,1677,420,54903,13026,693039,3150,3886375,1005308,53722,33946,0,20,0,0,0,0,0,0,0,0,0,0,0,0,0,0,0,0,0,0,0,0,0,0,0,0,0,0,0,0,0,0,0,0,0,0,0,0,0,0,0,0,0,0,0,4996,0,25,0,4253,0,28,1472,0,0
WY,56015,35063,0,0,1476,0,2419,0,0,0,0,0,606,0,219,33282,0,0,0,797,1086,0,0,0,0,0,0,60344,35379,0,0,1540,5686,127,0,0,0,0,0,0,0,0,0,0,0,0,87,0,2,0,27025,0,0,0,0,0,0,0,0,0,0,0,0,1471,0,28275,2635,489,31,7569,27,11178,0,89043,1065786,14060,2774,0,81,0,0,0,0,0,0,0,0,0,0,0,0,0,0,0,0,0,0,0,0,0,0,0,0,0,0,0,1,0,0,0,0,0,0,0,0,0,0,0,0,0,0,0,35063,0,1477,0,606,0,33283,797,0,0
WY,56017,143,0,0,0,0,0,0,0,0,0,0,935,0,31,34,0,0,0,57,1,0,0,0,0,0,0,3508,5550,0,0,27,340,0,0,0,0,0,0,0,0,0,0,0,0,0,0,0,32,0,162,0,0,0,0,0,0,0,0,0,0,0,0,324,0,5044,1646,401,63,2753,256,83831,419,849829,315924,10902,1768,0,0,0,0,0,0,0,0,0,0,0,0,0,0,0,0,0,0,0,0,0,0,0,0,0,0,0,0,0,0,0,0,0,0,0,0,0,0,0,0,0,0,0,0,0,143,0,0,0,935,0,34,57,0,0
WY,56019,512,0,0,0,0,0,0,0,0,0,0,783,0,112,18,0,0,0,393,338,0,0,0,0,0,0,12157,33814,0,0,0,5,0,0,0,0,0,0,0,0,0,0,0,0,0,0,0,0,0,1619,0,0,0,0,0,0,0,0,0,0,0,0,5109,26,6123,3694,377,62,4936,527,382758,31,779636,1414431,23317,960,0,0,0,0,0,0,0,0,0,0,0,0,0,0,0,0,0,0,0,0,0,0,0,0,0,0,0,0,0,0,0,0,0,0,0,0,0,0,0,0,0,0,0,0,0,512,0,0,0,783,0,18,393,0,0
WY,56021,10158,0,0,276,0,4165,0,0,0,0,0,33,0,2,110587,0,0,0,1398,6120,0,0,0,24,0,0,14667,83151,0,0,458,2736,0,0,0,0,0,0,0,0,0,415,0,0,0,0,0,97,0,78647,0,0,0,0,0,0,0,0,0,0,0,0,507,0,42673,10957,5735,1170,2506,18,16617,0,88851,1221982,9373,6024,0,536,0,0,0,0,0,0,0,0,0,0,0,0,0,0,0,0,0,114,0,0,0,0,0,0,0,0,0,73,0,0,0,0,0,0,0,0,0,0,0,0,0,0,0,10272,0,349,0,33,0,110774,1398,0,0
WY,56023,0,0,0,0,0,0,0,0,0,0,0,9110,0,0,0,0,0,0,910,0,0,0,0,0,0,0,27424,57926,0,0,2,1,0,0,0,0,0,0,0,0,0,0,0,0,0,0,0,66,0,1180,0,0,0,0,0,0,0,0,0,0,0,0,7627,0,10747,4882,646,141,15898,24809,597753,6337,1585450,238976,18769,8205,0,0,0,0,0,0,0,0,0,0,0,0,0,0,0,0,0,0,0,0,0,0,0,0,0,0,0,0,0,0,0,0,0,0,0,0,0,0,0,0,0,0,0,0,0,0,0,0,0,9110,0,0,910,0,0
WY,56025,249,0,0,0,0,0,0,0,0,0,0,641,0,0,157,0,0,0,151,0,0,0,0,0,0,0,8957,11608,0,0,0,270,0,0,0,0,0,0,0,0,0,0,0,0,0,0,0,0,0,1609,0,0,0,0,0,0,0,0,0,0,0,0,8410,0,19117,9962,4457,584,31367,419,112150,1,2289364,918073,13620,9246,0,0,0,0,0,0,0,0,0,0,0,0,0,0,0,0,0,0,0,0,0,0,0,0,0,0,0,0,0,0,0,0,0,0,0,0,0,0,0,0,0,0,0,0,0,249,0,0,0,641,0,157,151,0,0
WY,56027,136,0,0,4,0,0,0,0,0,0,0,149,0,132,990,0,0,0,1164,439,0,0,0,0,0,0,15630,31189,0,0,0,0,441,0,0,0,0,0,0,0,0,0,0,0,0,0,0,0,0,5340,0,0,0,0,0,0,0,0,0,0,0,0,131,0,5146,1754,195,5,12260,1,37857,24,305146,1237361,24092,2232,0,10,0,0,0,0,0,0,0,0,0,0,0,0,0,0,0,0,0,0,0,0,0,0,0,0,0,0,0,0,0,0,0,0,0,0,0,0,0,0,0,0,0,0,0,136,0,4,0,149,0,990,1164,0,0
WY,56029,5782,0,0,1,0,1410,0,0,9,0,0,23717,0,764,230,0,0,0,406,0,0,0,0,0,0,0,33715,8229,0,0,10813,9863,0,0,0,0,0,0,0,0,0,0,0,0,0,0,0,1170,0,1000,0,0,0,0,0,0,0,0,0,0,0,0,16031,4172,13532,8788,1914,385,98228,2144,1301487,2320,1989649,884444,18655,20326,0,110,0,0,0,0,0,0,0,0,0,0,0,0,0,0,0,0,18,0,0,0,0,0,0,0,0,0,0,0,0,0,0,0,0,0,0,0,0,0,0,0,0,0,0,5782,0,1,0,23717,0,230,406,0,0
WY,56031,13322,0,0,503,0,70,0,0,0,0,0,1662,0,182,13615,0,0,0,906,2328,0,0,0,0,0,0,19603,30223,0,0,1494,366,0,0,0,0,0,0,0,0,0,0,0,0,0,0,0,0,0,7746,0,0,0,0,0,0,0,0,0,0,0,0,7963,0,13766,2866,381,18,7141,1,64044,0,409000,721443,24996,4631,0,2689,0,0,0,0,0,0,0,0,0,0,0,0,0,0,0,0,0,0,0,0,0,0,0,0,0,0,0,2,0,0,0,0,0,0,0,0,0,0,0,0,0,0,0,13322,0,505,0,1662,0,13617,906,0,0
WY,56033,1475,0,0,30,0,0,0,0,0,0,0,1537,0,411,117,0,0,0,773,836,0,26,0,0,0,0,28631,44459,0,0,3,7,0,1,0,0,0,0,0,0,0,0,0,0,0,0,0,0,0,1581,0,0,0,0,0,0,0,0,0,0,0,0,745,0,10487,4261,1401,379,362,7806,326015,44,463298,680132,41118,1327,0,0,0,0,0,0,0,0,0,0,0,0,0,0,0,0,0,0,0,0,0,0,7,0,0,0,0,0,0,0,0,0,0,0,0,0,0,0,0,0,0,0,0,0,0,1475,0,30,0,1537,0,117,773,0,0
WY,56035,0,0,0,0,0,0,0,0,0,0,0,9,0,0,0,0,0,0,0,0,0,0,0,0,0,0,199,67825,0,0,1,0,0,0,0,0,0,0,0,0,0,0,0,0,0,0,0,0,0,5,0,0,0,0,0,0,0,0,0,0,0,0,25505,2841,7685,2370,306,45,21603,32712,609976,2642,2028826,279577,38179,38514,0,0,0,0,0,0,0,0,0,0,0,0,0,0,0,0,0,0,0,0,0,0,0,0,0,0,0,0,0,0,0,0,0,0,0,0,0,0,0,0,0,0,0,0,0,0,0,0,0,9,0,0,0,0,0
WY,56037,0,0,0,0,0,0,0,0,0,0,0,794,0,4,0,0,0,0,26,0,0,0,0,0,0,0,7568,10399,0,0,12,0,0,0,0,0,0,0,0,0,0,0,0,0,0,0,0,0,0,3,0,0,0,0,0,0,0,0,0,0,0,0,27193,0,12850,10319,4525,756,53312,1685,18872,299,6389819,158892,11775,5158,0,0,0,0,0,0,0,0,0,0,0,0,0,0,0,0,0,0,0,0,0,0,0,0,0,0,0,0,0,0,0,0,0,0,0,0,0,0,0,0,0,0,0,0,0,0,0,0,0,794,0,0,26,0,0
WY,56039,0,0,0,0,0,0,0,0,0,0,0,1490,0,0,0,0,0,0,2,0,0,0,0,0,0,0,1275,977,0,0,0,0,0,0,0,0,0,0,0,0,0,0,0,0,0,0,0,3,0,2,0,0,0,0,0,0,0,0,0,0,0,0,134344,989,10290,1624,279,34,14150,7759,1365278,2810,872452,237109,29995,21599,0,0,0,0,0,0,0,0,0,0,0,0,0,0,0,0,0,0,0,0,0,0,0,0,0,0,0,0,0,0,0,0,0,0,0,0,0,0,0,0,0,0,0,0,0,0,0,0,0,1490,0,0,2,0,0
WY,56041,0,0,0,0,0,0,0,0,0,0,0,1,0,0,0,0,0,0,2,0,0,0,0,0,0,0,1628,40891,0,0,7,0,0,0,0,0,0,0,0,0,0,0,0,0,0,0,0,0,0,129,0,0,0,0,0,0,0,0,0,0,0,0,3114,0,6950,6461,1384,283,3642,34500,69292,4992,990353,142215,13218,16967,0,0,0,0,0,0,0,0,0,0,0,0,0,0,0,0,0,0,0,0,0,0,0,0,0,0,0,0,0,0,0,0,0,0,0,0,0,0,0,0,0,0,0,0,0,0,0,0,0,1,0,0,2,0,0
WY,56043,5599,0,0,1,0,0,0,0,0,0,0,15073,0,282,5,0,0,0,296,4,0,0,0,0,0,0,9130,4061,0,0,6926,1064,0,0,0,0,0,0,0,0,0,0,0,0,0,0,0,3,0,374,0,0,0,0,0,0,0,0,0,0,0,0,487,0,4183,3363,673,133,6699,18,78159,2,837745,449778,10441,844,0,0,0,0,0,0,0,0,0,0,0,0,0,0,0,0,0,0,0,0,0,0,0,0,0,0,0,0,0,0,0,0,0,0,0,0,0,0,0,0,0,0,0,0,0,5599,0,1,0,15073,0,5,296,0,0
WY,56045,449,0,0,4,0,0,0,0,0,0,0,105,0,1060,506,0,0,0,1078,124,0,0,0,0,0,0,21173,20487,0,0,0,0,0,0,0,0,0,0,0,0,0,0,0,0,0,0,0,3,0,1485,0,0,0,0,0,0,0,0,0,0,0,0,371,0,3549,2761,259,23,2176,14,144534,2,485068,844273,6294,212,0,2,0,0,0,0,0,0,0,0,0,0,0,0,0,0,0,0,0,0,0,0,0,0,0,0,0,0,0,0,0,0,0,0,0,0,0,0,0,0,0,0,0,0,0,449,0,4,0,105,0,506,1078,0,0
